  4.90045E+06  1.28910E-12
  4.90085E+06  1.42289E-12
  4.90125E+06  1.55847E-12
  4.90165E+06  1.69155E-12
  4.90205E+06  1.82234E-12
  4.90245E+06  1.95224E-12
  4.90285E+06  2.07704E-12
  4.90325E+06  2.19249E-12
  4.90365E+06  2.29949E-12
  4.90405E+06  2.39695E-12
  4.90445E+06  2.48744E-12
  4.90485E+06  2.56813E-12
  4.90525E+06  2.63924E-12
  4.90565E+06  2.69874E-12
  4.90605E+06  2.74951E-12
  4.90645E+06  2.79264E-12
  4.90685E+06  2.83247E-12
  4.90725E+06  2.86540E-12
  4.90765E+06  2.89519E-12
  4.90805E+06  2.92336E-12
  4.90845E+06  2.95126E-12
  4.90885E+06  2.98005E-12
  4.90925E+06  3.01343E-12
  4.90965E+06  3.04988E-12
  4.91005E+06  3.08736E-12
  4.91045E+06  3.12768E-12
  4.91085E+06  3.17033E-12
  4.91125E+06  3.21733E-12
  4.91165E+06  3.26288E-12
  4.91205E+06  3.30776E-12
  4.91245E+06  3.35051E-12
  4.91285E+06  3.39574E-12
  4.91325E+06  3.43464E-12
  4.91365E+06  3.46571E-12
  4.91405E+06  3.48993E-12
  4.91445E+06  3.51304E-12
  4.91485E+06  3.52351E-12
  4.91525E+06  3.52415E-12
  4.91565E+06  3.51947E-12
  4.91605E+06  3.50737E-12
  4.91645E+06  3.49194E-12
  4.91685E+06  3.46875E-12
  4.91725E+06  3.44240E-12
  4.91765E+06  3.40983E-12
  4.91805E+06  3.37920E-12
  4.91845E+06  3.35152E-12
  4.91885E+06  3.32522E-12
  4.91925E+06  3.29968E-12
  4.91965E+06  3.28029E-12
  4.92005E+06  3.26518E-12
  4.92045E+06  3.25473E-12
  4.92085E+06  3.25203E-12
  4.92125E+06  3.24975E-12
  4.92165E+06  3.25385E-12
  4.92205E+06  3.26074E-12
  4.92245E+06  3.26677E-12
  4.92285E+06  3.27599E-12
  4.92325E+06  3.28352E-12
  4.92365E+06  3.29032E-12
  4.92405E+06  3.29040E-12
  4.92445E+06  3.28412E-12
  4.92485E+06  3.27006E-12
  4.92525E+06  3.25273E-12
  4.92565E+06  3.21769E-12
  4.92605E+06  3.17583E-12
  4.92645E+06  3.12410E-12
  4.92685E+06  3.06532E-12
  4.92725E+06  2.99976E-12
  4.92765E+06  2.92169E-12
  4.92805E+06  2.83703E-12
  4.92845E+06  2.75627E-12
  4.92885E+06  2.66726E-12
  4.92925E+06  2.57688E-12
  4.92965E+06  2.49037E-12
  4.93005E+06  2.40360E-12
  4.93045E+06  2.32230E-12
  4.93085E+06  2.25394E-12
  4.93125E+06  2.19194E-12
  4.93165E+06  2.14007E-12
  4.93205E+06  2.09733E-12
  4.93245E+06  2.07301E-12
  4.93285E+06  2.06221E-12
  4.93325E+06  2.06542E-12
  4.93365E+06  2.08278E-12
  4.93405E+06  2.11174E-12
  4.93445E+06  2.15781E-12
  4.93485E+06  2.21473E-12
  4.93525E+06  2.28122E-12
  4.93565E+06  2.36053E-12
  4.93605E+06  2.44877E-12
  4.93645E+06  2.54541E-12
  4.93685E+06  2.65209E-12
  4.93725E+06  2.76139E-12
  4.93765E+06  2.87412E-12
  4.93805E+06  2.98433E-12
  4.93845E+06  3.09836E-12
  4.93885E+06  3.21426E-12
  4.93925E+06  3.32745E-12
  4.93965E+06  3.43252E-12
  4.94005E+06  3.53768E-12
  4.94045E+06  3.63611E-12
  4.94085E+06  3.72668E-12
  4.94125E+06  3.81110E-12
  4.94165E+06  3.88151E-12
  4.94205E+06  3.94366E-12
  4.94245E+06  3.99465E-12
  4.94285E+06  4.03670E-12
  4.94325E+06  4.06314E-12
  4.94365E+06  4.07567E-12
  4.94405E+06  4.07386E-12
  4.94445E+06  4.05746E-12
  4.94485E+06  4.02640E-12
  4.94525E+06  3.98370E-12
  4.94565E+06  3.92509E-12
  4.94605E+06  3.85113E-12
  4.94645E+06  3.76794E-12
  4.94685E+06  3.67374E-12
  4.94725E+06  3.57008E-12
  4.94765E+06  3.45866E-12
  4.94805E+06  3.34133E-12
  4.94845E+06  3.22002E-12
  4.94885E+06  3.09668E-12
  4.94925E+06  2.97126E-12
  4.94965E+06  2.84988E-12
  4.95005E+06  2.73151E-12
  4.95045E+06  2.61261E-12
  4.95085E+06  2.50525E-12
  4.95125E+06  2.40359E-12
  4.95165E+06  2.30805E-12
  4.95205E+06  2.21869E-12
  4.95245E+06  2.13280E-12
  4.95285E+06  2.05840E-12
  4.95325E+06  1.98640E-12
  4.95365E+06  1.91400E-12
  4.95405E+06  1.84973E-12
  4.95445E+06  1.78699E-12
  4.95485E+06  1.72494E-12
  4.95525E+06  1.66180E-12
  4.95565E+06  1.60365E-12
  4.95605E+06  1.54044E-12
  4.95645E+06  1.48248E-12
  4.95685E+06  1.42148E-12
  4.95725E+06  1.36323E-12
  4.95765E+06  1.30171E-12
  4.95805E+06  1.24242E-12
  4.95845E+06  1.18967E-12
  4.95885E+06  1.14170E-12
  4.95925E+06  1.09712E-12
  4.95965E+06  1.06012E-12
  4.96005E+06  1.03451E-12
  4.96045E+06  1.01782E-12
  4.96085E+06  1.01112E-12
  4.96125E+06  1.01805E-12
  4.96165E+06  1.03240E-12
  4.96205E+06  1.05899E-12
  4.96245E+06  1.10008E-12
  4.96285E+06  1.15231E-12
  4.96325E+06  1.21505E-12
  4.96365E+06  1.28996E-12
  4.96405E+06  1.37143E-12
  4.96445E+06  1.45991E-12
  4.96485E+06  1.55367E-12
  4.96525E+06  1.65369E-12
  4.96565E+06  1.75590E-12
  4.96605E+06  1.85605E-12
  4.96645E+06  1.95167E-12
  4.96685E+06  2.04641E-12
  4.96725E+06  2.13526E-12
  4.96765E+06  2.21724E-12
  4.96805E+06  2.28919E-12
  4.96845E+06  2.35436E-12
  4.96885E+06  2.41209E-12
  4.96925E+06  2.45700E-12
  4.96965E+06  2.49131E-12
  4.97005E+06  2.51532E-12
  4.97045E+06  2.53046E-12
  4.97085E+06  2.54366E-12
  4.97125E+06  2.54500E-12
  4.97165E+06  2.54292E-12
  4.97205E+06  2.53451E-12
  4.97245E+06  2.52647E-12
  4.97285E+06  2.51788E-12
  4.97325E+06  2.50759E-12
  4.97365E+06  2.50189E-12
  4.97405E+06  2.49776E-12
  4.97445E+06  2.49826E-12
  4.97485E+06  2.50434E-12
  4.97525E+06  2.51674E-12
  4.97565E+06  2.53595E-12
  4.97605E+06  2.56222E-12
  4.97645E+06  2.59883E-12
  4.97685E+06  2.64006E-12
  4.97725E+06  2.68789E-12
  4.97765E+06  2.74425E-12
  4.97805E+06  2.80167E-12
  4.97845E+06  2.86944E-12
  4.97885E+06  2.94393E-12
  4.97925E+06  3.01901E-12
  4.97965E+06  3.10106E-12
  4.98005E+06  3.17788E-12
  4.98045E+06  3.26481E-12
  4.98085E+06  3.35356E-12
  4.98125E+06  3.43556E-12
  4.98165E+06  3.51739E-12
  4.98205E+06  3.59886E-12
  4.98245E+06  3.67693E-12
  4.98285E+06  3.75772E-12
  4.98325E+06  3.83887E-12
  4.98365E+06  3.91950E-12
  4.98405E+06  4.00575E-12
  4.98445E+06  4.09966E-12
  4.98485E+06  4.19741E-12
  4.98525E+06  4.30111E-12
  4.98565E+06  4.41918E-12
  4.98605E+06  4.54577E-12
  4.98645E+06  4.68105E-12
  4.98685E+06  4.83061E-12
  4.98725E+06  4.99056E-12
  4.98765E+06  5.15952E-12
  4.98805E+06  5.33527E-12
  4.98845E+06  5.51809E-12
  4.98885E+06  5.69873E-12
  4.98925E+06  5.87334E-12
  4.98965E+06  6.04143E-12
  4.99005E+06  6.19528E-12
  4.99045E+06  6.33389E-12
  4.99085E+06  6.45295E-12
  4.99125E+06  6.54606E-12
  4.99165E+06  6.61491E-12
  4.99205E+06  6.64321E-12
  4.99245E+06  6.64394E-12
  4.99285E+06  6.60913E-12
  4.99325E+06  6.53794E-12
  4.99365E+06  6.43956E-12
  4.99405E+06  6.31292E-12
  4.99445E+06  6.16798E-12
  4.99485E+06  6.01044E-12
  4.99525E+06  5.84155E-12
  4.99565E+06  5.67077E-12
  4.99605E+06  5.50067E-12
  4.99645E+06  5.35034E-12
  4.99685E+06  5.21420E-12
  4.99725E+06  5.09800E-12
  4.99765E+06  5.01081E-12
  4.99805E+06  4.95114E-12
  4.99845E+06  4.92489E-12
  4.99885E+06  4.92933E-12
  4.99925E+06  4.96143E-12
  4.99965E+06  5.02573E-12
  5.00005E+06  5.11162E-12
  5.00045E+06  5.21962E-12
  5.00085E+06  5.33874E-12
  5.00125E+06  5.46815E-12
  5.00165E+06  5.59733E-12
  5.00205E+06  5.72237E-12
  5.00245E+06  5.83631E-12
  5.00285E+06  5.93359E-12
  5.00325E+06  6.00748E-12
  5.00365E+06  6.05896E-12
  5.00405E+06  6.07847E-12
  5.00445E+06  6.07455E-12
  5.00485E+06  6.04070E-12
  5.00525E+06  5.97105E-12
  5.00565E+06  5.87480E-12
  5.00605E+06  5.75463E-12
  5.00645E+06  5.61767E-12
  5.00685E+06  5.46446E-12
  5.00725E+06  5.29433E-12
  5.00765E+06  5.11617E-12
  5.00805E+06  4.93182E-12
  5.00845E+06  4.74539E-12
  5.00885E+06  4.56053E-12
  5.00925E+06  4.38035E-12
  5.00965E+06  4.20520E-12
  5.01005E+06  4.04158E-12
  5.01045E+06  3.89442E-12
  5.01085E+06  3.75634E-12
  5.01125E+06  3.62808E-12
  5.01165E+06  3.51908E-12
  5.01205E+06  3.41514E-12
  5.01245E+06  3.34435E-12
  5.01285E+06  3.28898E-12
  5.01325E+06  3.25001E-12
  5.01365E+06  3.22159E-12
  5.01405E+06  3.20217E-12
  5.01445E+06  3.20336E-12
  5.01485E+06  3.22474E-12
  5.01525E+06  3.26909E-12
  5.01565E+06  3.34073E-12
  5.01605E+06  3.43720E-12
  5.01645E+06  3.57205E-12
  5.01685E+06  3.75497E-12
  5.01725E+06  3.97865E-12
  5.01765E+06  4.24872E-12
  5.01805E+06  4.56948E-12
  5.01845E+06  4.97814E-12
  5.01885E+06  5.44929E-12
  5.01925E+06  5.98880E-12
  5.01965E+06  6.57032E-12
  5.02005E+06  7.20919E-12
  5.02045E+06  7.91324E-12
  5.02085E+06  8.66990E-12
  5.02125E+06  9.47690E-12
  5.02165E+06  1.03248E-11
  5.02205E+06  1.12095E-11
  5.02245E+06  1.21187E-11
  5.02285E+06  1.30422E-11
  5.02325E+06  1.39672E-11
  5.02365E+06  1.48868E-11
  5.02405E+06  1.57874E-11
  5.02445E+06  1.66577E-11
  5.02485E+06  1.74872E-11
  5.02525E+06  1.82667E-11
  5.02565E+06  1.89843E-11
  5.02605E+06  1.96355E-11
  5.02645E+06  2.02072E-11
  5.02685E+06  2.06978E-11
  5.02725E+06  2.10956E-11
  5.02765E+06  2.13995E-11
  5.02805E+06  2.16019E-11
  5.02845E+06  2.16990E-11
  5.02885E+06  2.16877E-11
  5.02925E+06  2.15641E-11
  5.02965E+06  2.13295E-11
  5.03005E+06  2.09869E-11
  5.03045E+06  2.05356E-11
  5.03085E+06  1.99794E-11
  5.03125E+06  1.93222E-11
  5.03165E+06  1.85758E-11
  5.03205E+06  1.77468E-11
  5.03245E+06  1.68494E-11
  5.03285E+06  1.58906E-11
  5.03325E+06  1.48888E-11
  5.03365E+06  1.38564E-11
  5.03405E+06  1.28057E-11
  5.03445E+06  1.17532E-11
  5.03485E+06  1.07158E-11
  5.03525E+06  9.70467E-12
  5.03565E+06  8.72498E-12
  5.03605E+06  7.79649E-12
  5.03645E+06  6.92829E-12
  5.03685E+06  6.12432E-12
  5.03725E+06  5.38304E-12
  5.03765E+06  4.70889E-12
  5.03805E+06  4.10857E-12
  5.03845E+06  3.58317E-12
  5.03885E+06  3.15204E-12
  5.03925E+06  2.77552E-12
  5.03965E+06  2.47526E-12
  5.04005E+06  2.23265E-12
  5.04045E+06  2.04520E-12
  5.04085E+06  1.91373E-12
  5.04125E+06  1.81918E-12
  5.04165E+06  1.76766E-12
  5.04205E+06  1.75125E-12
  5.04245E+06  1.75987E-12
  5.04285E+06  1.80475E-12
  5.04325E+06  1.86917E-12
  5.04365E+06  1.93039E-12
  5.04405E+06  2.00431E-12
  5.04445E+06  2.08552E-12
  5.04485E+06  2.20143E-12
  5.04525E+06  2.31179E-12
  5.04565E+06  2.41693E-12
  5.04605E+06  2.51723E-12
  5.04645E+06  2.60591E-12
  5.04685E+06  2.69025E-12
  5.04725E+06  2.76090E-12
  5.04765E+06  2.81944E-12
  5.04805E+06  2.86547E-12
  5.04845E+06  2.90213E-12
  5.04885E+06  2.92711E-12
  5.04925E+06  2.94103E-12
  5.04965E+06  2.94207E-12
  5.05005E+06  2.93320E-12
  5.05045E+06  2.91299E-12
  5.05085E+06  2.88809E-12
  5.05125E+06  2.85641E-12
  5.05165E+06  2.81920E-12
  5.05205E+06  2.77771E-12
  5.05245E+06  2.73310E-12
  5.05285E+06  2.68957E-12
  5.05325E+06  2.64307E-12
  5.05365E+06  2.60207E-12
  5.05405E+06  2.55876E-12
  5.05445E+06  2.51777E-12
  5.05485E+06  2.47975E-12
  5.05525E+06  2.44523E-12
  5.05565E+06  2.41456E-12
  5.05605E+06  2.38791E-12
  5.05645E+06  2.36534E-12
  5.05685E+06  2.34670E-12
  5.05725E+06  2.33456E-12
  5.05765E+06  2.32174E-12
  5.05805E+06  2.31457E-12
  5.05845E+06  2.31055E-12
  5.05885E+06  2.30913E-12
  5.05925E+06  2.31263E-12
  5.05965E+06  2.32075E-12
  5.06005E+06  2.32370E-12
  5.06045E+06  2.33103E-12
  5.06085E+06  2.33956E-12
  5.06125E+06  2.34847E-12
  5.06165E+06  2.35580E-12
  5.06205E+06  2.36650E-12
  5.06245E+06  2.38136E-12
  5.06285E+06  2.39535E-12
  5.06325E+06  2.40948E-12
  5.06365E+06  2.43129E-12
  5.06405E+06  2.45215E-12
  5.06445E+06  2.47964E-12
  5.06485E+06  2.51430E-12
  5.06525E+06  2.54951E-12
  5.06565E+06  2.59216E-12
  5.06605E+06  2.63748E-12
  5.06645E+06  2.69043E-12
  5.06685E+06  2.75066E-12
  5.06725E+06  2.81529E-12
  5.06765E+06  2.88106E-12
  5.06805E+06  2.94896E-12
  5.06845E+06  3.03512E-12
  5.06885E+06  3.11692E-12
  5.06925E+06  3.19812E-12
  5.06965E+06  3.29034E-12
  5.07005E+06  3.37269E-12
  5.07045E+06  3.47419E-12
  5.07085E+06  3.58644E-12
  5.07125E+06  3.72672E-12
  5.07165E+06  3.89170E-12
  5.07205E+06  4.03547E-12
  5.07245E+06  4.26839E-12
  5.07285E+06  4.50194E-12
  5.07325E+06  4.77038E-12
  5.07365E+06  5.07971E-12
  5.07405E+06  5.44799E-12
  5.07445E+06  5.88816E-12
  5.07485E+06  6.41006E-12
  5.07525E+06  7.02010E-12
  5.07565E+06  7.72971E-12
  5.07605E+06  8.53960E-12
  5.07645E+06  9.45904E-12
  5.07685E+06  1.04910E-11
  5.07725E+06  1.16466E-11
  5.07765E+06  1.29037E-11
  5.07805E+06  1.42610E-11
  5.07845E+06  1.57124E-11
  5.07885E+06  1.72391E-11
  5.07925E+06  1.88178E-11
  5.07965E+06  2.04333E-11
  5.08005E+06  2.20535E-11
  5.08045E+06  2.36484E-11
  5.08085E+06  2.51892E-11
  5.08125E+06  2.66379E-11
  5.08165E+06  2.79668E-11
  5.08205E+06  2.91402E-11
  5.08245E+06  3.01288E-11
  5.08285E+06  3.09131E-11
  5.08325E+06  3.14723E-11
  5.08365E+06  3.17849E-11
  5.08405E+06  3.18492E-11
  5.08445E+06  3.16556E-11
  5.08485E+06  3.12199E-11
  5.08525E+06  3.05429E-11
  5.08565E+06  2.96483E-11
  5.08605E+06  2.85578E-11
  5.08645E+06  2.72952E-11
  5.08685E+06  2.58900E-11
  5.08725E+06  2.43738E-11
  5.08765E+06  2.27766E-11
  5.08805E+06  2.11349E-11
  5.08845E+06  1.94762E-11
  5.08885E+06  1.78315E-11
  5.08925E+06  1.62217E-11
  5.08965E+06  1.46698E-11
  5.09005E+06  1.31909E-11
  5.09045E+06  1.18067E-11
  5.09085E+06  1.05216E-11
  5.09125E+06  9.33887E-12
  5.09165E+06  8.26364E-12
  5.09205E+06  7.29348E-12
  5.09245E+06  6.42852E-12
  5.09285E+06  5.66682E-12
  5.09325E+06  5.01062E-12
  5.09365E+06  4.42725E-12
  5.09405E+06  3.93313E-12
  5.09445E+06  3.52674E-12
  5.09485E+06  3.21810E-12
  5.09525E+06  2.96735E-12
  5.09565E+06  2.83043E-12
  5.09605E+06  2.70092E-12
  5.09645E+06  2.70493E-12
  5.09685E+06  2.83576E-12
  5.09725E+06  3.03223E-12
  5.09765E+06  3.29784E-12
  5.09805E+06  3.67176E-12
  5.09845E+06  4.17874E-12
  5.09885E+06  4.80360E-12
  5.09925E+06  5.56634E-12
  5.09965E+06  6.48047E-12
  5.10005E+06  7.55656E-12
  5.10045E+06  8.81199E-12
  5.10085E+06  1.02611E-11
  5.10125E+06  1.19088E-11
  5.10165E+06  1.37672E-11
  5.10205E+06  1.58297E-11
  5.10245E+06  1.80841E-11
  5.10285E+06  2.05415E-11
  5.10325E+06  2.31707E-11
  5.10365E+06  2.59464E-11
  5.10405E+06  2.88357E-11
  5.10445E+06  3.17981E-11
  5.10485E+06  3.47864E-11
  5.10525E+06  3.77502E-11
  5.10565E+06  4.06300E-11
  5.10605E+06  4.33610E-11
  5.10645E+06  4.58928E-11
  5.10685E+06  4.81576E-11
  5.10725E+06  5.01003E-11
  5.10765E+06  5.16762E-11
  5.10805E+06  5.28414E-11
  5.10845E+06  5.35624E-11
  5.10885E+06  5.38250E-11
  5.10925E+06  5.36186E-11
  5.10965E+06  5.29483E-11
  5.11005E+06  5.18319E-11
  5.11045E+06  5.03021E-11
  5.11085E+06  4.83962E-11
  5.11125E+06  4.61658E-11
  5.11165E+06  4.36588E-11
  5.11205E+06  4.09391E-11
  5.11245E+06  3.80684E-11
  5.11285E+06  3.51079E-11
  5.11325E+06  3.21225E-11
  5.11365E+06  2.91576E-11
  5.11405E+06  2.62641E-11
  5.11445E+06  2.34870E-11
  5.11485E+06  2.08636E-11
  5.11525E+06  1.84201E-11
  5.11565E+06  1.61714E-11
  5.11605E+06  1.41293E-11
  5.11645E+06  1.23027E-11
  5.11685E+06  1.06935E-11
  5.11725E+06  9.28534E-12
  5.11765E+06  8.07251E-12
  5.11805E+06  7.04180E-12
  5.11845E+06  6.16821E-12
  5.11885E+06  5.45729E-12
  5.11925E+06  4.87802E-12
  5.11965E+06  4.40940E-12
  5.12005E+06  4.02640E-12
  5.12045E+06  3.73791E-12
  5.12085E+06  3.54659E-12
  5.12125E+06  3.35643E-12
  5.12165E+06  3.22520E-12
  5.12205E+06  3.13775E-12
  5.12245E+06  3.07465E-12
  5.12285E+06  3.10954E-12
  5.12325E+06  3.11776E-12
  5.12365E+06  3.15210E-12
  5.12405E+06  3.19532E-12
  5.12445E+06  3.22965E-12
  5.12485E+06  3.25959E-12
  5.12525E+06  3.27717E-12
  5.12565E+06  3.29045E-12
  5.12605E+06  3.29375E-12
  5.12645E+06  3.29424E-12
  5.12685E+06  3.28092E-12
  5.12725E+06  3.25611E-12
  5.12765E+06  3.22460E-12
  5.12805E+06  3.18436E-12
  5.12845E+06  3.13942E-12
  5.12885E+06  3.08518E-12
  5.12925E+06  3.02789E-12
  5.12965E+06  2.96398E-12
  5.13005E+06  2.89673E-12
  5.13045E+06  2.82826E-12
  5.13085E+06  2.76295E-12
  5.13125E+06  2.69432E-12
  5.13165E+06  2.63355E-12
  5.13205E+06  2.57546E-12
  5.13245E+06  2.52576E-12
  5.13285E+06  2.48332E-12
  5.13325E+06  2.44671E-12
  5.13365E+06  2.42187E-12
  5.13405E+06  2.40536E-12
  5.13445E+06  2.39979E-12
  5.13485E+06  2.40564E-12
  5.13525E+06  2.42312E-12
  5.13565E+06  2.45009E-12
  5.13605E+06  2.48867E-12
  5.13645E+06  2.53571E-12
  5.13685E+06  2.59835E-12
  5.13725E+06  2.66896E-12
  5.13765E+06  2.74888E-12
  5.13805E+06  2.83220E-12
  5.13845E+06  2.92415E-12
  5.13885E+06  3.01748E-12
  5.13925E+06  3.11111E-12
  5.13965E+06  3.20320E-12
  5.14005E+06  3.29189E-12
  5.14045E+06  3.37290E-12
  5.14085E+06  3.45000E-12
  5.14125E+06  3.51642E-12
  5.14165E+06  3.57510E-12
  5.14205E+06  3.61778E-12
  5.14245E+06  3.65377E-12
  5.14285E+06  3.68251E-12
  5.14325E+06  3.69645E-12
  5.14365E+06  3.69554E-12
  5.14405E+06  3.68232E-12
  5.14445E+06  3.65513E-12
  5.14485E+06  3.62050E-12
  5.14525E+06  3.57922E-12
  5.14565E+06  3.52594E-12
  5.14605E+06  3.46902E-12
  5.14645E+06  3.40723E-12
  5.14685E+06  3.34523E-12
  5.14725E+06  3.27941E-12
  5.14765E+06  3.21135E-12
  5.14805E+06  3.14696E-12
  5.14845E+06  3.08444E-12
  5.14885E+06  3.02455E-12
  5.14925E+06  2.97349E-12
  5.14965E+06  2.92483E-12
  5.15005E+06  2.87857E-12
  5.15045E+06  2.83998E-12
  5.15085E+06  2.80350E-12
  5.15125E+06  2.77141E-12
  5.15165E+06  2.73986E-12
  5.15205E+06  2.71842E-12
  5.15245E+06  2.70038E-12
  5.15285E+06  2.68864E-12
  5.15325E+06  2.67798E-12
  5.15365E+06  2.67108E-12
  5.15405E+06  2.66824E-12
  5.15445E+06  2.66610E-12
  5.15485E+06  2.67016E-12
  5.15525E+06  2.67715E-12
  5.15565E+06  2.68758E-12
  5.15605E+06  2.69955E-12
  5.15645E+06  2.72048E-12
  5.15685E+06  2.75094E-12
  5.15725E+06  2.77705E-12
  5.15765E+06  2.81535E-12
  5.15805E+06  2.85216E-12
  5.15845E+06  2.91214E-12
  5.15885E+06  2.99864E-12
  5.15925E+06  3.11484E-12
  5.15965E+06  3.31122E-12
  5.16005E+06  3.45857E-12
  5.16045E+06  3.89215E-12
  5.16085E+06  4.60461E-12
  5.16125E+06  5.70451E-12
  5.16165E+06  7.52957E-12
  5.16205E+06  8.92971E-12
  5.16245E+06  1.28385E-11
  5.16285E+06  1.90452E-11
  5.16325E+06  2.85512E-11
  5.16365E+06  4.25897E-11
  5.16405E+06  5.44757E-11
  5.16445E+06  8.01594E-11
  5.16485E+06  1.15326E-10
  5.16525E+06  1.58474E-10
  5.16565E+06  2.06751E-10
  5.16605E+06  2.62119E-10
  5.16645E+06  3.31309E-10
  5.16685E+06  4.14085E-10
  5.16725E+06  5.13227E-10
  5.16765E+06  6.30948E-10
  5.16805E+06  7.69239E-10
  5.16845E+06  9.30135E-10
  5.16885E+06  1.11528E-09
  5.16925E+06  1.32599E-09
  5.16965E+06  1.56310E-09
  5.17005E+06  1.82686E-09
  5.17045E+06  2.11681E-09
  5.17085E+06  2.43160E-09
  5.17125E+06  2.76899E-09
  5.17165E+06  3.12572E-09
  5.17205E+06  3.49756E-09
  5.17245E+06  3.87933E-09
  5.17285E+06  4.26491E-09
  5.17325E+06  4.64743E-09
  5.17365E+06  5.01944E-09
  5.17405E+06  5.37309E-09
  5.17445E+06  5.70051E-09
  5.17485E+06  5.99396E-09
  5.17525E+06  6.24621E-09
  5.17565E+06  6.45079E-09
  5.17605E+06  6.60231E-09
  5.17645E+06  6.69668E-09
  5.17685E+06  6.73130E-09
  5.17725E+06  6.70515E-09
  5.17765E+06  6.61886E-09
  5.17805E+06  6.47466E-09
  5.17845E+06  6.27645E-09
  5.17885E+06  6.02933E-09
  5.17925E+06  5.73961E-09
  5.17965E+06  5.41446E-09
  5.18005E+06  5.06164E-09
  5.18045E+06  4.68924E-09
  5.18085E+06  4.30523E-09
  5.18125E+06  3.91729E-09
  5.18165E+06  3.53261E-09
  5.18205E+06  3.15752E-09
  5.18245E+06  2.79759E-09
  5.18285E+06  2.45731E-09
  5.18325E+06  2.14010E-09
  5.18365E+06  1.84838E-09
  5.18405E+06  1.58361E-09
  5.18445E+06  1.34638E-09
  5.18485E+06  1.13648E-09
  5.18525E+06  9.52933E-10
  5.18565E+06  7.94349E-10
  5.18605E+06  6.58848E-10
  5.18645E+06  5.44402E-10
  5.18685E+06  4.49556E-10
  5.18725E+06  3.70671E-10
  5.18765E+06  3.05852E-10
  5.18805E+06  2.52721E-10
  5.18845E+06  2.08967E-10
  5.18885E+06  1.78772E-10
  5.18925E+06  1.50576E-10
  5.18965E+06  1.26935E-10
  5.19005E+06  1.06376E-10
  5.19045E+06  9.10604E-11
  5.19085E+06  8.91945E-11
  5.19125E+06  8.42569E-11
  5.19165E+06  8.29858E-11
  5.19205E+06  8.25594E-11
  5.19245E+06  8.20797E-11
  5.19285E+06  8.14493E-11
  5.19325E+06  8.05050E-11
  5.19365E+06  7.93500E-11
  5.19405E+06  7.79467E-11
  5.19445E+06  7.63449E-11
  5.19485E+06  7.45573E-11
  5.19525E+06  7.25787E-11
  5.19565E+06  7.04181E-11
  5.19605E+06  6.81141E-11
  5.19645E+06  6.57071E-11
  5.19685E+06  6.32316E-11
  5.19725E+06  6.06844E-11
  5.19765E+06  5.80970E-11
  5.19805E+06  5.54869E-11
  5.19845E+06  5.29178E-11
  5.19885E+06  5.04125E-11
  5.19925E+06  4.79484E-11
  5.19965E+06  4.55542E-11
  5.20005E+06  4.32558E-11
  5.20045E+06  4.10602E-11
  5.20085E+06  3.90346E-11
  5.20125E+06  3.71142E-11
  5.20165E+06  3.53537E-11
  5.20205E+06  3.37221E-11
  5.20245E+06  3.22674E-11
  5.20285E+06  3.10277E-11
  5.20325E+06  2.99088E-11
  5.20365E+06  2.89520E-11
  5.20405E+06  2.81575E-11
  5.20445E+06  2.75295E-11
  5.20485E+06  2.71003E-11
  5.20525E+06  2.67892E-11
  5.20565E+06  2.66058E-11
  5.20605E+06  2.65337E-11
  5.20645E+06  2.65851E-11
  5.20685E+06  2.67517E-11
  5.20725E+06  2.69532E-11
  5.20765E+06  2.72343E-11
  5.20805E+06  2.75389E-11
  5.20845E+06  2.78887E-11
  5.20885E+06  2.83006E-11
  5.20925E+06  2.86923E-11
  5.20965E+06  2.90597E-11
  5.21005E+06  2.93703E-11
  5.21045E+06  2.97156E-11
  5.21085E+06  3.01029E-11
  5.21125E+06  3.06536E-11
  5.21165E+06  3.15331E-11
  5.21205E+06  3.20231E-11
  5.21245E+06  3.39617E-11
  5.21285E+06  3.73919E-11
  5.21325E+06  4.32714E-11
  5.21365E+06  5.35437E-11
  5.21405E+06  6.09729E-11
  5.21445E+06  8.38309E-11
  5.21485E+06  1.21054E-10
  5.21525E+06  1.79921E-10
  5.21565E+06  2.68858E-10
  5.21605E+06  3.42441E-10
  5.21645E+06  5.09512E-10
  5.21685E+06  7.43143E-10
  5.21725E+06  1.05758E-09
  5.21765E+06  1.42477E-09
  5.21805E+06  1.81649E-09
  5.21845E+06  2.33037E-09
  5.21885E+06  2.93582E-09
  5.21925E+06  3.66322E-09
  5.21965E+06  4.53341E-09
  5.22005E+06  5.56410E-09
  5.22045E+06  6.77320E-09
  5.22085E+06  8.17601E-09
  5.22125E+06  9.78615E-09
  5.22165E+06  1.16140E-08
  5.22205E+06  1.36656E-08
  5.22245E+06  1.59417E-08
  5.22285E+06  1.84368E-08
  5.22325E+06  2.11377E-08
  5.22365E+06  2.40237E-08
  5.22405E+06  2.70654E-08
  5.22445E+06  3.02254E-08
  5.22485E+06  3.34579E-08
  5.22525E+06  3.67098E-08
  5.22565E+06  3.99219E-08
  5.22605E+06  4.30304E-08
  5.22645E+06  4.59690E-08
  5.22685E+06  4.86710E-08
  5.22725E+06  5.10720E-08
  5.22765E+06  5.31121E-08
  5.22805E+06  5.47385E-08
  5.22845E+06  5.59083E-08
  5.22885E+06  5.65894E-08
  5.22925E+06  5.67626E-08
  5.22965E+06  5.64225E-08
  5.23005E+06  5.55775E-08
  5.23045E+06  5.42500E-08
  5.23085E+06  5.24747E-08
  5.23125E+06  5.02975E-08
  5.23165E+06  4.77734E-08
  5.23205E+06  4.49642E-08
  5.23245E+06  4.19366E-08
  5.23285E+06  3.87585E-08
  5.23325E+06  3.54971E-08
  5.23365E+06  3.22166E-08
  5.23405E+06  2.89758E-08
  5.23445E+06  2.58277E-08
  5.23485E+06  2.28168E-08
  5.23525E+06  1.99788E-08
  5.23565E+06  1.73412E-08
  5.23605E+06  1.49225E-08
  5.23645E+06  1.27333E-08
  5.23685E+06  1.07771E-08
  5.23725E+06  9.04997E-09
  5.23765E+06  7.54344E-09
  5.23805E+06  6.24438E-09
  5.23845E+06  5.13703E-09
  5.23885E+06  4.20845E-09
  5.23925E+06  3.43126E-09
  5.23965E+06  2.78855E-09
  5.24005E+06  2.25992E-09
  5.24045E+06  1.82491E-09
  5.24085E+06  1.50705E-09
  5.24125E+06  1.22590E-09
  5.24165E+06  9.93243E-10
  5.24205E+06  7.95075E-10
  5.24245E+06  6.22920E-10
  5.24285E+06  5.86360E-10
  5.24325E+06  5.06555E-10
  5.24365E+06  4.80206E-10
  5.24405E+06  4.75561E-10
  5.24445E+06  4.75189E-10
  5.24485E+06  4.74634E-10
  5.24525E+06  4.72360E-10
  5.24565E+06  4.68791E-10
  5.24605E+06  4.64030E-10
  5.24645E+06  4.58084E-10
  5.24685E+06  4.51061E-10
  5.24725E+06  4.42798E-10
  5.24765E+06  4.33488E-10
  5.24805E+06  4.23190E-10
  5.24845E+06  4.12033E-10
  5.24885E+06  4.00224E-10
  5.24925E+06  3.87686E-10
  5.24965E+06  3.74532E-10
  5.25005E+06  3.60903E-10
  5.25045E+06  3.46896E-10
  5.25085E+06  3.32734E-10
  5.25125E+06  3.18431E-10
  5.25165E+06  3.04102E-10
  5.25205E+06  2.89518E-10
  5.25245E+06  2.75800E-10
  5.25285E+06  2.63147E-10
  5.25325E+06  2.52320E-10
  5.25365E+06  2.44796E-10
  5.25405E+06  2.35448E-10
  5.25445E+06  2.37863E-10
  5.25485E+06  2.52998E-10
  5.25525E+06  2.88298E-10
  5.25565E+06  3.57160E-10
  5.25605E+06  4.06240E-10
  5.25645E+06  5.72269E-10
  5.25685E+06  8.48132E-10
  5.25725E+06  1.28706E-09
  5.25765E+06  1.95605E-09
  5.25805E+06  2.50905E-09
  5.25845E+06  3.77305E-09
  5.25885E+06  5.54549E-09
  5.25925E+06  7.93310E-09
  5.25965E+06  1.07403E-08
  5.26005E+06  1.37179E-08
  5.26045E+06  1.76384E-08
  5.26085E+06  2.22474E-08
  5.26125E+06  2.77854E-08
  5.26165E+06  3.44126E-08
  5.26205E+06  4.22671E-08
  5.26245E+06  5.14821E-08
  5.26285E+06  6.21788E-08
  5.26325E+06  7.44617E-08
  5.26365E+06  8.84116E-08
  5.26405E+06  1.04076E-07
  5.26445E+06  1.21464E-07
  5.26485E+06  1.40532E-07
  5.26525E+06  1.61184E-07
  5.26565E+06  1.83261E-07
  5.26605E+06  2.06543E-07
  5.26645E+06  2.30742E-07
  5.26685E+06  2.55509E-07
  5.26725E+06  2.80440E-07
  5.26765E+06  3.05081E-07
  5.26805E+06  3.28942E-07
  5.26845E+06  3.51516E-07
  5.26885E+06  3.72289E-07
  5.26925E+06  3.90766E-07
  5.26965E+06  4.06486E-07
  5.27005E+06  4.19042E-07
  5.27045E+06  4.28098E-07
  5.27085E+06  4.33408E-07
  5.27125E+06  4.34820E-07
  5.27165E+06  4.32289E-07
  5.27205E+06  4.25876E-07
  5.27245E+06  4.15751E-07
  5.27285E+06  4.02176E-07
  5.27325E+06  3.85503E-07
  5.27365E+06  3.66152E-07
  5.27405E+06  3.44599E-07
  5.27445E+06  3.21353E-07
  5.27485E+06  2.96937E-07
  5.27525E+06  2.71867E-07
  5.27565E+06  2.46638E-07
  5.27605E+06  2.21705E-07
  5.27645E+06  1.97472E-07
  5.27685E+06  1.74285E-07
  5.27725E+06  1.52420E-07
  5.27765E+06  1.32089E-07
  5.27805E+06  1.13436E-07
  5.27845E+06  9.65437E-08
  5.27885E+06  8.14392E-08
  5.27925E+06  6.80928E-08
  5.27965E+06  5.64405E-08
  5.28005E+06  4.63829E-08
  5.28045E+06  3.77961E-08
  5.28085E+06  3.05831E-08
  5.28125E+06  2.45351E-08
  5.28165E+06  1.95220E-08
  5.28205E+06  1.53877E-08
  5.28245E+06  1.19762E-08
  5.28285E+06  9.46101E-09
  5.28325E+06  7.23446E-09
  5.28365E+06  5.38333E-09
  5.28405E+06  3.80077E-09
  5.28445E+06  2.42302E-09
  5.28485E+06  2.08857E-09
  5.28525E+06  1.41583E-09
  5.28565E+06  1.17050E-09
  5.28605E+06  1.10744E-09
  5.28645E+06  1.08361E-09
  5.28685E+06  1.06272E-09
  5.28725E+06  1.03718E-09
  5.28765E+06  1.00835E-09
  5.28805E+06  9.76365E-10
  5.28845E+06  9.41726E-10
  5.28885E+06  9.04954E-10
  5.28925E+06  8.65833E-10
  5.28965E+06  8.25157E-10
  5.29005E+06  7.83420E-10
  5.29045E+06  7.41067E-10
  5.29085E+06  6.98884E-10
  5.29125E+06  6.56841E-10
  5.29165E+06  6.15554E-10
  5.29205E+06  5.75499E-10
  5.29245E+06  5.36903E-10
  5.29285E+06  5.00359E-10
  5.29325E+06  4.65403E-10
  5.29365E+06  4.32524E-10
  5.29405E+06  4.01802E-10
  5.29445E+06  3.73365E-10
  5.29485E+06  3.47363E-10
  5.29525E+06  3.23152E-10
  5.29565E+06  3.00855E-10
  5.29605E+06  2.80364E-10
  5.29645E+06  2.61540E-10
  5.29685E+06  2.44680E-10
  5.29725E+06  2.28727E-10
  5.29765E+06  2.13970E-10
  5.29805E+06  2.00094E-10
  5.29845E+06  1.87222E-10
  5.29885E+06  1.76162E-10
  5.29925E+06  1.65187E-10
  5.29965E+06  1.55075E-10
  5.30005E+06  1.45524E-10
  5.30045E+06  1.36507E-10
  5.30085E+06  1.28353E-10
  5.30125E+06  1.20386E-10
  5.30165E+06  1.12974E-10
  5.30205E+06  1.06058E-10
  5.30245E+06  1.00013E-10
  5.30285E+06  9.53865E-11
  5.30325E+06  9.14768E-11
  5.30365E+06  8.88778E-11
  5.30405E+06  8.65279E-11
  5.30445E+06  8.65544E-11
  5.30485E+06  8.86168E-11
  5.30525E+06  9.22924E-11
  5.30565E+06  9.71869E-11
  5.30605E+06  1.03429E-10
  5.30645E+06  1.12092E-10
  5.30685E+06  1.23106E-10
  5.30725E+06  1.36641E-10
  5.30765E+06  1.53032E-10
  5.30805E+06  1.72501E-10
  5.30845E+06  1.95299E-10
  5.30885E+06  2.21605E-10
  5.30925E+06  2.51573E-10
  5.30965E+06  2.85257E-10
  5.31005E+06  3.22612E-10
  5.31045E+06  3.63768E-10
  5.31085E+06  4.08605E-10
  5.31125E+06  4.56673E-10
  5.31165E+06  5.07612E-10
  5.31205E+06  5.60608E-10
  5.31245E+06  6.15449E-10
  5.31285E+06  6.71021E-10
  5.31325E+06  7.26410E-10
  5.31365E+06  7.80643E-10
  5.31405E+06  8.32701E-10
  5.31445E+06  8.81620E-10
  5.31485E+06  9.26388E-10
  5.31525E+06  9.65972E-10
  5.31565E+06  9.99592E-10
  5.31605E+06  1.02638E-09
  5.31645E+06  1.04601E-09
  5.31685E+06  1.05803E-09
  5.31725E+06  1.06217E-09
  5.31765E+06  1.05856E-09
  5.31805E+06  1.04746E-09
  5.31845E+06  1.02935E-09
  5.31885E+06  1.00487E-09
  5.31925E+06  9.74758E-10
  5.31965E+06  9.39905E-10
  5.32005E+06  9.01222E-10
  5.32045E+06  8.59693E-10
  5.32085E+06  8.16262E-10
  5.32125E+06  7.71797E-10
  5.32165E+06  7.27082E-10
  5.32205E+06  6.82861E-10
  5.32245E+06  6.39692E-10
  5.32285E+06  5.98113E-10
  5.32325E+06  5.58371E-10
  5.32365E+06  5.20713E-10
  5.32405E+06  4.85269E-10
  5.32445E+06  4.52116E-10
  5.32485E+06  4.21157E-10
  5.32525E+06  3.92253E-10
  5.32565E+06  3.65266E-10
  5.32605E+06  3.39988E-10
  5.32645E+06  3.16278E-10
  5.32685E+06  2.94154E-10
  5.32725E+06  2.73201E-10
  5.32765E+06  2.53366E-10
  5.32805E+06  2.34354E-10
  5.32845E+06  2.16316E-10
  5.32885E+06  1.99884E-10
  5.32925E+06  1.83643E-10
  5.32965E+06  1.68315E-10
  5.33005E+06  1.53410E-10
  5.33045E+06  1.39859E-10
  5.33085E+06  1.29213E-10
  5.33125E+06  1.19069E-10
  5.33165E+06  1.10922E-10
  5.33205E+06  1.03475E-10
  5.33245E+06  9.88394E-11
  5.33285E+06  9.65017E-11
  5.33325E+06  9.69054E-11
  5.33365E+06  9.96819E-11
  5.33405E+06  1.03632E-10
  5.33445E+06  1.11401E-10
  5.33485E+06  1.21975E-10
  5.33525E+06  1.35835E-10
  5.33565E+06  1.53501E-10
  5.33605E+06  1.75335E-10
  5.33645E+06  2.01517E-10
  5.33685E+06  2.32736E-10
  5.33725E+06  2.68637E-10
  5.33765E+06  3.09663E-10
  5.33805E+06  3.55905E-10
  5.33845E+06  4.07238E-10
  5.33885E+06  4.63543E-10
  5.33925E+06  5.24326E-10
  5.33965E+06  5.89142E-10
  5.34005E+06  6.57295E-10
  5.34045E+06  7.27976E-10
  5.34085E+06  8.00237E-10
  5.34125E+06  8.72755E-10
  5.34165E+06  9.44325E-10
  5.34205E+06  1.01356E-09
  5.34245E+06  1.07906E-09
  5.34285E+06  1.13933E-09
  5.34325E+06  1.19289E-09
  5.34365E+06  1.23844E-09
  5.34405E+06  1.27478E-09
  5.34445E+06  1.30094E-09
  5.34485E+06  1.31619E-09
  5.34525E+06  1.32004E-09
  5.34565E+06  1.31235E-09
  5.34605E+06  1.29324E-09
  5.34645E+06  1.26317E-09
  5.34685E+06  1.22287E-09
  5.34725E+06  1.17332E-09
  5.34765E+06  1.11572E-09
  5.34805E+06  1.05143E-09
  5.34845E+06  9.81929E-10
  5.34885E+06  9.08756E-10
  5.34925E+06  8.33421E-10
  5.34965E+06  7.57389E-10
  5.35005E+06  6.82035E-10
  5.35045E+06  6.08571E-10
  5.35085E+06  5.38066E-10
  5.35125E+06  4.71363E-10
  5.35165E+06  4.09136E-10
  5.35205E+06  3.51840E-10
  5.35245E+06  2.99761E-10
  5.35285E+06  2.53080E-10
  5.35325E+06  2.11640E-10
  5.35365E+06  1.75318E-10
  5.35405E+06  1.43841E-10
  5.35445E+06  1.16882E-10
  5.35485E+06  9.42153E-11
  5.35525E+06  7.50596E-11
  5.35565E+06  5.92295E-11
  5.35605E+06  4.61175E-11
  5.35645E+06  3.53376E-11
  5.35685E+06  2.72192E-11
  5.35725E+06  2.01596E-11
  5.35765E+06  1.42981E-11
  5.35805E+06  9.34714E-12
  5.35845E+06  4.96590E-12
  5.35885E+06  3.69295E-12
  5.35925E+06  1.31349E-12
  5.35965E+06  3.07927E-13
  5.36005E+06  3.77989E-14
  5.36045E+06  3.55970E-15
  5.36085E+06  2.62614E-15
  5.36125E+06  1.00000E-35
  5.36165E+06  1.00000E-35
  5.36205E+06  1.00000E-35
  5.36245E+06  1.00000E-35
  5.36285E+06  1.00000E-35
  5.36325E+06  1.00000E-35
  5.36365E+06  1.00000E-35
  5.36405E+06  1.00000E-35
  5.36445E+06  1.00000E-35
  5.36485E+06  1.00000E-35
  5.36525E+06  1.00000E-35
  5.36565E+06  1.00000E-35
  5.36605E+06  1.00000E-35
  5.36645E+06  1.00000E-35
  5.36685E+06  1.00000E-35
  5.36725E+06  1.00000E-35
  5.36765E+06  1.00000E-35
  5.36805E+06  1.00000E-35
  5.36845E+06  1.00000E-35
  5.36885E+06  1.00000E-35
  5.36925E+06  1.00000E-35
  5.36965E+06  1.00000E-35
  5.37005E+06  1.00000E-35
  5.37045E+06  1.00000E-35
  5.37085E+06  1.00000E-35
  5.37125E+06  1.00000E-35
  5.37165E+06  1.00000E-35
  5.37205E+06  1.00000E-35
  5.37245E+06  1.00000E-35
  5.37285E+06  1.00000E-35
  5.37325E+06  1.00000E-35
  5.37365E+06  1.00000E-35
  5.37405E+06  1.00000E-35
  5.37445E+06  1.00000E-35
  5.37485E+06  1.00000E-35
  5.37525E+06  1.00000E-35
  5.37565E+06  1.00000E-35
  5.37605E+06  1.00000E-35
  5.37645E+06  1.00000E-35
  5.37685E+06  1.00000E-35
  5.37725E+06  1.00000E-35
  5.37765E+06  1.00000E-35
  5.37805E+06  1.00000E-35
  5.37845E+06  1.00000E-35
  5.37885E+06  1.00000E-35
  5.37925E+06  1.00000E-35
  5.37965E+06  1.00000E-35
  5.38005E+06  1.00000E-35
  5.38045E+06  1.00000E-35
  5.38085E+06  1.00000E-35
  5.38125E+06  1.00000E-35
  5.38165E+06  1.00000E-35
  5.38205E+06  1.00000E-35
  5.38245E+06  1.00000E-35
  5.38285E+06  1.00000E-35
  5.38325E+06  1.00000E-35
  5.38365E+06  1.00000E-35
  5.38405E+06  1.00000E-35
  5.38445E+06  1.00000E-35
  5.38485E+06  1.00000E-35
  5.38525E+06  1.00000E-35
  5.38565E+06  1.00000E-35
  5.38605E+06  1.00000E-35
  5.38645E+06  1.00000E-35
  5.38685E+06  1.00000E-35
  5.38725E+06  1.00000E-35
  5.38765E+06  1.00000E-35
  5.38805E+06  1.00000E-35
  5.38845E+06  1.00000E-35
  5.38885E+06  1.00000E-35
  5.38925E+06  1.00000E-35
  5.38965E+06  1.00000E-35
  5.39005E+06  1.00000E-35
  5.39045E+06  1.00000E-35
  5.39085E+06  1.00000E-35
  5.39125E+06  1.00000E-35
  5.39165E+06  1.00000E-35
  5.39205E+06  1.00000E-35
  5.39245E+06  1.00000E-35
  5.39285E+06  1.00000E-35
  5.39325E+06  1.00000E-35
  5.39365E+06  1.00000E-35
  5.39405E+06  1.00000E-35
  5.39445E+06  1.00000E-35
  5.39485E+06  1.00000E-35
  5.39525E+06  1.00000E-35
  5.39565E+06  1.00000E-35
  5.39605E+06  1.00000E-35
  5.39645E+06  1.00000E-35
  5.39685E+06  1.00000E-35
  5.39725E+06  1.00000E-35
  5.39765E+06  1.00000E-35
  5.39805E+06  1.00000E-35
  5.39845E+06  1.00000E-35
  5.39885E+06  1.00000E-35
  5.39925E+06  1.00000E-35
  5.39965E+06  1.00000E-35
  5.40005E+06  1.00000E-35
  5.40045E+06  1.00000E-35
  5.40085E+06  1.00000E-35
  5.40125E+06  1.00000E-35
  5.40165E+06  1.00000E-35
  5.40205E+06  1.00000E-35
  5.40245E+06  1.00000E-35
  5.40285E+06  1.00000E-35
  5.40325E+06  1.00000E-35
  5.40365E+06  1.00000E-35
  5.40405E+06  1.00000E-35
  5.40445E+06  1.00000E-35
  5.40485E+06  1.00000E-35
  5.40525E+06  1.00000E-35
  5.40565E+06  1.00000E-35
  5.40605E+06  1.00000E-35
  5.40645E+06  1.00000E-35
  5.40685E+06  1.00000E-35
  5.40725E+06  1.00000E-35
  5.40765E+06  1.00000E-35
  5.40805E+06  1.00000E-35
  5.40845E+06  1.00000E-35
  5.40885E+06  1.00000E-35
  5.40925E+06  1.00000E-35
  5.40965E+06  1.00000E-35
  5.41005E+06  1.00000E-35
  5.41045E+06  1.00000E-35
  5.41085E+06  1.00000E-35
  5.41125E+06  1.00000E-35
  5.41165E+06  1.00000E-35
  5.41205E+06  1.00000E-35
  5.41245E+06  1.00000E-35
  5.41285E+06  1.00000E-35
  5.41325E+06  1.00000E-35
  5.41365E+06  1.00000E-35
  5.41405E+06  1.00000E-35
  5.41445E+06  1.00000E-35
  5.41485E+06  1.00000E-35
  5.41525E+06  1.00000E-35
  5.41565E+06  1.00000E-35
  5.41605E+06  1.00000E-35
  5.41645E+06  1.00000E-35
  5.41685E+06  1.00000E-35
  5.41725E+06  1.00000E-35
  5.41765E+06  1.00000E-35
  5.41805E+06  1.00000E-35
  5.41845E+06  1.00000E-35
  5.41885E+06  1.00000E-35
  5.41925E+06  1.00000E-35
  5.41965E+06  1.00000E-35
  5.42005E+06  1.00000E-35
  5.42045E+06  1.00000E-35
  5.42085E+06  1.00000E-35
  5.42125E+06  1.00000E-35
  5.42165E+06  1.00000E-35
  5.42205E+06  1.00000E-35
  5.42245E+06  1.00000E-35
  5.42285E+06  1.00000E-35
  5.42325E+06  1.00000E-35
  5.42365E+06  1.00000E-35
  5.42405E+06  1.00000E-35
  5.42445E+06  1.00000E-35
  5.42485E+06  1.00000E-35
  5.42525E+06  1.00000E-35
  5.42565E+06  1.00000E-35
  5.42605E+06  1.00000E-35
  5.42645E+06  1.00000E-35
  5.42685E+06  1.00000E-35
  5.42725E+06  1.00000E-35
  5.42765E+06  1.00000E-35
  5.42805E+06  1.00000E-35
  5.42845E+06  1.00000E-35
  5.42885E+06  1.00000E-35
  5.42925E+06  1.00000E-35
  5.42965E+06  1.00000E-35
  5.43005E+06  1.00000E-35
  5.43045E+06  1.00000E-35
  5.43085E+06  1.00000E-35
  5.43125E+06  1.00000E-35
  5.43165E+06  1.00000E-35
  5.43205E+06  1.00000E-35
  5.43245E+06  1.00000E-35
  5.43285E+06  1.00000E-35
  5.43325E+06  1.00000E-35
  5.43365E+06  1.00000E-35
  5.43405E+06  1.00000E-35
  5.43445E+06  1.00000E-35
  5.43485E+06  1.00000E-35
  5.43525E+06  1.00000E-35
  5.43565E+06  1.00000E-35
  5.43605E+06  1.00000E-35
  5.43645E+06  1.00000E-35
  5.43685E+06  1.00000E-35
  5.43725E+06  1.00000E-35
  5.43765E+06  1.00000E-35
