  4.90035E+06  1.20922E-12
  4.90055E+06  1.28340E-12
  4.90075E+06  1.35874E-12
  4.90095E+06  1.43494E-12
  4.90115E+06  1.51166E-12
  4.90135E+06  1.59380E-12
  4.90155E+06  1.67149E-12
  4.90175E+06  1.74877E-12
  4.90195E+06  1.82814E-12
  4.90215E+06  1.90402E-12
  4.90235E+06  1.98109E-12
  4.90255E+06  2.05423E-12
  4.90275E+06  2.12530E-12
  4.90295E+06  2.19397E-12
  4.90315E+06  2.25992E-12
  4.90335E+06  2.32549E-12
  4.90355E+06  2.38566E-12
  4.90375E+06  2.44240E-12
  4.90395E+06  2.49839E-12
  4.90415E+06  2.54825E-12
  4.90435E+06  2.59430E-12
  4.90455E+06  2.63646E-12
  4.90475E+06  2.67469E-12
  4.90495E+06  2.70900E-12
  4.90515E+06  2.73945E-12
  4.90535E+06  2.76873E-12
  4.90555E+06  2.79224E-12
  4.90575E+06  2.81233E-12
  4.90595E+06  2.83209E-12
  4.90615E+06  2.84654E-12
  4.90635E+06  2.86101E-12
  4.90655E+06  2.87104E-12
  4.90675E+06  2.87914E-12
  4.90695E+06  2.88567E-12
  4.90715E+06  2.89097E-12
  4.90735E+06  2.89539E-12
  4.90755E+06  2.89928E-12
  4.90775E+06  2.90300E-12
  4.90795E+06  2.90973E-12
  4.90815E+06  2.91458E-12
  4.90835E+06  2.92028E-12
  4.90855E+06  2.92708E-12
  4.90875E+06  2.93523E-12
  4.90895E+06  2.94494E-12
  4.90915E+06  2.95637E-12
  4.90935E+06  2.96964E-12
  4.90955E+06  2.98485E-12
  4.90975E+06  3.00204E-12
  4.90995E+06  3.02121E-12
  4.91015E+06  3.04230E-12
  4.91035E+06  3.06786E-12
  4.91055E+06  3.09299E-12
  4.91075E+06  3.11973E-12
  4.91095E+06  3.15076E-12
  4.91115E+06  3.18063E-12
  4.91135E+06  3.21150E-12
  4.91155E+06  3.24310E-12
  4.91175E+06  3.27512E-12
  4.91195E+06  3.30725E-12
  4.91215E+06  3.33915E-12
  4.91235E+06  3.37311E-12
  4.91255E+06  3.40405E-12
  4.91275E+06  3.43382E-12
  4.91295E+06  3.46212E-12
  4.91315E+06  3.48863E-12
  4.91335E+06  3.51305E-12
  4.91355E+06  3.53511E-12
  4.91375E+06  3.55215E-12
  4.91395E+06  3.57486E-12
  4.91415E+06  3.58981E-12
  4.91435E+06  3.60429E-12
  4.91455E+06  3.61342E-12
  4.91475E+06  3.61935E-12
  4.91495E+06  3.62202E-12
  4.91515E+06  3.62146E-12
  4.91535E+06  3.62293E-12
  4.91555E+06  3.61699E-12
  4.91575E+06  3.60575E-12
  4.91595E+06  3.59458E-12
  4.91615E+06  3.58078E-12
  4.91635E+06  3.56017E-12
  4.91655E+06  3.54251E-12
  4.91675E+06  3.52042E-12
  4.91695E+06  3.49940E-12
  4.91715E+06  3.47688E-12
  4.91735E+06  3.45580E-12
  4.91755E+06  3.43173E-12
  4.91775E+06  3.40479E-12
  4.91795E+06  3.38051E-12
  4.91815E+06  3.35634E-12
  4.91835E+06  3.33523E-12
  4.91855E+06  3.31272E-12
  4.91875E+06  3.29129E-12
  4.91895E+06  3.27121E-12
  4.91915E+06  3.25274E-12
  4.91935E+06  3.23608E-12
  4.91955E+06  3.22142E-12
  4.91975E+06  3.20651E-12
  4.91995E+06  3.19667E-12
  4.92015E+06  3.18913E-12
  4.92035E+06  3.18395E-12
  4.92055E+06  3.18114E-12
  4.92075E+06  3.18069E-12
  4.92095E+06  3.18253E-12
  4.92115E+06  3.18656E-12
  4.92135E+06  3.19046E-12
  4.92155E+06  3.19882E-12
  4.92175E+06  3.20881E-12
  4.92195E+06  3.22308E-12
  4.92215E+06  3.23619E-12
  4.92235E+06  3.25025E-12
  4.92255E+06  3.26498E-12
  4.92275E+06  3.28007E-12
  4.92295E+06  3.29519E-12
  4.92315E+06  3.31000E-12
  4.92335E+06  3.32416E-12
  4.92355E+06  3.33733E-12
  4.92375E+06  3.34916E-12
  4.92395E+06  3.35932E-12
  4.92415E+06  3.36748E-12
  4.92435E+06  3.36892E-12
  4.92455E+06  3.37288E-12
  4.92475E+06  3.37145E-12
  4.92495E+06  3.37245E-12
  4.92515E+06  3.36764E-12
  4.92535E+06  3.35705E-12
  4.92555E+06  3.34533E-12
  4.92575E+06  3.32975E-12
  4.92595E+06  3.31026E-12
  4.92615E+06  3.28684E-12
  4.92635E+06  3.26254E-12
  4.92655E+06  3.23266E-12
  4.92675E+06  3.19668E-12
  4.92695E+06  3.15995E-12
  4.92715E+06  3.11979E-12
  4.92735E+06  3.07640E-12
  4.92755E+06  3.03001E-12
  4.92775E+06  2.98090E-12
  4.92795E+06  2.92935E-12
  4.92815E+06  2.87565E-12
  4.92835E+06  2.82056E-12
  4.92855E+06  2.76441E-12
  4.92875E+06  2.70473E-12
  4.92895E+06  2.64709E-12
  4.92915E+06  2.58900E-12
  4.92935E+06  2.53388E-12
  4.92955E+06  2.47734E-12
  4.92975E+06  2.42154E-12
  4.92995E+06  2.36686E-12
  4.93015E+06  2.31366E-12
  4.93035E+06  2.26226E-12
  4.93055E+06  2.21299E-12
  4.93075E+06  2.16374E-12
  4.93095E+06  2.12571E-12
  4.93115E+06  2.08590E-12
  4.93135E+06  2.04937E-12
  4.93155E+06  2.01634E-12
  4.93175E+06  1.98699E-12
  4.93195E+06  1.96434E-12
  4.93215E+06  1.94334E-12
  4.93235E+06  1.92648E-12
  4.93255E+06  1.91384E-12
  4.93275E+06  1.90548E-12
  4.93295E+06  1.90140E-12
  4.93315E+06  1.90159E-12
  4.93335E+06  1.90643E-12
  4.93355E+06  1.91588E-12
  4.93375E+06  1.92700E-12
  4.93395E+06  1.94777E-12
  4.93415E+06  1.97001E-12
  4.93435E+06  1.99861E-12
  4.93455E+06  2.02866E-12
  4.93475E+06  2.06219E-12
  4.93495E+06  2.10187E-12
  4.93515E+06  2.14232E-12
  4.93535E+06  2.18877E-12
  4.93555E+06  2.23626E-12
  4.93575E+06  2.28637E-12
  4.93595E+06  2.33887E-12
  4.93615E+06  2.39355E-12
  4.93635E+06  2.45019E-12
  4.93655E+06  2.50856E-12
  4.93675E+06  2.56361E-12
  4.93695E+06  2.62551E-12
  4.93715E+06  2.68833E-12
  4.93735E+06  2.75227E-12
  4.93755E+06  2.81713E-12
  4.93775E+06  2.88228E-12
  4.93795E+06  2.95040E-12
  4.93815E+06  3.01610E-12
  4.93835E+06  3.07721E-12
  4.93855E+06  3.14307E-12
  4.93875E+06  3.20829E-12
  4.93895E+06  3.27271E-12
  4.93915E+06  3.33619E-12
  4.93935E+06  3.39859E-12
  4.93955E+06  3.45976E-12
  4.93975E+06  3.51957E-12
  4.93995E+06  3.57788E-12
  4.94015E+06  3.63456E-12
  4.94035E+06  3.68726E-12
  4.94055E+06  3.74063E-12
  4.94075E+06  3.79192E-12
  4.94095E+06  3.84100E-12
  4.94115E+06  3.88774E-12
  4.94135E+06  3.92980E-12
  4.94155E+06  3.97182E-12
  4.94175E+06  4.01104E-12
  4.94195E+06  4.04733E-12
  4.94215E+06  4.08055E-12
  4.94235E+06  4.11319E-12
  4.94255E+06  4.14035E-12
  4.94275E+06  4.16409E-12
  4.94295E+06  4.18426E-12
  4.94315E+06  4.20074E-12
  4.94335E+06  4.21601E-12
  4.94355E+06  4.22518E-12
  4.94375E+06  4.23033E-12
  4.94395E+06  4.23422E-12
  4.94415E+06  4.23155E-12
  4.94435E+06  4.22464E-12
  4.94455E+06  4.21344E-12
  4.94475E+06  4.19548E-12
  4.94495E+06  4.17594E-12
  4.94515E+06  4.15196E-12
  4.94535E+06  4.12357E-12
  4.94555E+06  4.09080E-12
  4.94575E+06  4.05374E-12
  4.94595E+06  4.01248E-12
  4.94615E+06  3.96714E-12
  4.94635E+06  3.92051E-12
  4.94655E+06  3.86801E-12
  4.94675E+06  3.81206E-12
  4.94695E+06  3.75291E-12
  4.94715E+06  3.69082E-12
  4.94735E+06  3.62609E-12
  4.94755E+06  3.55903E-12
  4.94775E+06  3.48757E-12
  4.94795E+06  3.41725E-12
  4.94815E+06  3.34559E-12
  4.94835E+06  3.27296E-12
  4.94855E+06  3.19973E-12
  4.94875E+06  3.12629E-12
  4.94895E+06  3.05300E-12
  4.94915E+06  2.98022E-12
  4.94935E+06  2.90389E-12
  4.94955E+06  2.83388E-12
  4.94975E+06  2.76525E-12
  4.94995E+06  2.69829E-12
  4.95015E+06  2.63327E-12
  4.95035E+06  2.57041E-12
  4.95055E+06  2.50992E-12
  4.95075E+06  2.45194E-12
  4.95095E+06  2.39658E-12
  4.95115E+06  2.34394E-12
  4.95135E+06  2.29183E-12
  4.95155E+06  2.24502E-12
  4.95175E+06  2.20085E-12
  4.95195E+06  2.15926E-12
  4.95215E+06  2.12013E-12
  4.95235E+06  2.07892E-12
  4.95255E+06  2.04499E-12
  4.95275E+06  2.01292E-12
  4.95295E+06  1.98250E-12
  4.95315E+06  1.95352E-12
  4.95335E+06  1.92573E-12
  4.95355E+06  1.89890E-12
  4.95375E+06  1.86796E-12
  4.95395E+06  1.84594E-12
  4.95415E+06  1.82166E-12
  4.95435E+06  1.79734E-12
  4.95455E+06  1.77275E-12
  4.95475E+06  1.74531E-12
  4.95495E+06  1.72004E-12
  4.95515E+06  1.69394E-12
  4.95535E+06  1.66688E-12
  4.95555E+06  1.63876E-12
  4.95575E+06  1.60952E-12
  4.95595E+06  1.57909E-12
  4.95615E+06  1.54746E-12
  4.95635E+06  1.51506E-12
  4.95655E+06  1.48193E-12
  4.95675E+06  1.44531E-12
  4.95695E+06  1.41337E-12
  4.95715E+06  1.37819E-12
  4.95735E+06  1.34274E-12
  4.95755E+06  1.30722E-12
  4.95775E+06  1.26901E-12
  4.95795E+06  1.23354E-12
  4.95815E+06  1.19818E-12
  4.95835E+06  1.16141E-12
  4.95855E+06  1.12826E-12
  4.95875E+06  1.09596E-12
  4.95895E+06  1.06478E-12
  4.95915E+06  1.03501E-12
  4.95935E+06  1.00953E-12
  4.95955E+06  9.83854E-13
  4.95975E+06  9.60431E-13
  4.95995E+06  9.39503E-13
  4.96015E+06  9.21295E-13
  4.96035E+06  9.03812E-13
  4.96055E+06  8.92007E-13
  4.96075E+06  8.81021E-13
  4.96095E+06  8.79074E-13
  4.96115E+06  8.78240E-13
  4.96135E+06  8.81042E-13
  4.96155E+06  8.87569E-13
  4.96175E+06  8.97885E-13
  4.96195E+06  9.12023E-13
  4.96215E+06  9.29989E-13
  4.96235E+06  9.54386E-13
  4.96255E+06  9.80404E-13
  4.96275E+06  1.01017E-12
  4.96295E+06  1.04360E-12
  4.96315E+06  1.08055E-12
  4.96335E+06  1.12087E-12
  4.96355E+06  1.16439E-12
  4.96375E+06  1.21091E-12
  4.96395E+06  1.26019E-12
  4.96415E+06  1.31199E-12
  4.96435E+06  1.36603E-12
  4.96455E+06  1.42203E-12
  4.96475E+06  1.47968E-12
  4.96495E+06  1.54152E-12
  4.96515E+06  1.60203E-12
  4.96535E+06  1.66106E-12
  4.96555E+06  1.72305E-12
  4.96575E+06  1.78502E-12
  4.96595E+06  1.84663E-12
  4.96615E+06  1.90754E-12
  4.96635E+06  1.96782E-12
  4.96655E+06  2.02714E-12
  4.96675E+06  2.08237E-12
  4.96695E+06  2.14126E-12
  4.96715E+06  2.19549E-12
  4.96735E+06  2.24720E-12
  4.96755E+06  2.29615E-12
  4.96775E+06  2.34213E-12
  4.96795E+06  2.38495E-12
  4.96815E+06  2.42444E-12
  4.96835E+06  2.46047E-12
  4.96855E+06  2.49292E-12
  4.96875E+06  2.52169E-12
  4.96895E+06  2.54962E-12
  4.96915E+06  2.57147E-12
  4.96935E+06  2.58745E-12
  4.96955E+06  2.60238E-12
  4.96975E+06  2.61372E-12
  4.96995E+06  2.62442E-12
  4.97015E+06  2.62943E-12
  4.97035E+06  2.63131E-12
  4.97055E+06  2.63024E-12
  4.97075E+06  2.62642E-12
  4.97095E+06  2.62008E-12
  4.97115E+06  2.61143E-12
  4.97135E+06  2.60335E-12
  4.97155E+06  2.59132E-12
  4.97175E+06  2.57780E-12
  4.97195E+06  2.56878E-12
  4.97215E+06  2.55413E-12
  4.97235E+06  2.53894E-12
  4.97255E+06  2.52347E-12
  4.97275E+06  2.50797E-12
  4.97295E+06  2.49557E-12
  4.97315E+06  2.48129E-12
  4.97335E+06  2.47041E-12
  4.97355E+06  2.45836E-12
  4.97375E+06  2.44756E-12
  4.97395E+06  2.44106E-12
  4.97415E+06  2.43382E-12
  4.97435E+06  2.42841E-12
  4.97455E+06  2.42495E-12
  4.97475E+06  2.42357E-12
  4.97495E+06  2.42721E-12
  4.97515E+06  2.43077E-12
  4.97535E+06  2.43671E-12
  4.97555E+06  2.44507E-12
  4.97575E+06  2.45588E-12
  4.97595E+06  2.46915E-12
  4.97615E+06  2.48487E-12
  4.97635E+06  2.50302E-12
  4.97655E+06  2.52355E-12
  4.97675E+06  2.54400E-12
  4.97695E+06  2.56950E-12
  4.97715E+06  2.59710E-12
  4.97735E+06  2.62933E-12
  4.97755E+06  2.66134E-12
  4.97775E+06  2.69519E-12
  4.97795E+06  2.73076E-12
  4.97815E+06  2.76790E-12
  4.97835E+06  2.80646E-12
  4.97855E+06  2.84625E-12
  4.97875E+06  2.88708E-12
  4.97895E+06  2.93161E-12
  4.97915E+06  2.97443E-12
  4.97935E+06  3.01814E-12
  4.97955E+06  3.06252E-12
  4.97975E+06  3.10451E-12
  4.97995E+06  3.15480E-12
  4.98015E+06  3.19990E-12
  4.98035E+06  3.24482E-12
  4.98055E+06  3.28933E-12
  4.98075E+06  3.33279E-12
  4.98095E+06  3.38357E-12
  4.98115E+06  3.42588E-12
  4.98135E+06  3.47506E-12
  4.98155E+06  3.51667E-12
  4.98175E+06  3.55681E-12
  4.98195E+06  3.60396E-12
  4.98215E+06  3.64250E-12
  4.98235E+06  3.68005E-12
  4.98255E+06  3.71664E-12
  4.98275E+06  3.75195E-12
  4.98295E+06  3.78893E-12
  4.98315E+06  3.82256E-12
  4.98335E+06  3.85544E-12
  4.98355E+06  3.88781E-12
  4.98375E+06  3.91752E-12
  4.98395E+06  3.95010E-12
  4.98415E+06  3.98303E-12
  4.98435E+06  4.01668E-12
  4.98455E+06  4.05146E-12
  4.98475E+06  4.08779E-12
  4.98495E+06  4.12608E-12
  4.98515E+06  4.16679E-12
  4.98535E+06  4.21075E-12
  4.98555E+06  4.25839E-12
  4.98575E+06  4.30970E-12
  4.98595E+06  4.36506E-12
  4.98615E+06  4.42480E-12
  4.98635E+06  4.48923E-12
  4.98655E+06  4.55857E-12
  4.98675E+06  4.63300E-12
  4.98695E+06  4.71546E-12
  4.98715E+06  4.80079E-12
  4.98735E+06  4.89131E-12
  4.98755E+06  4.98688E-12
  4.98775E+06  5.08483E-12
  4.98795E+06  5.19003E-12
  4.98815E+06  5.29917E-12
  4.98835E+06  5.41171E-12
  4.98855E+06  5.52703E-12
  4.98875E+06  5.64442E-12
  4.98895E+06  5.76306E-12
  4.98915E+06  5.88209E-12
  4.98935E+06  6.00098E-12
  4.98955E+06  6.11874E-12
  4.98975E+06  6.23151E-12
  4.98995E+06  6.34345E-12
  4.99015E+06  6.45061E-12
  4.99035E+06  6.55195E-12
  4.99055E+06  6.64639E-12
  4.99075E+06  6.73292E-12
  4.99095E+06  6.81054E-12
  4.99115E+06  6.87833E-12
  4.99135E+06  6.94068E-12
  4.99155E+06  6.98729E-12
  4.99175E+06  7.01951E-12
  4.99195E+06  7.04771E-12
  4.99215E+06  7.05819E-12
  4.99235E+06  7.06338E-12
  4.99255E+06  7.04883E-12
  4.99275E+06  7.01875E-12
  4.99295E+06  6.98994E-12
  4.99315E+06  6.93904E-12
  4.99335E+06  6.88136E-12
  4.99355E+06  6.80799E-12
  4.99375E+06  6.72405E-12
  4.99395E+06  6.63325E-12
  4.99415E+06  6.53134E-12
  4.99435E+06  6.41958E-12
  4.99455E+06  6.30389E-12
  4.99475E+06  6.17803E-12
  4.99495E+06  6.05370E-12
  4.99515E+06  5.92649E-12
  4.99535E+06  5.79774E-12
  4.99555E+06  5.66882E-12
  4.99575E+06  5.53866E-12
  4.99595E+06  5.41666E-12
  4.99615E+06  5.29604E-12
  4.99635E+06  5.17826E-12
  4.99655E+06  5.06925E-12
  4.99675E+06  4.96508E-12
  4.99695E+06  4.87484E-12
  4.99715E+06  4.79138E-12
  4.99735E+06  4.72054E-12
  4.99755E+06  4.65824E-12
  4.99775E+06  4.60486E-12
  4.99795E+06  4.56605E-12
  4.99815E+06  4.53923E-12
  4.99835E+06  4.52459E-12
  4.99855E+06  4.52216E-12
  4.99875E+06  4.53183E-12
  4.99895E+06  4.55621E-12
  4.99915E+06  4.58973E-12
  4.99935E+06  4.63428E-12
  4.99955E+06  4.68925E-12
  4.99975E+06  4.75389E-12
  4.99995E+06  4.82736E-12
  5.00015E+06  4.90870E-12
  5.00035E+06  4.99467E-12
  5.00055E+06  5.08895E-12
  5.00075E+06  5.18772E-12
  5.00095E+06  5.29265E-12
  5.00115E+06  5.39727E-12
  5.00135E+06  5.50536E-12
  5.00155E+06  5.61088E-12
  5.00175E+06  5.71237E-12
  5.00195E+06  5.81379E-12
  5.00215E+06  5.91108E-12
  5.00235E+06  6.00353E-12
  5.00255E+06  6.09005E-12
  5.00275E+06  6.16442E-12
  5.00295E+06  6.23901E-12
  5.00315E+06  6.30210E-12
  5.00335E+06  6.35320E-12
  5.00355E+06  6.39650E-12
  5.00375E+06  6.42171E-12
  5.00395E+06  6.44412E-12
  5.00415E+06  6.45493E-12
  5.00435E+06  6.44526E-12
  5.00455E+06  6.43424E-12
  5.00475E+06  6.40432E-12
  5.00495E+06  6.37428E-12
  5.00515E+06  6.33076E-12
  5.00535E+06  6.27710E-12
  5.00555E+06  6.21393E-12
  5.00575E+06  6.13910E-12
  5.00595E+06  6.05858E-12
  5.00615E+06  5.97032E-12
  5.00635E+06  5.87518E-12
  5.00655E+06  5.77405E-12
  5.00675E+06  5.66783E-12
  5.00695E+06  5.56028E-12
  5.00715E+06  5.44712E-12
  5.00735E+06  5.33163E-12
  5.00755E+06  5.21469E-12
  5.00775E+06  5.09712E-12
  5.00795E+06  4.97970E-12
  5.00815E+06  4.86318E-12
  5.00835E+06  4.74601E-12
  5.00855E+06  4.63359E-12
  5.00875E+06  4.52383E-12
  5.00895E+06  4.41723E-12
  5.00915E+06  4.31418E-12
  5.00935E+06  4.21502E-12
  5.00955E+06  4.12001E-12
  5.00975E+06  4.02694E-12
  5.00995E+06  3.94114E-12
  5.01015E+06  3.85980E-12
  5.01035E+06  3.78293E-12
  5.01055E+06  3.71046E-12
  5.01075E+06  3.64228E-12
  5.01095E+06  3.57823E-12
  5.01115E+06  3.51810E-12
  5.01135E+06  3.46690E-12
  5.01155E+06  3.41483E-12
  5.01175E+06  3.36602E-12
  5.01195E+06  3.32303E-12
  5.01215E+06  3.28034E-12
  5.01235E+06  3.24048E-12
  5.01255E+06  3.20314E-12
  5.01275E+06  3.16760E-12
  5.01295E+06  3.14218E-12
  5.01315E+06  3.11101E-12
  5.01335E+06  3.09947E-12
  5.01355E+06  3.07406E-12
  5.01375E+06  3.05010E-12
  5.01395E+06  3.04757E-12
  5.01415E+06  3.03008E-12
  5.01435E+06  3.02854E-12
  5.01455E+06  3.01932E-12
  5.01475E+06  3.00803E-12
  5.01495E+06  3.01973E-12
  5.01515E+06  3.02312E-12
  5.01535E+06  3.02674E-12
  5.01555E+06  3.04070E-12
  5.01575E+06  3.05033E-12
  5.01595E+06  3.08000E-12
  5.01615E+06  3.11383E-12
  5.01635E+06  3.15325E-12
  5.01655E+06  3.20386E-12
  5.01675E+06  3.26109E-12
  5.01695E+06  3.33963E-12
  5.01715E+06  3.42191E-12
  5.01735E+06  3.52132E-12
  5.01755E+06  3.62923E-12
  5.01775E+06  3.75093E-12
  5.01795E+06  3.89296E-12
  5.01815E+06  4.04570E-12
  5.01835E+06  4.22518E-12
  5.01855E+06  4.41299E-12
  5.01875E+06  4.61609E-12
  5.01895E+06  4.84297E-12
  5.01915E+06  5.08590E-12
  5.01935E+06  5.37373E-12
  5.01955E+06  5.65891E-12
  5.01975E+06  5.96102E-12
  5.01995E+06  6.31371E-12
  5.02015E+06  6.66179E-12
  5.02035E+06  7.05555E-12
  5.02055E+06  7.44680E-12
  5.02075E+06  7.85645E-12
  5.02095E+06  8.28653E-12
  5.02115E+06  8.73081E-12
  5.02135E+06  9.19319E-12
  5.02155E+06  9.66759E-12
  5.02175E+06  1.01524E-11
  5.02195E+06  1.06512E-11
  5.02215E+06  1.11596E-11
  5.02235E+06  1.16785E-11
  5.02255E+06  1.22012E-11
  5.02275E+06  1.27281E-11
  5.02295E+06  1.32574E-11
  5.02315E+06  1.37872E-11
  5.02335E+06  1.43155E-11
  5.02355E+06  1.48405E-11
  5.02375E+06  1.53579E-11
  5.02395E+06  1.58712E-11
  5.02415E+06  1.63758E-11
  5.02435E+06  1.68678E-11
  5.02455E+06  1.73504E-11
  5.02475E+06  1.78197E-11
  5.02495E+06  1.82742E-11
  5.02515E+06  1.87126E-11
  5.02535E+06  1.91317E-11
  5.02555E+06  1.95351E-11
  5.02575E+06  1.99169E-11
  5.02595E+06  2.02812E-11
  5.02615E+06  2.06245E-11
  5.02635E+06  2.09485E-11
  5.02655E+06  2.12479E-11
  5.02675E+06  2.15242E-11
  5.02695E+06  2.17766E-11
  5.02715E+06  2.20047E-11
  5.02735E+06  2.22077E-11
  5.02755E+06  2.23851E-11
  5.02775E+06  2.25338E-11
  5.02795E+06  2.26584E-11
  5.02815E+06  2.27555E-11
  5.02835E+06  2.28221E-11
  5.02855E+06  2.28626E-11
  5.02875E+06  2.28735E-11
  5.02895E+06  2.28545E-11
  5.02915E+06  2.28048E-11
  5.02935E+06  2.27241E-11
  5.02955E+06  2.26118E-11
  5.02975E+06  2.24653E-11
  5.02995E+06  2.22895E-11
  5.03015E+06  2.20814E-11
  5.03035E+06  2.18411E-11
  5.03055E+06  2.15686E-11
  5.03075E+06  2.12645E-11
  5.03095E+06  2.09291E-11
  5.03115E+06  2.05632E-11
  5.03135E+06  2.01677E-11
  5.03155E+06  1.97438E-11
  5.03175E+06  1.92927E-11
  5.03195E+06  1.88160E-11
  5.03215E+06  1.83154E-11
  5.03235E+06  1.77927E-11
  5.03255E+06  1.72501E-11
  5.03275E+06  1.66896E-11
  5.03295E+06  1.61138E-11
  5.03315E+06  1.55249E-11
  5.03335E+06  1.49282E-11
  5.03355E+06  1.43215E-11
  5.03375E+06  1.37096E-11
  5.03395E+06  1.30951E-11
  5.03415E+06  1.24807E-11
  5.03435E+06  1.18670E-11
  5.03455E+06  1.12613E-11
  5.03475E+06  1.06605E-11
  5.03495E+06  1.00750E-11
  5.03515E+06  9.49879E-12
  5.03535E+06  8.93407E-12
  5.03555E+06  8.38740E-12
  5.03575E+06  7.85054E-12
  5.03595E+06  7.34339E-12
  5.03615E+06  6.85340E-12
  5.03635E+06  6.37125E-12
  5.03655E+06  5.92640E-12
  5.03675E+06  5.48653E-12
  5.03695E+06  5.08861E-12
  5.03715E+06  4.71299E-12
  5.03735E+06  4.34707E-12
  5.03755E+06  4.01954E-12
  5.03775E+06  3.70214E-12
  5.03795E+06  3.42070E-12
  5.03815E+06  3.16064E-12
  5.03835E+06  2.91935E-12
  5.03855E+06  2.70113E-12
  5.03875E+06  2.50035E-12
  5.03895E+06  2.32446E-12
  5.03915E+06  2.16470E-12
  5.03935E+06  2.02053E-12
  5.03955E+06  1.89596E-12
  5.03975E+06  1.78035E-12
  5.03995E+06  1.69138E-12
  5.04015E+06  1.61448E-12
  5.04035E+06  1.54685E-12
  5.04055E+06  1.49725E-12
  5.04075E+06  1.45486E-12
  5.04095E+06  1.43219E-12
  5.04115E+06  1.41759E-12
  5.04135E+06  1.40396E-12
  5.04155E+06  1.40965E-12
  5.04175E+06  1.42111E-12
  5.04195E+06  1.44575E-12
  5.04215E+06  1.47489E-12
  5.04235E+06  1.48830E-12
  5.04255E+06  1.53305E-12
  5.04275E+06  1.55828E-12
  5.04295E+06  1.61553E-12
  5.04315E+06  1.67574E-12
  5.04335E+06  1.71421E-12
  5.04355E+06  1.78297E-12
  5.04375E+06  1.85035E-12
  5.04395E+06  1.92118E-12
  5.04415E+06  1.99224E-12
  5.04435E+06  2.06357E-12
  5.04455E+06  2.13482E-12
  5.04475E+06  2.20520E-12
  5.04495E+06  2.27722E-12
  5.04515E+06  2.34533E-12
  5.04535E+06  2.40943E-12
  5.04555E+06  2.47395E-12
  5.04575E+06  2.53600E-12
  5.04595E+06  2.59530E-12
  5.04615E+06  2.65161E-12
  5.04635E+06  2.70472E-12
  5.04655E+06  2.75441E-12
  5.04675E+06  2.80053E-12
  5.04695E+06  2.84293E-12
  5.04715E+06  2.88149E-12
  5.04735E+06  2.91612E-12
  5.04755E+06  2.94677E-12
  5.04775E+06  2.97341E-12
  5.04795E+06  2.99887E-12
  5.04815E+06  3.01799E-12
  5.04835E+06  3.03322E-12
  5.04855E+06  3.04461E-12
  5.04875E+06  3.05226E-12
  5.04895E+06  3.05627E-12
  5.04915E+06  3.05676E-12
  5.04935E+06  3.05427E-12
  5.04955E+06  3.04897E-12
  5.04975E+06  3.04059E-12
  5.04995E+06  3.03217E-12
  5.05015E+06  3.01869E-12
  5.05035E+06  3.00538E-12
  5.05055E+06  2.98767E-12
  5.05075E+06  2.96796E-12
  5.05095E+06  2.94645E-12
  5.05115E+06  2.92336E-12
  5.05135E+06  2.89887E-12
  5.05155E+06  2.87318E-12
  5.05175E+06  2.84648E-12
  5.05195E+06  2.81895E-12
  5.05215E+06  2.79079E-12
  5.05235E+06  2.76216E-12
  5.05255E+06  2.73323E-12
  5.05275E+06  2.70417E-12
  5.05295E+06  2.67512E-12
  5.05315E+06  2.64624E-12
  5.05335E+06  2.61765E-12
  5.05355E+06  2.58950E-12
  5.05375E+06  2.56190E-12
  5.05395E+06  2.53781E-12
  5.05415E+06  2.51215E-12
  5.05435E+06  2.48742E-12
  5.05455E+06  2.46369E-12
  5.05475E+06  2.44105E-12
  5.05495E+06  2.42529E-12
  5.05515E+06  2.40606E-12
  5.05535E+06  2.38822E-12
  5.05555E+06  2.37183E-12
  5.05575E+06  2.35692E-12
  5.05595E+06  2.34349E-12
  5.05615E+06  2.33155E-12
  5.05635E+06  2.31890E-12
  5.05655E+06  2.31027E-12
  5.05675E+06  2.30300E-12
  5.05695E+06  2.29706E-12
  5.05715E+06  2.29238E-12
  5.05735E+06  2.28669E-12
  5.05755E+06  2.28469E-12
  5.05775E+06  2.28124E-12
  5.05795E+06  2.28146E-12
  5.05815E+06  2.28238E-12
  5.05835E+06  2.28652E-12
  5.05855E+06  2.28901E-12
  5.05875E+06  2.28952E-12
  5.05895E+06  2.29315E-12
  5.05915E+06  2.29693E-12
  5.05935E+06  2.30115E-12
  5.05955E+06  2.30572E-12
  5.05975E+06  2.31011E-12
  5.05995E+06  2.31424E-12
  5.06015E+06  2.31802E-12
  5.06035E+06  2.32441E-12
  5.06055E+06  2.32860E-12
  5.06075E+06  2.33231E-12
  5.06095E+06  2.34125E-12
  5.06115E+06  2.34501E-12
  5.06135E+06  2.35104E-12
  5.06155E+06  2.35459E-12
  5.06175E+06  2.35551E-12
  5.06195E+06  2.35906E-12
  5.06215E+06  2.36244E-12
  5.06235E+06  2.36573E-12
  5.06255E+06  2.36904E-12
  5.06275E+06  2.37006E-12
  5.06295E+06  2.37410E-12
  5.06315E+06  2.37843E-12
  5.06335E+06  2.38579E-12
  5.06355E+06  2.39155E-12
  5.06375E+06  2.39566E-12
  5.06395E+06  2.40345E-12
  5.06415E+06  2.41220E-12
  5.06435E+06  2.42204E-12
  5.06455E+06  2.43312E-12
  5.06475E+06  2.44313E-12
  5.06495E+06  2.46027E-12
  5.06515E+06  2.47658E-12
  5.06535E+06  2.49456E-12
  5.06555E+06  2.51430E-12
  5.06575E+06  2.53586E-12
  5.06595E+06  2.56215E-12
  5.06615E+06  2.58799E-12
  5.06635E+06  2.61582E-12
  5.06655E+06  2.64560E-12
  5.06675E+06  2.67730E-12
  5.06695E+06  2.71085E-12
  5.06715E+06  2.74615E-12
  5.06735E+06  2.78089E-12
  5.06755E+06  2.81967E-12
  5.06775E+06  2.85730E-12
  5.06795E+06  2.90165E-12
  5.06815E+06  2.94443E-12
  5.06835E+06  2.99046E-12
  5.06855E+06  3.03471E-12
  5.06875E+06  3.07911E-12
  5.06895E+06  3.12339E-12
  5.06915E+06  3.16724E-12
  5.06935E+06  3.22611E-12
  5.06955E+06  3.27113E-12
  5.06975E+06  3.31525E-12
  5.06995E+06  3.36396E-12
  5.07015E+06  3.40660E-12
  5.07035E+06  3.45305E-12
  5.07055E+06  3.49360E-12
  5.07075E+06  3.53010E-12
  5.07095E+06  3.58200E-12
  5.07115E+06  3.62037E-12
  5.07135E+06  3.67306E-12
  5.07155E+06  3.71158E-12
  5.07175E+06  3.74933E-12
  5.07195E+06  3.80949E-12
  5.07215E+06  3.85079E-12
  5.07235E+06  3.93013E-12
  5.07255E+06  3.98139E-12
  5.07275E+06  4.03331E-12
  5.07295E+06  4.14346E-12
  5.07315E+06  4.21634E-12
  5.07335E+06  4.34672E-12
  5.07355E+06  4.44540E-12
  5.07375E+06  4.55528E-12
  5.07395E+06  4.69511E-12
  5.07415E+06  4.83532E-12
  5.07435E+06  4.99999E-12
  5.07455E+06  5.17661E-12
  5.07475E+06  5.37364E-12
  5.07495E+06  5.59296E-12
  5.07515E+06  5.83644E-12
  5.07535E+06  6.10855E-12
  5.07555E+06  6.40635E-12
  5.07575E+06  6.73380E-12
  5.07595E+06  7.09545E-12
  5.07615E+06  7.48764E-12
  5.07635E+06  7.91686E-12
  5.07655E+06  8.37960E-12
  5.07675E+06  8.87672E-12
  5.07695E+06  9.42002E-12
  5.07715E+06  9.99683E-12
  5.07735E+06  1.06123E-11
  5.07755E+06  1.12665E-11
  5.07775E+06  1.19543E-11
  5.07795E+06  1.26854E-11
  5.07815E+06  1.34531E-11
  5.07835E+06  1.42665E-11
  5.07855E+06  1.51046E-11
  5.07875E+06  1.59742E-11
  5.07895E+06  1.68725E-11
  5.07915E+06  1.77965E-11
  5.07935E+06  1.87426E-11
  5.07955E+06  1.97070E-11
  5.07975E+06  2.06854E-11
  5.07995E+06  2.16731E-11
  5.08015E+06  2.26650E-11
  5.08035E+06  2.36560E-11
  5.08055E+06  2.46403E-11
  5.08075E+06  2.56121E-11
  5.08095E+06  2.65656E-11
  5.08115E+06  2.74947E-11
  5.08135E+06  2.83909E-11
  5.08155E+06  2.92531E-11
  5.08175E+06  3.00724E-11
  5.08195E+06  3.08460E-11
  5.08215E+06  3.15630E-11
  5.08235E+06  3.22183E-11
  5.08255E+06  3.28115E-11
  5.08275E+06  3.33357E-11
  5.08295E+06  3.37894E-11
  5.08315E+06  3.41640E-11
  5.08335E+06  3.44544E-11
  5.08355E+06  3.46679E-11
  5.08375E+06  3.47925E-11
  5.08395E+06  3.48378E-11
  5.08415E+06  3.47976E-11
  5.08435E+06  3.46726E-11
  5.08455E+06  3.44639E-11
  5.08475E+06  3.41728E-11
  5.08495E+06  3.38017E-11
  5.08515E+06  3.33533E-11
  5.08535E+06  3.28314E-11
  5.08555E+06  3.22399E-11
  5.08575E+06  3.15833E-11
  5.08595E+06  3.08666E-11
  5.08615E+06  3.00950E-11
  5.08635E+06  2.92720E-11
  5.08655E+06  2.84081E-11
  5.08675E+06  2.75066E-11
  5.08695E+06  2.65734E-11
  5.08715E+06  2.56148E-11
  5.08735E+06  2.46365E-11
  5.08755E+06  2.36445E-11
  5.08775E+06  2.26421E-11
  5.08795E+06  2.16398E-11
  5.08815E+06  2.06401E-11
  5.08835E+06  1.96478E-11
  5.08855E+06  1.86674E-11
  5.08875E+06  1.77007E-11
  5.08895E+06  1.67567E-11
  5.08915E+06  1.58359E-11
  5.08935E+06  1.49412E-11
  5.08955E+06  1.40751E-11
  5.08975E+06  1.32398E-11
  5.08995E+06  1.24399E-11
  5.09015E+06  1.16714E-11
  5.09035E+06  1.09403E-11
  5.09055E+06  1.02426E-11
  5.09075E+06  9.57826E-12
  5.09095E+06  8.95250E-12
  5.09115E+06  8.36218E-12
  5.09135E+06  7.80722E-12
  5.09155E+06  7.28689E-12
  5.09175E+06  6.79988E-12
  5.09195E+06  6.34799E-12
  5.09215E+06  5.92486E-12
  5.09235E+06  5.51841E-12
  5.09255E+06  5.15588E-12
  5.09275E+06  4.81537E-12
  5.09295E+06  4.50589E-12
  5.09315E+06  4.22034E-12
  5.09335E+06  3.95294E-12
  5.09355E+06  3.71185E-12
  5.09375E+06  3.47847E-12
  5.09395E+06  3.27754E-12
  5.09415E+06  3.09354E-12
  5.09435E+06  2.92263E-12
  5.09455E+06  2.77330E-12
  5.09475E+06  2.61841E-12
  5.09495E+06  2.50446E-12
  5.09515E+06  2.39739E-12
  5.09535E+06  2.27882E-12
  5.09555E+06  2.20062E-12
  5.09575E+06  2.08849E-12
  5.09595E+06  2.06730E-12
  5.09615E+06  2.02818E-12
  5.09635E+06  1.97982E-12
  5.09655E+06  1.97000E-12
  5.09675E+06  1.95411E-12
  5.09695E+06  2.04397E-12
  5.09715E+06  2.07733E-12
  5.09735E+06  2.18402E-12
  5.09755E+06  2.25542E-12
  5.09775E+06  2.34203E-12
  5.09795E+06  2.51667E-12
  5.09815E+06  2.65069E-12
  5.09835E+06  2.87983E-12
  5.09855E+06  3.07252E-12
  5.09875E+06  3.28965E-12
  5.09895E+06  3.58156E-12
  5.09915E+06  3.86970E-12
  5.09935E+06  4.20359E-12
  5.09955E+06  4.56679E-12
  5.09975E+06  4.96559E-12
  5.09995E+06  5.41316E-12
  5.10015E+06  5.90660E-12
  5.10035E+06  6.45136E-12
  5.10055E+06  7.04547E-12
  5.10075E+06  7.69388E-12
  5.10095E+06  8.40496E-12
  5.10115E+06  9.17081E-12
  5.10135E+06  9.98978E-12
  5.10155E+06  1.08830E-11
  5.10175E+06  1.18418E-11
  5.10195E+06  1.28677E-11
  5.10215E+06  1.39617E-11
  5.10235E+06  1.51271E-11
  5.10255E+06  1.63591E-11
  5.10275E+06  1.76596E-11
  5.10295E+06  1.90303E-11
  5.10315E+06  2.04642E-11
  5.10335E+06  2.19612E-11
  5.10355E+06  2.35181E-11
  5.10375E+06  2.51311E-11
  5.10395E+06  2.67951E-11
  5.10415E+06  2.85048E-11
  5.10435E+06  3.02536E-11
  5.10455E+06  3.20345E-11
  5.10475E+06  3.38370E-11
  5.10495E+06  3.56579E-11
  5.10515E+06  3.74848E-11
  5.10535E+06  3.93079E-11
  5.10555E+06  4.11169E-11
  5.10575E+06  4.28984E-11
  5.10595E+06  4.46465E-11
  5.10615E+06  4.63469E-11
  5.10635E+06  4.79909E-11
  5.10655E+06  4.95621E-11
  5.10675E+06  5.10514E-11
  5.10695E+06  5.24509E-11
  5.10715E+06  5.37447E-11
  5.10735E+06  5.49256E-11
  5.10755E+06  5.59845E-11
  5.10775E+06  5.69122E-11
  5.10795E+06  5.77015E-11
  5.10815E+06  5.83456E-11
  5.10835E+06  5.88394E-11
  5.10855E+06  5.91785E-11
  5.10875E+06  5.93601E-11
  5.10895E+06  5.93825E-11
  5.10915E+06  5.92454E-11
  5.10935E+06  5.89499E-11
  5.10955E+06  5.84984E-11
  5.10975E+06  5.78944E-11
  5.10995E+06  5.71428E-11
  5.11015E+06  5.62498E-11
  5.11035E+06  5.52225E-11
  5.11055E+06  5.40689E-11
  5.11075E+06  5.27982E-11
  5.11095E+06  5.14201E-11
  5.11115E+06  4.99451E-11
  5.11135E+06  4.83867E-11
  5.11155E+06  4.67516E-11
  5.11175E+06  4.50534E-11
  5.11195E+06  4.33068E-11
  5.11215E+06  4.15182E-11
  5.11235E+06  3.97067E-11
  5.11255E+06  3.78740E-11
  5.11275E+06  3.60330E-11
  5.11295E+06  3.41992E-11
  5.11315E+06  3.23796E-11
  5.11335E+06  3.05810E-11
  5.11355E+06  2.88167E-11
  5.11375E+06  2.70918E-11
  5.11395E+06  2.54130E-11
  5.11415E+06  2.37865E-11
  5.11435E+06  2.22204E-11
  5.11455E+06  2.07145E-11
  5.11475E+06  1.92716E-11
  5.11495E+06  1.78997E-11
  5.11515E+06  1.65981E-11
  5.11535E+06  1.53679E-11
  5.11555E+06  1.42098E-11
  5.11575E+06  1.31238E-11
  5.11595E+06  1.21093E-11
  5.11615E+06  1.11652E-11
  5.11635E+06  1.02926E-11
  5.11655E+06  9.48475E-12
  5.11675E+06  8.74159E-12
  5.11695E+06  8.06343E-12
  5.11715E+06  7.44231E-12
  5.11735E+06  6.86888E-12
  5.11755E+06  6.35917E-12
  5.11775E+06  5.89476E-12
  5.11795E+06  5.48865E-12
  5.11815E+06  5.12162E-12
  5.11835E+06  4.78661E-12
  5.11855E+06  4.49966E-12
  5.11875E+06  4.22092E-12
  5.11895E+06  4.00484E-12
  5.11915E+06  3.81731E-12
  5.11935E+06  3.63383E-12
  5.11955E+06  3.49970E-12
  5.11975E+06  3.31912E-12
  5.11995E+06  3.23582E-12
  5.12015E+06  3.16788E-12
  5.12035E+06  3.05909E-12
  5.12055E+06  3.02718E-12
  5.12075E+06  2.94470E-12
  5.12095E+06  2.94071E-12
  5.12115E+06  2.94276E-12
  5.12135E+06  2.88882E-12
  5.12155E+06  2.91166E-12
  5.12175E+06  2.90076E-12
  5.12195E+06  2.93377E-12
  5.12215E+06  2.96742E-12
  5.12235E+06  2.99041E-12
  5.12255E+06  3.02630E-12
  5.12275E+06  3.06171E-12
  5.12295E+06  3.09640E-12
  5.12315E+06  3.13013E-12
  5.12335E+06  3.16310E-12
  5.12355E+06  3.19509E-12
  5.12375E+06  3.22065E-12
  5.12395E+06  3.25001E-12
  5.12415E+06  3.27727E-12
  5.12435E+06  3.30227E-12
  5.12455E+06  3.32488E-12
  5.12475E+06  3.34496E-12
  5.12495E+06  3.36239E-12
  5.12515E+06  3.37708E-12
  5.12535E+06  3.38674E-12
  5.12555E+06  3.39607E-12
  5.12575E+06  3.39998E-12
  5.12595E+06  3.40365E-12
  5.12615E+06  3.40419E-12
  5.12635E+06  3.40161E-12
  5.12655E+06  3.39592E-12
  5.12675E+06  3.38713E-12
  5.12695E+06  3.37529E-12
  5.12715E+06  3.36043E-12
  5.12735E+06  3.35048E-12
  5.12755E+06  3.33123E-12
  5.12775E+06  3.30940E-12
  5.12795E+06  3.28507E-12
  5.12815E+06  3.25837E-12
  5.12835E+06  3.22942E-12
  5.12855E+06  3.19835E-12
  5.12875E+06  3.16529E-12
  5.12895E+06  3.13040E-12
  5.12915E+06  3.09382E-12
  5.12935E+06  3.05614E-12
  5.12955E+06  3.01752E-12
  5.12975E+06  2.97532E-12
  5.12995E+06  2.93493E-12
  5.13015E+06  2.89368E-12
  5.13035E+06  2.85220E-12
  5.13055E+06  2.81069E-12
  5.13075E+06  2.76896E-12
  5.13095E+06  2.72721E-12
  5.13115E+06  2.68566E-12
  5.13135E+06  2.64715E-12
  5.13155E+06  2.60714E-12
  5.13175E+06  2.56803E-12
  5.13195E+06  2.53291E-12
  5.13215E+06  2.49677E-12
  5.13235E+06  2.46223E-12
  5.13255E+06  2.42948E-12
  5.13275E+06  2.39871E-12
  5.13295E+06  2.37581E-12
  5.13315E+06  2.35056E-12
  5.13335E+06  2.33057E-12
  5.13355E+06  2.31122E-12
  5.13375E+06  2.29487E-12
  5.13395E+06  2.28451E-12
  5.13415E+06  2.27505E-12
  5.13435E+06  2.26680E-12
  5.13455E+06  2.26461E-12
  5.13475E+06  2.26352E-12
  5.13495E+06  2.27166E-12
  5.13515E+06  2.28098E-12
  5.13535E+06  2.28951E-12
  5.13555E+06  2.30680E-12
  5.13575E+06  2.32756E-12
  5.13595E+06  2.35176E-12
  5.13615E+06  2.37934E-12
  5.13635E+06  2.41023E-12
  5.13655E+06  2.44429E-12
  5.13675E+06  2.48141E-12
  5.13695E+06  2.52142E-12
  5.13715E+06  2.56413E-12
  5.13735E+06  2.60496E-12
  5.13755E+06  2.65320E-12
  5.13775E+06  2.70338E-12
  5.13795E+06  2.75525E-12
  5.13815E+06  2.80857E-12
  5.13835E+06  2.86303E-12
  5.13855E+06  2.91836E-12
  5.13875E+06  2.97426E-12
  5.13895E+06  3.03326E-12
  5.13915E+06  3.08985E-12
  5.13935E+06  3.15178E-12
  5.13955E+06  3.20920E-12
  5.13975E+06  3.26340E-12
  5.13995E+06  3.31927E-12
  5.14015E+06  3.37367E-12
  5.14035E+06  3.42631E-12
  5.14055E+06  3.47689E-12
  5.14075E+06  3.52034E-12
  5.14095E+06  3.56680E-12
  5.14115E+06  3.61029E-12
  5.14135E+06  3.65059E-12
  5.14155E+06  3.68748E-12
  5.14175E+06  3.72076E-12
  5.14195E+06  3.75027E-12
  5.14215E+06  3.77584E-12
  5.14235E+06  3.79734E-12
  5.14255E+06  3.81466E-12
  5.14275E+06  3.82771E-12
  5.14295E+06  3.83644E-12
  5.14315E+06  3.84083E-12
  5.14335E+06  3.83867E-12
  5.14355E+06  3.83477E-12
  5.14375E+06  3.82656E-12
  5.14395E+06  3.81987E-12
  5.14415E+06  3.80445E-12
  5.14435E+06  3.78569E-12
  5.14455E+06  3.76380E-12
  5.14475E+06  3.73861E-12
  5.14495E+06  3.71036E-12
  5.14515E+06  3.67934E-12
  5.14535E+06  3.64583E-12
  5.14555E+06  3.61014E-12
  5.14575E+06  3.57257E-12
  5.14595E+06  3.53344E-12
  5.14615E+06  3.49305E-12
  5.14635E+06  3.45214E-12
  5.14655E+06  3.41102E-12
  5.14675E+06  3.36955E-12
  5.14695E+06  3.32803E-12
  5.14715E+06  3.28671E-12
  5.14735E+06  3.24584E-12
  5.14755E+06  3.20565E-12
  5.14775E+06  3.16632E-12
  5.14795E+06  3.13088E-12
  5.14815E+06  3.09428E-12
  5.14835E+06  3.05905E-12
  5.14855E+06  3.02527E-12
  5.14875E+06  2.99301E-12
  5.14895E+06  2.96231E-12
  5.14915E+06  2.93318E-12
  5.14935E+06  2.90563E-12
  5.14955E+06  2.87961E-12
  5.14975E+06  2.85508E-12
  5.14995E+06  2.83199E-12
  5.15015E+06  2.81024E-12
  5.15035E+06  2.78841E-12
  5.15055E+06  2.77117E-12
  5.15075E+06  2.75500E-12
  5.15095E+06  2.74269E-12
  5.15115E+06  2.72897E-12
  5.15135E+06  2.71881E-12
  5.15155E+06  2.70738E-12
  5.15175E+06  2.69684E-12
  5.15195E+06  2.68714E-12
  5.15215E+06  2.67822E-12
  5.15235E+06  2.66784E-12
  5.15255E+06  2.66073E-12
  5.15275E+06  2.65423E-12
  5.15295E+06  2.65119E-12
  5.15315E+06  2.64638E-12
  5.15335E+06  2.64001E-12
  5.15355E+06  2.63682E-12
  5.15375E+06  2.63420E-12
  5.15395E+06  2.63502E-12
  5.15415E+06  2.63408E-12
  5.15435E+06  2.63161E-12
  5.15455E+06  2.63239E-12
  5.15475E+06  2.63141E-12
  5.15495E+06  2.63677E-12
  5.15515E+06  2.64042E-12
  5.15535E+06  2.64482E-12
  5.15555E+06  2.65000E-12
  5.15575E+06  2.65118E-12
  5.15595E+06  2.65878E-12
  5.15615E+06  2.66712E-12
  5.15635E+06  2.67403E-12
  5.15655E+06  2.68428E-12
  5.15675E+06  2.69287E-12
  5.15695E+06  2.70788E-12
  5.15715E+06  2.72126E-12
  5.15735E+06  2.73803E-12
  5.15755E+06  2.75344E-12
  5.15775E+06  2.76727E-12
  5.15795E+06  2.79329E-12
  5.15815E+06  2.81302E-12
  5.15835E+06  2.83628E-12
  5.15855E+06  2.85831E-12
  5.15875E+06  2.88126E-12
  5.15895E+06  2.91369E-12
  5.15915E+06  2.93997E-12
  5.15935E+06  2.98043E-12
  5.15955E+06  3.01124E-12
  5.15975E+06  3.04343E-12
  5.15995E+06  3.10854E-12
  5.16015E+06  3.14945E-12
  5.16035E+06  3.23742E-12
  5.16055E+06  3.29175E-12
  5.16075E+06  3.35023E-12
  5.16095E+06  3.52218E-12
  5.16115E+06  3.61061E-12
  5.16135E+06  3.91280E-12
  5.16155E+06  4.05863E-12
  5.16175E+06  4.21940E-12
  5.16195E+06  4.78926E-12
  5.16215E+06  5.06624E-12
  5.16235E+06  5.91897E-12
  5.16255E+06  6.37632E-12
  5.16275E+06  6.89531E-12
  5.16295E+06  8.55794E-12
  5.16315E+06  9.42373E-12
  5.16335E+06  1.21179E-11
  5.16355E+06  1.35565E-11
  5.16375E+06  1.51945E-11
  5.16395E+06  2.01182E-11
  5.16415E+06  2.27980E-11
  5.16435E+06  3.01974E-11
  5.16455E+06  3.44726E-11
  5.16475E+06  3.93335E-11
  5.16495E+06  5.17944E-11
  5.16515E+06  5.93248E-11
  5.16535E+06  7.64433E-11
  5.16555E+06  8.77115E-11
  5.16575E+06  1.00472E-10
  5.16595E+06  1.27006E-10
  5.16615E+06  1.45496E-10
  5.16635E+06  1.76619E-10
  5.16655E+06  2.02003E-10
  5.16675E+06  2.30541E-10
  5.16695E+06  2.67672E-10
  5.16715E+06  3.04411E-10
  5.16735E+06  3.46591E-10
  5.16755E+06  3.92435E-10
  5.16775E+06  4.43307E-10
  5.16795E+06  4.99853E-10
  5.16815E+06  5.61986E-10
  5.16835E+06  6.30407E-10
  5.16855E+06  7.05337E-10
  5.16875E+06  7.87234E-10
  5.16895E+06  8.76547E-10
  5.16915E+06  9.73472E-10
  5.16935E+06  1.07844E-09
  5.16955E+06  1.19167E-09
  5.16975E+06  1.31344E-09
  5.16995E+06  1.44402E-09
  5.17015E+06  1.58346E-09
  5.17035E+06  1.73192E-09
  5.17055E+06  1.88938E-09
  5.17075E+06  2.05580E-09
  5.17095E+06  2.23107E-09
  5.17115E+06  2.41494E-09
  5.17135E+06  2.60713E-09
  5.17155E+06  2.80718E-09
  5.17175E+06  3.01462E-09
  5.17195E+06  3.22882E-09
  5.17215E+06  3.44905E-09
  5.17235E+06  3.67452E-09
  5.17255E+06  3.90426E-09
  5.17275E+06  4.13726E-09
  5.17295E+06  4.37242E-09
  5.17315E+06  4.60851E-09
  5.17335E+06  4.84428E-09
  5.17355E+06  5.07835E-09
  5.17375E+06  5.30931E-09
  5.17395E+06  5.53575E-09
  5.17415E+06  5.75615E-09
  5.17435E+06  5.96905E-09
  5.17455E+06  6.17292E-09
  5.17475E+06  6.36631E-09
  5.17495E+06  6.54781E-09
  5.17515E+06  6.71601E-09
  5.17535E+06  6.86963E-09
  5.17555E+06  7.00742E-09
  5.17575E+06  7.12829E-09
  5.17595E+06  7.23126E-09
  5.17615E+06  7.31545E-09
  5.17635E+06  7.38017E-09
  5.17655E+06  7.42482E-09
  5.17675E+06  7.44904E-09
  5.17695E+06  7.45261E-09
  5.17715E+06  7.43546E-09
  5.17735E+06  7.39773E-09
  5.17755E+06  7.33969E-09
  5.17775E+06  7.26181E-09
  5.17795E+06  7.16476E-09
  5.17815E+06  7.04927E-09
  5.17835E+06  6.91632E-09
  5.17855E+06  6.76688E-09
  5.17875E+06  6.60218E-09
  5.17895E+06  6.42353E-09
  5.17915E+06  6.23220E-09
  5.17935E+06  6.02973E-09
  5.17955E+06  5.81749E-09
  5.17975E+06  5.59704E-09
  5.17995E+06  5.36997E-09
  5.18015E+06  5.13770E-09
  5.18035E+06  4.90181E-09
  5.18055E+06  4.66372E-09
  5.18075E+06  4.42485E-09
  5.18095E+06  4.18661E-09
  5.18115E+06  3.95023E-09
  5.18135E+06  3.71695E-09
  5.18155E+06  3.48782E-09
  5.18175E+06  3.26386E-09
  5.18195E+06  3.04601E-09
  5.18215E+06  2.83500E-09
  5.18235E+06  2.63153E-09
  5.18255E+06  2.43617E-09
  5.18275E+06  2.24935E-09
  5.18295E+06  2.07153E-09
  5.18315E+06  1.90286E-09
  5.18335E+06  1.74351E-09
  5.18355E+06  1.59360E-09
  5.18375E+06  1.45299E-09
  5.18395E+06  1.32185E-09
  5.18415E+06  1.19982E-09
  5.18435E+06  1.08659E-09
  5.18455E+06  9.82208E-10
  5.18475E+06  8.85861E-10
  5.18495E+06  7.97919E-10
  5.18515E+06  7.17602E-10
  5.18535E+06  6.44090E-10
  5.18555E+06  5.77923E-10
  5.18575E+06  5.17255E-10
  5.18595E+06  4.63634E-10
  5.18615E+06  4.15538E-10
  5.18635E+06  3.71157E-10
  5.18655E+06  3.33154E-10
  5.18675E+06  2.96878E-10
  5.18695E+06  2.67574E-10
  5.18715E+06  2.41740E-10
  5.18735E+06  2.15452E-10
  5.18755E+06  1.96276E-10
  5.18775E+06  1.73753E-10
  5.18795E+06  1.60265E-10
  5.18815E+06  1.48608E-10
  5.18835E+06  1.31400E-10
  5.18855E+06  1.24016E-10
  5.18875E+06  1.07547E-10
  5.18895E+06  1.03882E-10
  5.18915E+06  1.00808E-10
  5.18935E+06  8.96389E-11
  5.18955E+06  8.89314E-11
  5.18975E+06  8.40791E-11
  5.18995E+06  8.43724E-11
  5.19015E+06  8.46566E-11
  5.19035E+06  8.39447E-11
  5.19055E+06  8.43576E-11
  5.19075E+06  8.44929E-11
  5.19095E+06  8.48507E-11
  5.19115E+06  8.51170E-11
  5.19135E+06  8.52440E-11
  5.19155E+06  8.53772E-11
  5.19175E+06  8.53619E-11
  5.19195E+06  8.53652E-11
  5.19215E+06  8.52722E-11
  5.19235E+06  8.50747E-11
  5.19255E+06  8.48256E-11
  5.19275E+06  8.44542E-11
  5.19295E+06  8.40559E-11
  5.19315E+06  8.35732E-11
  5.19335E+06  8.29935E-11
  5.19355E+06  8.23620E-11
  5.19375E+06  8.16498E-11
  5.19395E+06  8.08754E-11
  5.19415E+06  8.00330E-11
  5.19435E+06  7.91131E-11
  5.19455E+06  7.81475E-11
  5.19475E+06  7.71090E-11
  5.19495E+06  7.60381E-11
  5.19515E+06  7.49110E-11
  5.19535E+06  7.37286E-11
  5.19555E+06  7.25138E-11
  5.19575E+06  7.12420E-11
  5.19595E+06  6.99591E-11
  5.19615E+06  6.86386E-11
  5.19635E+06  6.72849E-11
  5.19655E+06  6.59161E-11
  5.19675E+06  6.45046E-11
  5.19695E+06  6.31068E-11
  5.19715E+06  6.16905E-11
  5.19735E+06  6.02531E-11
  5.19755E+06  5.88270E-11
  5.19775E+06  5.73837E-11
  5.19795E+06  5.59721E-11
  5.19815E+06  5.45526E-11
  5.19835E+06  5.31459E-11
  5.19855E+06  5.17503E-11
  5.19875E+06  5.03567E-11
  5.19895E+06  4.90083E-11
  5.19915E+06  4.76676E-11
  5.19935E+06  4.63580E-11
  5.19955E+06  4.50724E-11
  5.19975E+06  4.37950E-11
  5.19995E+06  4.25897E-11
  5.20015E+06  4.13993E-11
  5.20035E+06  4.02380E-11
  5.20055E+06  3.91220E-11
  5.20075E+06  3.80115E-11
  5.20095E+06  3.69786E-11
  5.20115E+06  3.59821E-11
  5.20135E+06  3.49794E-11
  5.20155E+06  3.40717E-11
  5.20175E+06  3.31637E-11
  5.20195E+06  3.23679E-11
  5.20215E+06  3.15945E-11
  5.20235E+06  3.08226E-11
  5.20255E+06  3.01432E-11
  5.20275E+06  2.94604E-11
  5.20295E+06  2.88935E-11
  5.20315E+06  2.83520E-11
  5.20335E+06  2.78466E-11
  5.20355E+06  2.74013E-11
  5.20375E+06  2.69793E-11
  5.20395E+06  2.66391E-11
  5.20415E+06  2.63267E-11
  5.20435E+06  2.60376E-11
  5.20455E+06  2.58143E-11
  5.20475E+06  2.55978E-11
  5.20495E+06  2.54715E-11
  5.20515E+06  2.53739E-11
  5.20535E+06  2.52962E-11
  5.20555E+06  2.52752E-11
  5.20575E+06  2.52454E-11
  5.20595E+06  2.53049E-11
  5.20615E+06  2.53902E-11
  5.20635E+06  2.54828E-11
  5.20655E+06  2.56285E-11
  5.20675E+06  2.57554E-11
  5.20695E+06  2.59637E-11
  5.20715E+06  2.61841E-11
  5.20735E+06  2.63907E-11
  5.20755E+06  2.66477E-11
  5.20775E+06  2.69065E-11
  5.20795E+06  2.71881E-11
  5.20815E+06  2.74733E-11
  5.20835E+06  2.77420E-11
  5.20855E+06  2.80344E-11
  5.20875E+06  2.83098E-11
  5.20895E+06  2.85995E-11
  5.20915E+06  2.88787E-11
  5.20935E+06  2.91373E-11
  5.20955E+06  2.93968E-11
  5.20975E+06  2.95971E-11
  5.20995E+06  2.98553E-11
  5.21015E+06  3.00712E-11
  5.21035E+06  3.02772E-11
  5.21055E+06  3.04527E-11
  5.21075E+06  3.05884E-11
  5.21095E+06  3.07518E-11
  5.21115E+06  3.08568E-11
  5.21135E+06  3.10034E-11
  5.21155E+06  3.10672E-11
  5.21175E+06  3.11047E-11
  5.21195E+06  3.12507E-11
  5.21215E+06  3.12614E-11
  5.21235E+06  3.15777E-11
  5.21255E+06  3.16112E-11
  5.21275E+06  3.16298E-11
  5.21295E+06  3.22862E-11
  5.21315E+06  3.24273E-11
  5.21335E+06  3.36780E-11
  5.21355E+06  3.40809E-11
  5.21375E+06  3.45349E-11
  5.21395E+06  3.72412E-11
  5.21415E+06  3.83076E-11
  5.21435E+06  4.29361E-11
  5.21455E+06  4.50336E-11
  5.21475E+06  4.74577E-11
  5.21495E+06  5.70160E-11
  5.21515E+06  6.15346E-11
  5.21535E+06  7.73691E-11
  5.21555E+06  8.53607E-11
  5.21575E+06  9.45400E-11
  5.21595E+06  1.24336E-10
  5.21615E+06  1.39943E-10
  5.21635E+06  1.86218E-10
  5.21655E+06  2.11914E-10
  5.21675E+06  2.41249E-10
  5.21695E+06  3.21083E-10
  5.21715E+06  3.67636E-10
  5.21735E+06  4.79750E-10
  5.21755E+06  5.50900E-10
  5.21775E+06  6.31669E-10
  5.21795E+06  8.09618E-10
  5.21815E+06  9.28960E-10
  5.21835E+06  1.16247E-09
  5.21855E+06  1.33308E-09
  5.21875E+06  1.52552E-09
  5.21895E+06  1.81991E-09
  5.21915E+06  2.07720E-09
  5.21935E+06  2.39059E-09
  5.21955E+06  2.71747E-09
  5.21975E+06  3.08186E-09
  5.21995E+06  3.49285E-09
  5.22015E+06  3.94277E-09
  5.22035E+06  4.44087E-09
  5.22055E+06  4.98869E-09
  5.22075E+06  5.59030E-09
  5.22095E+06  6.24944E-09
  5.22115E+06  6.96841E-09
  5.22135E+06  7.75099E-09
  5.22155E+06  8.59933E-09
  5.22175E+06  9.51634E-09
  5.22195E+06  1.05046E-08
  5.22215E+06  1.15656E-08
  5.22235E+06  1.27011E-08
  5.22255E+06  1.39121E-08
  5.22275E+06  1.51991E-08
  5.22295E+06  1.65621E-08
  5.22315E+06  1.80002E-08
  5.22335E+06  1.95122E-08
  5.22355E+06  2.10955E-08
  5.22375E+06  2.27474E-08
  5.22395E+06  2.44640E-08
  5.22415E+06  2.62405E-08
  5.22435E+06  2.80714E-08
  5.22455E+06  2.99500E-08
  5.22475E+06  3.18692E-08
  5.22495E+06  3.38208E-08
  5.22515E+06  3.57957E-08
  5.22535E+06  3.77843E-08
  5.22555E+06  3.97759E-08
  5.22575E+06  4.17594E-08
  5.22595E+06  4.37235E-08
  5.22615E+06  4.56559E-08
  5.22635E+06  4.75444E-08
  5.22655E+06  4.93762E-08
  5.22675E+06  5.11389E-08
  5.22695E+06  5.28201E-08
  5.22715E+06  5.44073E-08
  5.22735E+06  5.58887E-08
  5.22755E+06  5.72529E-08
  5.22775E+06  5.84892E-08
  5.22795E+06  5.95878E-08
  5.22815E+06  6.05395E-08
  5.22835E+06  6.13368E-08
  5.22855E+06  6.19727E-08
  5.22875E+06  6.24417E-08
  5.22895E+06  6.27399E-08
  5.22915E+06  6.28645E-08
  5.22935E+06  6.28143E-08
  5.22955E+06  6.25894E-08
  5.22975E+06  6.21916E-08
  5.22995E+06  6.16241E-08
  5.23015E+06  6.08911E-08
  5.23035E+06  5.99989E-08
  5.23055E+06  5.89544E-08
  5.23075E+06  5.77658E-08
  5.23095E+06  5.64429E-08
  5.23115E+06  5.49954E-08
  5.23135E+06  5.34351E-08
  5.23155E+06  5.17731E-08
  5.23175E+06  5.00220E-08
  5.23195E+06  4.81948E-08
  5.23215E+06  4.63037E-08
  5.23235E+06  4.43622E-08
  5.23255E+06  4.23825E-08
  5.23275E+06  4.03775E-08
  5.23295E+06  3.83598E-08
  5.23315E+06  3.63406E-08
  5.23335E+06  3.43314E-08
  5.23355E+06  3.23426E-08
  5.23375E+06  3.03839E-08
  5.23395E+06  2.84645E-08
  5.23415E+06  2.65923E-08
  5.23435E+06  2.47745E-08
  5.23455E+06  2.30173E-08
  5.23475E+06  2.13260E-08
  5.23495E+06  1.97054E-08
  5.23515E+06  1.81585E-08
  5.23535E+06  1.66880E-08
  5.23555E+06  1.52960E-08
  5.23575E+06  1.39827E-08
  5.23595E+06  1.27499E-08
  5.23615E+06  1.15960E-08
  5.23635E+06  1.05196E-08
  5.23655E+06  9.52072E-09
  5.23675E+06  8.59462E-09
  5.23695E+06  7.74294E-09
  5.23715E+06  6.96048E-09
  5.23735E+06  6.24161E-09
  5.23755E+06  5.58906E-09
  5.23775E+06  4.99046E-09
  5.23795E+06  4.45468E-09
  5.23815E+06  3.97122E-09
  5.23835E+06  3.52787E-09
  5.23855E+06  3.14013E-09
  5.23875E+06  2.77789E-09
  5.23895E+06  2.47301E-09
  5.23915E+06  2.20268E-09
  5.23935E+06  1.94037E-09
  5.23955E+06  1.73442E-09
  5.23975E+06  1.51489E-09
  5.23995E+06  1.36386E-09
  5.24015E+06  1.23225E-09
  5.24035E+06  1.06870E-09
  5.24055E+06  9.78436E-10
  5.24075E+06  8.28146E-10
  5.24095E+06  7.73600E-10
  5.24115E+06  7.27052E-10
  5.24135E+06  6.04901E-10
  5.24155E+06  5.85189E-10
  5.24175E+06  5.03322E-10
  5.24195E+06  5.00478E-10
  5.24215E+06  4.98433E-10
  5.24235E+06  4.76106E-10
  5.24255E+06  4.78730E-10
  5.24275E+06  4.76195E-10
  5.24295E+06  4.79399E-10
  5.24315E+06  4.82209E-10
  5.24335E+06  4.83882E-10
  5.24355E+06  4.86092E-10
  5.24375E+06  4.87495E-10
  5.24395E+06  4.89019E-10
  5.24415E+06  4.90018E-10
  5.24435E+06  4.90331E-10
  5.24455E+06  4.90511E-10
  5.24475E+06  4.90015E-10
  5.24495E+06  4.89381E-10
  5.24515E+06  4.88275E-10
  5.24535E+06  4.86649E-10
  5.24555E+06  4.84729E-10
  5.24575E+06  4.82318E-10
  5.24595E+06  4.79629E-10
  5.24615E+06  4.76555E-10
  5.24635E+06  4.73059E-10
  5.24655E+06  4.69296E-10
  5.24675E+06  4.65121E-10
  5.24695E+06  4.60753E-10
  5.24715E+06  4.56080E-10
  5.24735E+06  4.51055E-10
  5.24755E+06  4.45867E-10
  5.24775E+06  4.40374E-10
  5.24795E+06  4.34728E-10
  5.24815E+06  4.28863E-10
  5.24835E+06  4.22717E-10
  5.24855E+06  4.16483E-10
  5.24875E+06  4.10001E-10
  5.24895E+06  4.03451E-10
  5.24915E+06  3.96740E-10
  5.24935E+06  3.89810E-10
  5.24955E+06  3.82844E-10
  5.24975E+06  3.75667E-10
  5.24995E+06  3.68498E-10
  5.25015E+06  3.61210E-10
  5.25035E+06  3.53762E-10
  5.25055E+06  3.46312E-10
  5.25075E+06  3.38668E-10
  5.25095E+06  3.31113E-10
  5.25115E+06  3.23477E-10
  5.25135E+06  3.15714E-10
  5.25155E+06  3.08014E-10
  5.25175E+06  3.00208E-10
  5.25195E+06  2.92552E-10
  5.25215E+06  2.84809E-10
  5.25235E+06  2.77192E-10
  5.25255E+06  2.69519E-10
  5.25275E+06  2.61739E-10
  5.25295E+06  2.54469E-10
  5.25315E+06  2.46988E-10
  5.25335E+06  2.40086E-10
  5.25355E+06  2.32904E-10
  5.25375E+06  2.25603E-10
  5.25395E+06  2.19907E-10
  5.25415E+06  2.13380E-10
  5.25435E+06  2.09084E-10
  5.25455E+06  2.03434E-10
  5.25475E+06  1.97796E-10
  5.25495E+06  1.97574E-10
  5.25515E+06  1.93892E-10
  5.25535E+06  1.98511E-10
  5.25555E+06  1.97579E-10
  5.25575E+06  1.97311E-10
  5.25595E+06  2.14450E-10
  5.25615E+06  2.19652E-10
  5.25635E+06  2.52555E-10
  5.25655E+06  2.66369E-10
  5.25675E+06  2.83012E-10
  5.25695E+06  3.53206E-10
  5.25715E+06  3.86244E-10
  5.25735E+06  5.04331E-10
  5.25755E+06  5.64104E-10
  5.25775E+06  6.32978E-10
  5.25795E+06  8.57278E-10
  5.25815E+06  9.75179E-10
  5.25835E+06  1.32305E-09
  5.25855E+06  1.51717E-09
  5.25875E+06  1.73861E-09
  5.25895E+06  2.34272E-09
  5.25915E+06  2.69463E-09
  5.25935E+06  3.54520E-09
  5.25955E+06  4.08350E-09
  5.25975E+06  4.69434E-09
  5.25995E+06  6.04718E-09
  5.26015E+06  6.95088E-09
  5.26035E+06  8.72632E-09
  5.26055E+06  1.00194E-08
  5.26075E+06  1.14777E-08
  5.26095E+06  1.37356E-08
  5.26115E+06  1.56904E-08
  5.26135E+06  1.80820E-08
  5.26155E+06  2.05681E-08
  5.26175E+06  2.33397E-08
  5.26195E+06  2.64658E-08
  5.26215E+06  2.98894E-08
  5.26235E+06  3.36784E-08
  5.26255E+06  3.78484E-08
  5.26275E+06  4.24288E-08
  5.26295E+06  4.74462E-08
  5.26315E+06  5.29225E-08
  5.26335E+06  5.88827E-08
  5.26355E+06  6.53475E-08
  5.26375E+06  7.23374E-08
  5.26395E+06  7.98711E-08
  5.26415E+06  8.79626E-08
  5.26435E+06  9.66248E-08
  5.26455E+06  1.05865E-07
  5.26475E+06  1.15689E-07
  5.26495E+06  1.26095E-07
  5.26515E+06  1.37079E-07
  5.26535E+06  1.48630E-07
  5.26555E+06  1.60730E-07
  5.26575E+06  1.73359E-07
  5.26595E+06  1.86485E-07
  5.26615E+06  2.00075E-07
  5.26635E+06  2.14084E-07
  5.26655E+06  2.28465E-07
  5.26675E+06  2.43161E-07
  5.26695E+06  2.58110E-07
  5.26715E+06  2.73244E-07
  5.26735E+06  2.88487E-07
  5.26755E+06  3.03760E-07
  5.26775E+06  3.18977E-07
  5.26795E+06  3.34051E-07
  5.26815E+06  3.48888E-07
  5.26835E+06  3.63394E-07
  5.26855E+06  3.77473E-07
  5.26875E+06  3.91027E-07
  5.26895E+06  4.03961E-07
  5.26915E+06  4.16179E-07
  5.26935E+06  4.27592E-07
  5.26955E+06  4.38109E-07
  5.26975E+06  4.47650E-07
  5.26995E+06  4.56137E-07
  5.27015E+06  4.63501E-07
  5.27035E+06  4.69681E-07
  5.27055E+06  4.74625E-07
  5.27075E+06  4.78290E-07
  5.27095E+06  4.80644E-07
  5.27115E+06  4.81665E-07
  5.27135E+06  4.81343E-07
  5.27155E+06  4.79679E-07
  5.27175E+06  4.76685E-07
  5.27195E+06  4.72385E-07
  5.27215E+06  4.66812E-07
  5.27235E+06  4.60011E-07
  5.27255E+06  4.52037E-07
  5.27275E+06  4.42952E-07
  5.27295E+06  4.32830E-07
  5.27315E+06  4.21747E-07
  5.27335E+06  4.09790E-07
  5.27355E+06  3.97048E-07
  5.27375E+06  3.83616E-07
  5.27395E+06  3.69592E-07
  5.27415E+06  3.55073E-07
  5.27435E+06  3.40160E-07
  5.27455E+06  3.24950E-07
  5.27475E+06  3.09540E-07
  5.27495E+06  2.94027E-07
  5.27515E+06  2.78499E-07
  5.27535E+06  2.63043E-07
  5.27555E+06  2.47741E-07
  5.27575E+06  2.32667E-07
  5.27595E+06  2.17891E-07
  5.27615E+06  2.03476E-07
  5.27635E+06  1.89476E-07
  5.27655E+06  1.75941E-07
  5.27675E+06  1.62910E-07
  5.27695E+06  1.50420E-07
  5.27715E+06  1.38496E-07
  5.27735E+06  1.27159E-07
  5.27755E+06  1.16424E-07
  5.27775E+06  1.06294E-07
  5.27795E+06  9.67811E-08
  5.27815E+06  8.78757E-08
  5.27835E+06  7.95647E-08
  5.27855E+06  7.18502E-08
  5.27875E+06  6.46954E-08
  5.27895E+06  5.81113E-08
  5.27915E+06  5.20602E-08
  5.27935E+06  4.64972E-08
  5.27955E+06  4.14444E-08
  5.27975E+06  3.68078E-08
  5.27995E+06  3.26515E-08
  5.28015E+06  2.88980E-08
  5.28035E+06  2.54534E-08
  5.28055E+06  2.24351E-08
  5.28075E+06  1.96153E-08
  5.28095E+06  1.72318E-08
  5.28115E+06  1.51150E-08
  5.28135E+06  1.30630E-08
  5.28155E+06  1.14399E-08
  5.28175E+06  9.71696E-09
  5.28195E+06  8.51400E-09
  5.28215E+06  7.46195E-09
  5.28235E+06  6.16729E-09
  5.28255E+06  5.43310E-09
  5.28275E+06  4.24111E-09
  5.28295E+06  3.78165E-09
  5.28315E+06  3.38493E-09
  5.28335E+06  2.41111E-09
  5.28355E+06  2.22205E-09
  5.28375E+06  1.54097E-09
  5.28395E+06  1.48631E-09
  5.28415E+06  1.43912E-09
  5.28435E+06  1.22992E-09
  5.28455E+06  1.22217E-09
  5.28475E+06  1.17716E-09
  5.28495E+06  1.17601E-09
  5.28515E+06  1.17377E-09
  5.28535E+06  1.16587E-09
  5.28555E+06  1.16218E-09
  5.28575E+06  1.15623E-09
  5.28595E+06  1.15021E-09
  5.28615E+06  1.14276E-09
  5.28635E+06  1.13345E-09
  5.28655E+06  1.12349E-09
  5.28675E+06  1.11162E-09
  5.28695E+06  1.09933E-09
  5.28715E+06  1.08566E-09
  5.28735E+06  1.07055E-09
  5.28755E+06  1.05461E-09
  5.28775E+06  1.03733E-09
  5.28795E+06  1.01937E-09
  5.28815E+06  1.00040E-09
  5.28835E+06  9.80403E-10
  5.28855E+06  9.59794E-10
  5.28875E+06  9.38292E-10
  5.28895E+06  9.16386E-10
  5.28915E+06  8.93896E-10
  5.28935E+06  8.70766E-10
  5.28955E+06  8.47469E-10
  5.28975E+06  8.23628E-10
  5.28995E+06  7.99897E-10
  5.29015E+06  7.76013E-10
  5.29035E+06  7.51821E-10
  5.29055E+06  7.27979E-10
  5.29075E+06  7.03997E-10
  5.29095E+06  6.80510E-10
  5.29115E+06  6.57244E-10
  5.29135E+06  6.34047E-10
  5.29155E+06  6.11512E-10
  5.29175E+06  5.89035E-10
  5.29195E+06  5.67476E-10
  5.29215E+06  5.46417E-10
  5.29235E+06  5.25580E-10
  5.29255E+06  5.05727E-10
  5.29275E+06  4.86119E-10
  5.29295E+06  4.67596E-10
  5.29315E+06  4.49709E-10
  5.29335E+06  4.32253E-10
  5.29355E+06  4.15751E-10
  5.29375E+06  3.99665E-10
  5.29395E+06  3.84569E-10
  5.29415E+06  3.70130E-10
  5.29435E+06  3.56085E-10
  5.29455E+06  3.42999E-10
  5.29475E+06  3.30211E-10
  5.29495E+06  3.18428E-10
  5.29515E+06  3.07210E-10
  5.29535E+06  2.96203E-10
  5.29555E+06  2.86132E-10
  5.29575E+06  2.76027E-10
  5.29595E+06  2.67035E-10
  5.29615E+06  2.58447E-10
  5.29635E+06  2.49732E-10
  5.29655E+06  2.42010E-10
  5.29675E+06  2.33831E-10
  5.29695E+06  2.26883E-10
  5.29715E+06  2.20190E-10
  5.29735E+06  2.12987E-10
  5.29755E+06  2.06882E-10
  5.29775E+06  2.00375E-10
  5.29795E+06  1.94727E-10
  5.29815E+06  1.89190E-10
  5.29835E+06  1.83531E-10
  5.29855E+06  1.78277E-10
  5.29875E+06  1.72847E-10
  5.29895E+06  1.67867E-10
  5.29915E+06  1.62915E-10
  5.29935E+06  1.57846E-10
  5.29955E+06  1.53086E-10
  5.29975E+06  1.47978E-10
  5.29995E+06  1.43485E-10
  5.30015E+06  1.38991E-10
  5.30035E+06  1.34162E-10
  5.30055E+06  1.29876E-10
  5.30075E+06  1.25221E-10
  5.30095E+06  1.21175E-10
  5.30115E+06  1.17184E-10
  5.30135E+06  1.12907E-10
  5.30155E+06  1.09173E-10
  5.30175E+06  1.05326E-10
  5.30195E+06  1.01925E-10
  5.30215E+06  9.85638E-11
  5.30235E+06  9.53558E-11
  5.30255E+06  9.23015E-11
  5.30275E+06  8.93232E-11
  5.30295E+06  8.67462E-11
  5.30315E+06  8.42017E-11
  5.30335E+06  8.19868E-11
  5.30355E+06  7.98511E-11
  5.30375E+06  7.77848E-11
  5.30395E+06  7.65201E-11
  5.30415E+06  7.50794E-11
  5.30435E+06  7.43019E-11
  5.30455E+06  7.34318E-11
  5.30475E+06  7.26601E-11
  5.30495E+06  7.33033E-11
  5.30515E+06  7.33800E-11
  5.30535E+06  7.47753E-11
  5.30555E+06  7.56623E-11
  5.30575E+06  7.68305E-11
  5.30595E+06  8.01619E-11
  5.30615E+06  8.24365E-11
  5.30635E+06  8.66793E-11
  5.30655E+06  9.01492E-11
  5.30675E+06  9.41240E-11
  5.30695E+06  9.95679E-11
  5.30715E+06  1.04891E-10
  5.30735E+06  1.11045E-10
  5.30755E+06  1.17766E-10
  5.30775E+06  1.25181E-10
  5.30795E+06  1.33488E-10
  5.30815E+06  1.42593E-10
  5.30835E+06  1.52508E-10
  5.30855E+06  1.63437E-10
  5.30875E+06  1.75249E-10
  5.30895E+06  1.88203E-10
  5.30915E+06  2.02190E-10
  5.30935E+06  2.17188E-10
  5.30955E+06  2.33429E-10
  5.30975E+06  2.50701E-10
  5.30995E+06  2.69343E-10
  5.31015E+06  2.89162E-10
  5.31035E+06  3.10214E-10
  5.31055E+06  3.32502E-10
  5.31075E+06  3.55962E-10
  5.31095E+06  3.80789E-10
  5.31115E+06  4.06690E-10
  5.31135E+06  4.33842E-10
  5.31155E+06  4.61992E-10
  5.31175E+06  4.91132E-10
  5.31195E+06  5.21418E-10
  5.31215E+06  5.52406E-10
  5.31235E+06  5.84401E-10
  5.31255E+06  6.16809E-10
  5.31275E+06  6.49685E-10
  5.31295E+06  6.83253E-10
  5.31315E+06  7.16749E-10
  5.31335E+06  7.50499E-10
  5.31355E+06  7.83916E-10
  5.31375E+06  8.16975E-10
  5.31395E+06  8.49698E-10
  5.31415E+06  8.81567E-10
  5.31435E+06  9.12616E-10
  5.31455E+06  9.42475E-10
  5.31475E+06  9.71011E-10
  5.31495E+06  9.98113E-10
  5.31515E+06  1.02349E-09
  5.31535E+06  1.04703E-09
  5.31555E+06  1.06854E-09
  5.31575E+06  1.08787E-09
  5.31595E+06  1.10498E-09
  5.31615E+06  1.11961E-09
  5.31635E+06  1.13178E-09
  5.31655E+06  1.14133E-09
  5.31675E+06  1.14822E-09
  5.31695E+06  1.15257E-09
  5.31715E+06  1.15414E-09
  5.31735E+06  1.15316E-09
  5.31755E+06  1.14947E-09
  5.31775E+06  1.14321E-09
  5.31795E+06  1.13461E-09
  5.31815E+06  1.12353E-09
  5.31835E+06  1.11023E-09
  5.31855E+06  1.09479E-09
  5.31875E+06  1.07737E-09
  5.31895E+06  1.05819E-09
  5.31915E+06  1.03737E-09
  5.31935E+06  1.01509E-09
  5.31955E+06  9.91571E-10
  5.31975E+06  9.66977E-10
  5.31995E+06  9.41522E-10
  5.32015E+06  9.15369E-10
  5.32035E+06  8.88685E-10
  5.32055E+06  8.61698E-10
  5.32075E+06  8.34529E-10
  5.32095E+06  8.07386E-10
  5.32115E+06  7.80377E-10
  5.32135E+06  7.53607E-10
  5.32155E+06  7.27276E-10
  5.32175E+06  7.01402E-10
  5.32195E+06  6.76178E-10
  5.32215E+06  6.51622E-10
  5.32235E+06  6.27754E-10
  5.32255E+06  6.04726E-10
  5.32275E+06  5.82455E-10
  5.32295E+06  5.61096E-10
  5.32315E+06  5.40587E-10
  5.32335E+06  5.20917E-10
  5.32355E+06  5.02104E-10
  5.32375E+06  4.84096E-10
  5.32395E+06  4.66913E-10
  5.32415E+06  4.50492E-10
  5.32435E+06  4.34780E-10
  5.32455E+06  4.19784E-10
  5.32475E+06  4.05358E-10
  5.32495E+06  3.91625E-10
  5.32515E+06  3.78445E-10
  5.32535E+06  3.65678E-10
  5.32555E+06  3.53494E-10
  5.32575E+06  3.41598E-10
  5.32595E+06  3.30247E-10
  5.32615E+06  3.19234E-10
  5.32635E+06  3.08355E-10
  5.32655E+06  2.97962E-10
  5.32675E+06  2.87429E-10
  5.32695E+06  2.77582E-10
  5.32715E+06  2.67920E-10
  5.32735E+06  2.57965E-10
  5.32755E+06  2.48733E-10
  5.32775E+06  2.38806E-10
  5.32795E+06  2.30037E-10
  5.32815E+06  2.21356E-10
  5.32835E+06  2.11897E-10
  5.32855E+06  2.03628E-10
  5.32875E+06  1.93999E-10
  5.32895E+06  1.86275E-10
  5.32915E+06  1.78578E-10
  5.32935E+06  1.69766E-10
  5.32955E+06  1.62539E-10
  5.32975E+06  1.54683E-10
  5.32995E+06  1.47961E-10
  5.33015E+06  1.41248E-10
  5.33035E+06  1.34672E-10
  5.33055E+06  1.28339E-10
  5.33075E+06  1.22157E-10
  5.33095E+06  1.16486E-10
  5.33115E+06  1.10821E-10
  5.33135E+06  1.05590E-10
  5.33155E+06  1.00462E-10
  5.33175E+06  9.55862E-11
  5.33195E+06  9.14291E-11
  5.33215E+06  8.72383E-11
  5.33235E+06  8.38701E-11
  5.33255E+06  8.04363E-11
  5.33275E+06  7.73323E-11
  5.33295E+06  7.55354E-11
  5.33315E+06  7.33778E-11
  5.33335E+06  7.27633E-11
  5.33355E+06  7.16931E-11
  5.33375E+06  7.10018E-11
  5.33395E+06  7.26979E-11
  5.33415E+06  7.34610E-11
  5.33435E+06  7.68560E-11
  5.33455E+06  7.92456E-11
  5.33475E+06  8.21897E-11
  5.33495E+06  8.81431E-11
  5.33515E+06  9.31611E-11
  5.33535E+06  9.96455E-11
  5.33555E+06  1.06661E-10
  5.33575E+06  1.14405E-10
  5.33595E+06  1.23750E-10
  5.33615E+06  1.34000E-10
  5.33635E+06  1.45236E-10
  5.33655E+06  1.57916E-10
  5.33675E+06  1.71741E-10
  5.33695E+06  1.87062E-10
  5.33715E+06  2.03770E-10
  5.33735E+06  2.21830E-10
  5.33755E+06  2.41487E-10
  5.33775E+06  2.62637E-10
  5.33795E+06  2.85406E-10
  5.33815E+06  3.09778E-10
  5.33835E+06  3.35742E-10
  5.33855E+06  3.63383E-10
  5.33875E+06  3.92601E-10
  5.33895E+06  4.23523E-10
  5.33915E+06  4.56052E-10
  5.33935E+06  4.90095E-10
  5.33955E+06  5.25720E-10
  5.33975E+06  5.62695E-10
  5.33995E+06  6.01147E-10
  5.34015E+06  6.40856E-10
  5.34035E+06  6.81606E-10
  5.34055E+06  7.23468E-10
  5.34075E+06  7.66064E-10
  5.34095E+06  8.09449E-10
  5.34115E+06  8.53306E-10
  5.34135E+06  8.97391E-10
  5.34155E+06  9.41562E-10
  5.34175E+06  9.85522E-10
  5.34195E+06  1.02906E-09
  5.34215E+06  1.07190E-09
  5.34235E+06  1.11377E-09
  5.34255E+06  1.15441E-09
  5.34275E+06  1.19354E-09
  5.34295E+06  1.23089E-09
  5.34315E+06  1.26620E-09
  5.34335E+06  1.29921E-09
  5.34355E+06  1.32965E-09
  5.34375E+06  1.35730E-09
  5.34395E+06  1.38193E-09
  5.34415E+06  1.40335E-09
  5.34435E+06  1.42136E-09
  5.34455E+06  1.43582E-09
  5.34475E+06  1.44659E-09
  5.34495E+06  1.45357E-09
  5.34515E+06  1.45669E-09
  5.34535E+06  1.45590E-09
  5.34555E+06  1.45122E-09
  5.34575E+06  1.44264E-09
  5.34595E+06  1.43024E-09
  5.34615E+06  1.41410E-09
  5.34635E+06  1.39433E-09
  5.34655E+06  1.37108E-09
  5.34675E+06  1.34453E-09
  5.34695E+06  1.31487E-09
  5.34715E+06  1.28233E-09
  5.34735E+06  1.24713E-09
  5.34755E+06  1.20955E-09
  5.34775E+06  1.16984E-09
  5.34795E+06  1.12830E-09
  5.34815E+06  1.08520E-09
  5.34835E+06  1.04082E-09
  5.34855E+06  9.95475E-10
  5.34875E+06  9.49432E-10
  5.34895E+06  9.02981E-10
  5.34915E+06  8.56388E-10
  5.34935E+06  8.09901E-10
  5.34955E+06  7.63785E-10
  5.34975E+06  7.18250E-10
  5.34995E+06  6.73527E-10
  5.35015E+06  6.29799E-10
  5.35035E+06  5.87226E-10
  5.35055E+06  5.45987E-10
  5.35075E+06  5.06167E-10
  5.35095E+06  4.67945E-10
  5.35115E+06  4.31376E-10
  5.35135E+06  3.96483E-10
  5.35155E+06  3.63415E-10
  5.35175E+06  3.32084E-10
  5.35195E+06  3.02650E-10
  5.35215E+06  2.75034E-10
  5.35235E+06  2.49135E-10
  5.35255E+06  2.25108E-10
  5.35275E+06  2.02690E-10
  5.35295E+06  1.82095E-10
  5.35315E+06  1.63121E-10
  5.35335E+06  1.45575E-10
  5.35355E+06  1.29661E-10
  5.35375E+06  1.14930E-10
  5.35395E+06  1.01785E-10
  5.35415E+06  8.98808E-11
  5.35435E+06  7.89666E-11
  5.35455E+06  6.93338E-11
  5.35475E+06  6.03569E-11
  5.35495E+06  5.26980E-11
  5.35515E+06  4.58763E-11
  5.35535E+06  3.93715E-11
  5.35555E+06  3.40879E-11
  5.35575E+06  2.86638E-11
  5.35595E+06  2.46894E-11
  5.35615E+06  2.12032E-11
  5.35635E+06  1.71400E-11
  5.35655E+06  1.46510E-11
  5.35675E+06  1.09940E-11
  5.35695E+06  9.36028E-12
  5.35715E+06  7.94543E-12
  5.35735E+06  4.90029E-12
  5.35755E+06  4.14906E-12
  5.35775E+06  1.73833E-12
  5.35795E+06  1.47079E-12
  5.35815E+06  1.24064E-12
  5.35835E+06  3.45047E-13
  5.35855E+06  2.91064E-13
  5.35875E+06  4.26227E-14
  5.35895E+06  3.59921E-14
  5.35915E+06  3.03002E-14
  5.35935E+06  3.40261E-15
  5.35955E+06  2.86599E-15
  5.35975E+06  1.00000E-35
  5.35995E+06  1.00000E-35
  5.36015E+06  1.00000E-35
  5.36035E+06  1.00000E-35
  5.36055E+06  1.00000E-35
  5.36075E+06  1.00000E-35
  5.36095E+06  1.00000E-35
  5.36115E+06  1.00000E-35
  5.36135E+06  1.00000E-35
  5.36155E+06  1.00000E-35
  5.36175E+06  1.00000E-35
  5.36195E+06  1.00000E-35
  5.36215E+06  1.00000E-35
  5.36235E+06  1.00000E-35
  5.36255E+06  1.00000E-35
  5.36275E+06  1.00000E-35
  5.36295E+06  1.00000E-35
  5.36315E+06  1.00000E-35
  5.36335E+06  1.00000E-35
  5.36355E+06  1.00000E-35
  5.36375E+06  1.00000E-35
  5.36395E+06  1.00000E-35
  5.36415E+06  1.00000E-35
  5.36435E+06  1.00000E-35
  5.36455E+06  1.00000E-35
  5.36475E+06  1.00000E-35
  5.36495E+06  1.00000E-35
  5.36515E+06  1.00000E-35
  5.36535E+06  1.00000E-35
  5.36555E+06  1.00000E-35
  5.36575E+06  1.00000E-35
  5.36595E+06  1.00000E-35
  5.36615E+06  1.00000E-35
  5.36635E+06  1.00000E-35
  5.36655E+06  1.00000E-35
  5.36675E+06  1.00000E-35
  5.36695E+06  1.00000E-35
  5.36715E+06  1.00000E-35
  5.36735E+06  1.00000E-35
  5.36755E+06  1.00000E-35
  5.36775E+06  1.00000E-35
  5.36795E+06  1.00000E-35
  5.36815E+06  1.00000E-35
  5.36835E+06  1.00000E-35
  5.36855E+06  1.00000E-35
  5.36875E+06  1.00000E-35
  5.36895E+06  1.00000E-35
  5.36915E+06  1.00000E-35
  5.36935E+06  1.00000E-35
  5.36955E+06  1.00000E-35
  5.36975E+06  1.00000E-35
  5.36995E+06  1.00000E-35
  5.37015E+06  1.00000E-35
  5.37035E+06  1.00000E-35
  5.37055E+06  1.00000E-35
  5.37075E+06  1.00000E-35
  5.37095E+06  1.00000E-35
  5.37115E+06  1.00000E-35
  5.37135E+06  1.00000E-35
  5.37155E+06  1.00000E-35
  5.37175E+06  1.00000E-35
  5.37195E+06  1.00000E-35
  5.37215E+06  1.00000E-35
  5.37235E+06  1.00000E-35
  5.37255E+06  1.00000E-35
  5.37275E+06  1.00000E-35
  5.37295E+06  1.00000E-35
  5.37315E+06  1.00000E-35
  5.37335E+06  1.00000E-35
  5.37355E+06  1.00000E-35
  5.37375E+06  1.00000E-35
  5.37395E+06  1.00000E-35
  5.37415E+06  1.00000E-35
  5.37435E+06  1.00000E-35
  5.37455E+06  1.00000E-35
  5.37475E+06  1.00000E-35
  5.37495E+06  1.00000E-35
  5.37515E+06  1.00000E-35
  5.37535E+06  1.00000E-35
  5.37555E+06  1.00000E-35
  5.37575E+06  1.00000E-35
  5.37595E+06  1.00000E-35
  5.37615E+06  1.00000E-35
  5.37635E+06  1.00000E-35
  5.37655E+06  1.00000E-35
  5.37675E+06  1.00000E-35
  5.37695E+06  1.00000E-35
  5.37715E+06  1.00000E-35
  5.37735E+06  1.00000E-35
  5.37755E+06  1.00000E-35
  5.37775E+06  1.00000E-35
  5.37795E+06  1.00000E-35
  5.37815E+06  1.00000E-35
  5.37835E+06  1.00000E-35
  5.37855E+06  1.00000E-35
  5.37875E+06  1.00000E-35
  5.37895E+06  1.00000E-35
  5.37915E+06  1.00000E-35
  5.37935E+06  1.00000E-35
  5.37955E+06  1.00000E-35
  5.37975E+06  1.00000E-35
  5.37995E+06  1.00000E-35
  5.38015E+06  1.00000E-35
  5.38035E+06  1.00000E-35
  5.38055E+06  1.00000E-35
  5.38075E+06  1.00000E-35
  5.38095E+06  1.00000E-35
  5.38115E+06  1.00000E-35
  5.38135E+06  1.00000E-35
  5.38155E+06  1.00000E-35
  5.38175E+06  1.00000E-35
  5.38195E+06  1.00000E-35
  5.38215E+06  1.00000E-35
  5.38235E+06  1.00000E-35
  5.38255E+06  1.00000E-35
  5.38275E+06  1.00000E-35
  5.38295E+06  1.00000E-35
  5.38315E+06  1.00000E-35
  5.38335E+06  1.00000E-35
  5.38355E+06  1.00000E-35
  5.38375E+06  1.00000E-35
  5.38395E+06  1.00000E-35
  5.38415E+06  1.00000E-35
  5.38435E+06  1.00000E-35
  5.38455E+06  1.00000E-35
  5.38475E+06  1.00000E-35
  5.38495E+06  1.00000E-35
  5.38515E+06  1.00000E-35
  5.38535E+06  1.00000E-35
  5.38555E+06  1.00000E-35
  5.38575E+06  1.00000E-35
  5.38595E+06  1.00000E-35
  5.38615E+06  1.00000E-35
  5.38635E+06  1.00000E-35
  5.38655E+06  1.00000E-35
  5.38675E+06  1.00000E-35
  5.38695E+06  1.00000E-35
  5.38715E+06  1.00000E-35
  5.38735E+06  1.00000E-35
  5.38755E+06  1.00000E-35
  5.38775E+06  1.00000E-35
  5.38795E+06  1.00000E-35
  5.38815E+06  1.00000E-35
  5.38835E+06  1.00000E-35
  5.38855E+06  1.00000E-35
  5.38875E+06  1.00000E-35
  5.38895E+06  1.00000E-35
  5.38915E+06  1.00000E-35
  5.38935E+06  1.00000E-35
  5.38955E+06  1.00000E-35
  5.38975E+06  1.00000E-35
  5.38995E+06  1.00000E-35
  5.39015E+06  1.00000E-35
  5.39035E+06  1.00000E-35
  5.39055E+06  1.00000E-35
  5.39075E+06  1.00000E-35
  5.39095E+06  1.00000E-35
  5.39115E+06  1.00000E-35
  5.39135E+06  1.00000E-35
  5.39155E+06  1.00000E-35
  5.39175E+06  1.00000E-35
  5.39195E+06  1.00000E-35
  5.39215E+06  1.00000E-35
  5.39235E+06  1.00000E-35
  5.39255E+06  1.00000E-35
  5.39275E+06  1.00000E-35
  5.39295E+06  1.00000E-35
  5.39315E+06  1.00000E-35
  5.39335E+06  1.00000E-35
  5.39355E+06  1.00000E-35
  5.39375E+06  1.00000E-35
  5.39395E+06  1.00000E-35
  5.39415E+06  1.00000E-35
  5.39435E+06  1.00000E-35
  5.39455E+06  1.00000E-35
  5.39475E+06  1.00000E-35
  5.39495E+06  1.00000E-35
  5.39515E+06  1.00000E-35
  5.39535E+06  1.00000E-35
  5.39555E+06  1.00000E-35
  5.39575E+06  1.00000E-35
  5.39595E+06  1.00000E-35
  5.39615E+06  1.00000E-35
  5.39635E+06  1.00000E-35
  5.39655E+06  1.00000E-35
  5.39675E+06  1.00000E-35
  5.39695E+06  1.00000E-35
  5.39715E+06  1.00000E-35
  5.39735E+06  1.00000E-35
  5.39755E+06  1.00000E-35
  5.39775E+06  1.00000E-35
  5.39795E+06  1.00000E-35
  5.39815E+06  1.00000E-35
  5.39835E+06  1.00000E-35
  5.39855E+06  1.00000E-35
  5.39875E+06  1.00000E-35
  5.39895E+06  1.00000E-35
  5.39915E+06  1.00000E-35
  5.39935E+06  1.00000E-35
  5.39955E+06  1.00000E-35
  5.39975E+06  1.00000E-35
  5.39995E+06  1.00000E-35
  5.40015E+06  1.00000E-35
  5.40035E+06  1.00000E-35
  5.40055E+06  1.00000E-35
  5.40075E+06  1.00000E-35
  5.40095E+06  1.00000E-35
  5.40115E+06  1.00000E-35
  5.40135E+06  1.00000E-35
  5.40155E+06  1.00000E-35
  5.40175E+06  1.00000E-35
  5.40195E+06  1.00000E-35
  5.40215E+06  1.00000E-35
  5.40235E+06  1.00000E-35
  5.40255E+06  1.00000E-35
  5.40275E+06  1.00000E-35
  5.40295E+06  1.00000E-35
  5.40315E+06  1.00000E-35
  5.40335E+06  1.00000E-35
  5.40355E+06  1.00000E-35
  5.40375E+06  1.00000E-35
  5.40395E+06  1.00000E-35
  5.40415E+06  1.00000E-35
  5.40435E+06  1.00000E-35
  5.40455E+06  1.00000E-35
  5.40475E+06  1.00000E-35
  5.40495E+06  1.00000E-35
  5.40515E+06  1.00000E-35
  5.40535E+06  1.00000E-35
  5.40555E+06  1.00000E-35
  5.40575E+06  1.00000E-35
  5.40595E+06  1.00000E-35
  5.40615E+06  1.00000E-35
  5.40635E+06  1.00000E-35
  5.40655E+06  1.00000E-35
  5.40675E+06  1.00000E-35
  5.40695E+06  1.00000E-35
  5.40715E+06  1.00000E-35
  5.40735E+06  1.00000E-35
  5.40755E+06  1.00000E-35
  5.40775E+06  1.00000E-35
  5.40795E+06  1.00000E-35
  5.40815E+06  1.00000E-35
  5.40835E+06  1.00000E-35
  5.40855E+06  1.00000E-35
  5.40875E+06  1.00000E-35
  5.40895E+06  1.00000E-35
  5.40915E+06  1.00000E-35
  5.40935E+06  1.00000E-35
  5.40955E+06  1.00000E-35
  5.40975E+06  1.00000E-35
  5.40995E+06  1.00000E-35
  5.41015E+06  1.00000E-35
  5.41035E+06  1.00000E-35
  5.41055E+06  1.00000E-35
  5.41075E+06  1.00000E-35
  5.41095E+06  1.00000E-35
  5.41115E+06  1.00000E-35
  5.41135E+06  1.00000E-35
  5.41155E+06  1.00000E-35
  5.41175E+06  1.00000E-35
  5.41195E+06  1.00000E-35
  5.41215E+06  1.00000E-35
  5.41235E+06  1.00000E-35
  5.41255E+06  1.00000E-35
  5.41275E+06  1.00000E-35
  5.41295E+06  1.00000E-35
  5.41315E+06  1.00000E-35
  5.41335E+06  1.00000E-35
  5.41355E+06  1.00000E-35
  5.41375E+06  1.00000E-35
  5.41395E+06  1.00000E-35
  5.41415E+06  1.00000E-35
  5.41435E+06  1.00000E-35
  5.41455E+06  1.00000E-35
  5.41475E+06  1.00000E-35
  5.41495E+06  1.00000E-35
  5.41515E+06  1.00000E-35
  5.41535E+06  1.00000E-35
  5.41555E+06  1.00000E-35
  5.41575E+06  1.00000E-35
  5.41595E+06  1.00000E-35
  5.41615E+06  1.00000E-35
  5.41635E+06  1.00000E-35
  5.41655E+06  1.00000E-35
  5.41675E+06  1.00000E-35
  5.41695E+06  1.00000E-35
  5.41715E+06  1.00000E-35
  5.41735E+06  1.00000E-35
  5.41755E+06  1.00000E-35
  5.41775E+06  1.00000E-35
  5.41795E+06  1.00000E-35
  5.41815E+06  1.00000E-35
  5.41835E+06  1.00000E-35
  5.41855E+06  1.00000E-35
  5.41875E+06  1.00000E-35
  5.41895E+06  1.00000E-35
  5.41915E+06  1.00000E-35
  5.41935E+06  1.00000E-35
  5.41955E+06  1.00000E-35
  5.41975E+06  1.00000E-35
  5.41995E+06  1.00000E-35
  5.42015E+06  1.00000E-35
  5.42035E+06  1.00000E-35
  5.42055E+06  1.00000E-35
  5.42075E+06  1.00000E-35
  5.42095E+06  1.00000E-35
  5.42115E+06  1.00000E-35
  5.42135E+06  1.00000E-35
  5.42155E+06  1.00000E-35
  5.42175E+06  1.00000E-35
  5.42195E+06  1.00000E-35
  5.42215E+06  1.00000E-35
  5.42235E+06  1.00000E-35
  5.42255E+06  1.00000E-35
  5.42275E+06  1.00000E-35
  5.42295E+06  1.00000E-35
  5.42315E+06  1.00000E-35
  5.42335E+06  1.00000E-35
  5.42355E+06  1.00000E-35
  5.42375E+06  1.00000E-35
  5.42395E+06  1.00000E-35
  5.42415E+06  1.00000E-35
  5.42435E+06  1.00000E-35
  5.42455E+06  1.00000E-35
  5.42475E+06  1.00000E-35
  5.42495E+06  1.00000E-35
  5.42515E+06  1.00000E-35
  5.42535E+06  1.00000E-35
  5.42555E+06  1.00000E-35
  5.42575E+06  1.00000E-35
  5.42595E+06  1.00000E-35
  5.42615E+06  1.00000E-35
  5.42635E+06  1.00000E-35
  5.42655E+06  1.00000E-35
  5.42675E+06  1.00000E-35
  5.42695E+06  1.00000E-35
  5.42715E+06  1.00000E-35
  5.42735E+06  1.00000E-35
  5.42755E+06  1.00000E-35
  5.42775E+06  1.00000E-35
  5.42795E+06  1.00000E-35
  5.42815E+06  1.00000E-35
  5.42835E+06  1.00000E-35
  5.42855E+06  1.00000E-35
  5.42875E+06  1.00000E-35
  5.42895E+06  1.00000E-35
  5.42915E+06  1.00000E-35
  5.42935E+06  1.00000E-35
  5.42955E+06  1.00000E-35
  5.42975E+06  1.00000E-35
  5.42995E+06  1.00000E-35
  5.43015E+06  1.00000E-35
  5.43035E+06  1.00000E-35
  5.43055E+06  1.00000E-35
  5.43075E+06  1.00000E-35
  5.43095E+06  1.00000E-35
  5.43115E+06  1.00000E-35
  5.43135E+06  1.00000E-35
  5.43155E+06  1.00000E-35
  5.43175E+06  1.00000E-35
  5.43195E+06  1.00000E-35
  5.43215E+06  1.00000E-35
  5.43235E+06  1.00000E-35
  5.43255E+06  1.00000E-35
  5.43275E+06  1.00000E-35
  5.43295E+06  1.00000E-35
  5.43315E+06  1.00000E-35
  5.43335E+06  1.00000E-35
  5.43355E+06  1.00000E-35
  5.43375E+06  1.00000E-35
