 #  Results from PENHMAIN. Output from energy-deposition detector #  1
 #  Deposited energy spectrum.
 #  1st column: deposited energy (eV).
 #  2nd column: probability density (1/(eV*particle)).
 #  3rd column: statistical uncertainty (3 sigma).
  4.000350E+06  6.046861E-10  1.68E-10
  4.001050E+06  6.305274E-10  1.71E-10
  4.001750E+06  6.563687E-10  1.75E-10
  4.002450E+06  7.028830E-10  1.81E-10
  4.003150E+06  7.183878E-10  1.83E-10
  4.003850E+06  8.424260E-10  1.98E-10
  4.004550E+06  7.183878E-10  1.83E-10
  4.005250E+06  7.442291E-10  1.86E-10
  4.005950E+06  7.390608E-10  1.85E-10
  4.006650E+06  8.114164E-10  1.94E-10
  4.007350E+06  6.718735E-10  1.77E-10
  4.008050E+06  6.667052E-10  1.76E-10
  4.008750E+06  3.979558E-10  1.36E-10
  4.009450E+06  1.653842E-10  8.77E-11
  4.010150E+06  5.685083E-11  5.14E-11
  4.010850E+06  1.550477E-11  2.69E-11
  4.011550E+06  4.134606E-11  4.39E-11
  4.012250E+06  1.033651E-11  2.19E-11
  4.012950E+06  3.100954E-11  3.80E-11
  4.013650E+06  3.100954E-11  3.80E-11
  4.014350E+06  3.100954E-11  3.80E-11
  4.015050E+06  3.617780E-11  4.10E-11
  4.015750E+06  1.550477E-11  2.69E-11
  4.016450E+06  2.067303E-11  3.10E-11
  4.017150E+06  2.067303E-11  3.10E-11
  4.017850E+06  4.134606E-11  4.39E-11
  4.018550E+06  2.067303E-11  3.10E-11
  4.019250E+06  1.550477E-11  2.69E-11
  4.019950E+06  3.100954E-11  3.80E-11
  4.020650E+06  2.067303E-11  3.10E-11
  4.021350E+06  1.033651E-11  2.19E-11
  4.022050E+06  5.168257E-12  1.55E-11
  4.022750E+06  1.550477E-11  2.69E-11
  4.023450E+06  1.550477E-11  2.69E-11
  4.024150E+06  5.168257E-12  1.55E-11
  4.024850E+06  5.168257E-12  1.55E-11
  4.025550E+06  5.168257E-12  1.55E-11
  4.026250E+06  5.168257E-12  1.55E-11
  4.026950E+06  1.033651E-11  2.19E-11
  4.027650E+06  1.033651E-11  2.19E-11
  4.028350E+06  1.033651E-11  2.19E-11
  4.029050E+06  5.168257E-12  1.55E-11
  4.029750E+06  1.033651E-11  2.19E-11
  4.030450E+06  5.168257E-12  1.55E-11
  4.031150E+06  5.168257E-12  1.55E-11
  4.031850E+06  1.000000E-35  0.00E+00
  4.032550E+06  1.000000E-35  0.00E+00
  4.033250E+06  5.168257E-12  1.55E-11
  4.033950E+06  1.000000E-35  0.00E+00
  4.034650E+06  1.033651E-11  2.19E-11
  4.035350E+06  5.168257E-12  1.55E-11
  4.036050E+06  1.550477E-11  2.69E-11
  4.036750E+06  1.000000E-35  0.00E+00
  4.037450E+06  1.033651E-11  2.19E-11
  4.038150E+06  1.033651E-11  2.19E-11
  4.038850E+06  5.168257E-12  1.55E-11
  4.039550E+06  1.550477E-11  2.69E-11
  4.040250E+06  5.168257E-12  1.55E-11
  4.040950E+06  5.168257E-12  1.55E-11
  4.041650E+06  1.000000E-35  0.00E+00
  4.042350E+06  1.550477E-11  2.69E-11
  4.043050E+06  5.168257E-12  1.55E-11
  4.043750E+06  1.550477E-11  2.69E-11
  4.044450E+06  1.033651E-11  2.19E-11
  4.045150E+06  1.550477E-11  2.69E-11
  4.045850E+06  1.033651E-11  2.19E-11
  4.046550E+06  5.168257E-12  1.55E-11
  4.047250E+06  2.067303E-11  3.10E-11
  4.047950E+06  5.168257E-12  1.55E-11
  4.048650E+06  5.168257E-12  1.55E-11
  4.049350E+06  5.168257E-12  1.55E-11
  4.050050E+06  1.000000E-35  0.00E+00
  4.050750E+06  1.550477E-11  2.69E-11
  4.051450E+06  1.000000E-35  0.00E+00
  4.052150E+06  1.033651E-11  2.19E-11
  4.052850E+06  1.033651E-11  2.19E-11
  4.053550E+06  1.000000E-35  0.00E+00
  4.054250E+06  1.550477E-11  2.69E-11
  4.054950E+06  5.168257E-12  1.55E-11
  4.055650E+06  1.033651E-11  2.19E-11
  4.056350E+06  1.000000E-35  0.00E+00
  4.057050E+06  2.584129E-11  3.47E-11
  4.057750E+06  5.168257E-12  1.55E-11
  4.058450E+06  2.067303E-11  3.10E-11
  4.059150E+06  2.067303E-11  3.10E-11
  4.059850E+06  3.100954E-11  3.80E-11
  4.060550E+06  1.550477E-11  2.69E-11
  4.061250E+06  7.235560E-11  5.80E-11
  4.061950E+06  1.292064E-10  7.75E-11
  4.062650E+06  9.819689E-11  6.76E-11
  4.063350E+06  1.653842E-10  8.77E-11
  4.064050E+06  2.325716E-10  1.04E-10
  4.064750E+06  1.292064E-10  7.75E-11
  4.065450E+06  2.274033E-10  1.03E-10
  4.066150E+06  3.256002E-10  1.23E-10
  4.066850E+06  2.790859E-10  1.14E-10
  4.067550E+06  2.894224E-10  1.16E-10
  4.068250E+06  3.927876E-10  1.35E-10
  4.068950E+06  2.997589E-10  1.18E-10
  4.069650E+06  2.532446E-10  1.09E-10
  4.070350E+06  3.462733E-10  1.27E-10
  4.071050E+06  2.739176E-10  1.13E-10
  4.071750E+06  2.532446E-10  1.09E-10
  4.072450E+06  2.739176E-10  1.13E-10
  4.073150E+06  1.860573E-10  9.30E-11
  4.073850E+06  1.188699E-10  7.44E-11
  4.074550E+06  1.033651E-11  2.19E-11
  4.075250E+06  3.617780E-11  4.10E-11
  4.075950E+06  1.550477E-11  2.69E-11
  4.076650E+06  1.000000E-35  0.00E+00
  4.077350E+06  1.000000E-35  0.00E+00
  4.078050E+06  2.067303E-11  3.10E-11
  4.078750E+06  2.067303E-11  3.10E-11
  4.079450E+06  2.584129E-11  3.47E-11
  4.080150E+06  1.000000E-35  0.00E+00
  4.080850E+06  2.584129E-11  3.47E-11
  4.081550E+06  1.550477E-11  2.69E-11
  4.082250E+06  2.067303E-11  3.10E-11
  4.082950E+06  5.168257E-12  1.55E-11
  4.083650E+06  2.584129E-11  3.47E-11
  4.084350E+06  1.033651E-11  2.19E-11
  4.085050E+06  1.033651E-11  2.19E-11
  4.085750E+06  1.033651E-11  2.19E-11
  4.086450E+06  1.033651E-11  2.19E-11
  4.087150E+06  1.550477E-11  2.69E-11
  4.087850E+06  5.168257E-12  1.55E-11
  4.088550E+06  5.168257E-12  1.55E-11
  4.089250E+06  1.033651E-11  2.19E-11
  4.089950E+06  1.033651E-11  2.19E-11
  4.090650E+06  5.168257E-12  1.55E-11
  4.091350E+06  1.033651E-11  2.19E-11
  4.092050E+06  5.168257E-12  1.55E-11
  4.092750E+06  2.067303E-11  3.10E-11
  4.093450E+06  1.550477E-11  2.69E-11
  4.094150E+06  1.033651E-11  2.19E-11
  4.094850E+06  5.168257E-12  1.55E-11
  4.095550E+06  5.168257E-12  1.55E-11
  4.096250E+06  5.168257E-12  1.55E-11
  4.096950E+06  1.033651E-11  2.19E-11
  4.097650E+06  1.550477E-11  2.69E-11
  4.098350E+06  2.067303E-11  3.10E-11
  4.099050E+06  1.550477E-11  2.69E-11
  4.099750E+06  1.033651E-11  2.19E-11
  4.100450E+06  1.033651E-11  2.19E-11
  4.101150E+06  1.550477E-11  2.69E-11
  4.101850E+06  1.000000E-35  0.00E+00
  4.102550E+06  1.033651E-11  2.19E-11
  4.103250E+06  2.584129E-11  3.47E-11
  4.103950E+06  1.550477E-11  2.69E-11
  4.104650E+06  5.168257E-12  1.55E-11
  4.105350E+06  5.168257E-12  1.55E-11
  4.106050E+06  1.550477E-11  2.69E-11
  4.106750E+06  1.033651E-11  2.19E-11
  4.107450E+06  1.550477E-11  2.69E-11
  4.108150E+06  1.550477E-11  2.69E-11
  4.108850E+06  1.000000E-35  0.00E+00
  4.109550E+06  1.033651E-11  2.19E-11
  4.110250E+06  1.033651E-11  2.19E-11
  4.110950E+06  1.000000E-35  0.00E+00
  4.111650E+06  3.100954E-11  3.80E-11
  4.112350E+06  5.168257E-12  1.55E-11
  4.113050E+06  1.033651E-11  2.19E-11
  4.113750E+06  5.168257E-12  1.55E-11
  4.114450E+06  5.168257E-12  1.55E-11
  4.115150E+06  1.033651E-11  2.19E-11
  4.115850E+06  1.033651E-11  2.19E-11
  4.116550E+06  1.000000E-35  0.00E+00
  4.117250E+06  1.000000E-35  0.00E+00
  4.117950E+06  1.000000E-35  0.00E+00
  4.118650E+06  5.168257E-12  1.55E-11
  4.119350E+06  5.168257E-12  1.55E-11
  4.120050E+06  1.033651E-11  2.19E-11
  4.120750E+06  1.550477E-11  2.69E-11
  4.121450E+06  1.033651E-11  2.19E-11
  4.122150E+06  5.168257E-12  1.55E-11
  4.122850E+06  5.168257E-12  1.55E-11
  4.123550E+06  1.550477E-11  2.69E-11
  4.124250E+06  2.067303E-11  3.10E-11
  4.124950E+06  2.067303E-11  3.10E-11
  4.125650E+06  5.168257E-12  1.55E-11
  4.126350E+06  1.033651E-11  2.19E-11
  4.127050E+06  5.168257E-12  1.55E-11
  4.127750E+06  5.168257E-12  1.55E-11
  4.128450E+06  1.550477E-11  2.69E-11
  4.129150E+06  5.168257E-12  1.55E-11
  4.129850E+06  5.168257E-11  4.90E-11
  4.130550E+06  3.100954E-11  3.80E-11
  4.131250E+06  6.201909E-11  5.37E-11
  4.131950E+06  9.302863E-11  6.58E-11
  4.132650E+06  1.705525E-10  8.91E-11
  4.133350E+06  2.532446E-10  1.09E-10
  4.134050E+06  5.064892E-10  1.53E-10
  4.134750E+06  5.995179E-10  1.67E-10
  4.135450E+06  1.173194E-09  2.34E-10
  4.136150E+06  1.431607E-09  2.58E-10
  4.136850E+06  1.953601E-09  3.01E-10
  4.137550E+06  2.640980E-09  3.50E-10
  4.138250E+06  3.209488E-09  3.86E-10
  4.138950E+06  3.855520E-09  4.23E-10
  4.139650E+06  4.408524E-09  4.53E-10
  4.140350E+06  4.966695E-09  4.81E-10
  4.141050E+06  5.147584E-09  4.89E-10
  4.141750E+06  5.359483E-09  4.99E-10
  4.142450E+06  5.209604E-09  4.92E-10
  4.143150E+06  5.499026E-09  5.06E-10
  4.143850E+06  5.261286E-09  4.95E-10
  4.144550E+06  5.266454E-09  4.95E-10
  4.145250E+06  5.101070E-09  4.87E-10
  4.145950E+06  5.416334E-09  5.02E-10
  4.146650E+06  4.615254E-09  4.63E-10
  4.147350E+06  3.607444E-09  4.10E-10
  4.148050E+06  2.113817E-09  3.14E-10
  4.148750E+06  7.442291E-10  1.86E-10
  4.149450E+06  3.462733E-10  1.27E-10
  4.150150E+06  2.790859E-10  1.14E-10
  4.150850E+06  2.067303E-10  9.81E-11
  4.151550E+06  1.653842E-10  8.77E-11
  4.152250E+06  2.170668E-10  1.00E-10
  4.152950E+06  2.325716E-10  1.04E-10
  4.153650E+06  1.705525E-10  8.91E-11
  4.154350E+06  2.067303E-10  9.81E-11
  4.155050E+06  1.653842E-10  8.77E-11
  4.155750E+06  2.118986E-10  9.93E-11
  4.156450E+06  1.240382E-10  7.60E-11
  4.157150E+06  1.653842E-10  8.77E-11
  4.157850E+06  1.757208E-10  9.04E-11
  4.158550E+06  1.447112E-10  8.20E-11
  4.159250E+06  1.602160E-10  8.63E-11
  4.159950E+06  1.550477E-10  8.49E-11
  4.160650E+06  1.240382E-10  7.60E-11
  4.161350E+06  8.269212E-11  6.20E-11
  4.162050E+06  9.302863E-11  6.58E-11
  4.162750E+06  8.269212E-11  6.20E-11
  4.163450E+06  9.302863E-11  6.58E-11
  4.164150E+06  7.235560E-11  5.80E-11
  4.164850E+06  4.134606E-11  4.39E-11
  4.165550E+06  4.134606E-11  4.39E-11
  4.166250E+06  3.617780E-11  4.10E-11
  4.166950E+06  1.033651E-11  2.19E-11
  4.167650E+06  3.100954E-11  3.80E-11
  4.168350E+06  7.235560E-11  5.80E-11
  4.169050E+06  4.651432E-11  4.65E-11
  4.169750E+06  3.617780E-11  4.10E-11
  4.170450E+06  3.100954E-11  3.80E-11
  4.171150E+06  6.201909E-11  5.37E-11
  4.171850E+06  6.718735E-11  5.59E-11
  4.172550E+06  1.550477E-11  2.69E-11
  4.173250E+06  3.100954E-11  3.80E-11
  4.173950E+06  3.100954E-11  3.80E-11
  4.174650E+06  2.584129E-11  3.47E-11
  4.175350E+06  3.100954E-11  3.80E-11
  4.176050E+06  2.584129E-11  3.47E-11
  4.176750E+06  5.168257E-11  4.90E-11
  4.177450E+06  4.651432E-11  4.65E-11
  4.178150E+06  2.067303E-11  3.10E-11
  4.178850E+06  2.067303E-11  3.10E-11
  4.179550E+06  5.685083E-11  5.14E-11
  4.180250E+06  5.168257E-11  4.90E-11
  4.180950E+06  3.100954E-11  3.80E-11
  4.181650E+06  3.100954E-11  3.80E-11
  4.182350E+06  5.168257E-11  4.90E-11
  4.183050E+06  4.651432E-11  4.65E-11
  4.183750E+06  5.685083E-11  5.14E-11
  4.184450E+06  4.651432E-11  4.65E-11
  4.185150E+06  7.235560E-11  5.80E-11
  4.185850E+06  6.201909E-11  5.37E-11
  4.186550E+06  7.235560E-11  5.80E-11
  4.187250E+06  7.235560E-11  5.80E-11
  4.187950E+06  9.819689E-11  6.76E-11
  4.188650E+06  5.168257E-11  4.90E-11
  4.189350E+06  4.651432E-11  4.65E-11
  4.190050E+06  7.235560E-11  5.80E-11
  4.190750E+06  1.395430E-10  8.06E-11
  4.191450E+06  1.395430E-10  8.06E-11
  4.192150E+06  2.377398E-10  1.05E-10
  4.192850E+06  4.134606E-10  1.39E-10
  4.193550E+06  8.217529E-10  1.96E-10
  4.194250E+06  1.214541E-09  2.38E-10
  4.194950E+06  2.377398E-09  3.33E-10
  4.195650E+06  3.845184E-09  4.23E-10
  4.196350E+06  5.845299E-09  5.21E-10
  4.197050E+06  9.385556E-09  6.61E-10
  4.197750E+06  1.430574E-08  8.16E-10
  4.198450E+06  2.139659E-08  9.98E-10
  4.199150E+06  3.065294E-08  1.19E-09
  4.199850E+06  4.326348E-08  1.42E-09
  4.200550E+06  5.668545E-08  1.62E-09
  4.201250E+06  6.998854E-08  1.80E-09
  4.201950E+06  8.367926E-08  1.97E-09
  4.202650E+06  9.607274E-08  2.11E-09
  4.203350E+06  1.060630E-07  2.22E-09
  4.204050E+06  1.105697E-07  2.27E-09
  4.204750E+06  1.146475E-07  2.31E-09
  4.205450E+06  1.139342E-07  2.30E-09
  4.206150E+06  1.159447E-07  2.32E-09
  4.206850E+06  1.153452E-07  2.32E-09
  4.207550E+06  1.143942E-07  2.31E-09
  4.208250E+06  1.102648E-07  2.26E-09
  4.208950E+06  1.030602E-07  2.19E-09
  4.209650E+06  8.618586E-08  2.00E-09
  4.210350E+06  6.030840E-08  1.67E-09
  4.211050E+06  2.984152E-08  1.18E-09
  4.211750E+06  9.747334E-09  6.73E-10
  4.212450E+06  4.987368E-09  4.82E-10
  4.213150E+06  4.088092E-09  4.36E-10
  4.213850E+06  3.726314E-09  4.16E-10
  4.214550E+06  3.860688E-09  4.24E-10
  4.215250E+06  4.000231E-09  4.31E-10
  4.215950E+06  4.356841E-09  4.50E-10
  4.216650E+06  4.646263E-09  4.65E-10
  4.217350E+06  4.382682E-09  4.52E-10
  4.218050E+06  4.553235E-09  4.60E-10
  4.218750E+06  4.661768E-09  4.66E-10
  4.219450E+06  4.408524E-09  4.53E-10
  4.220150E+06  4.289654E-09  4.47E-10
  4.220850E+06  4.258644E-09  4.45E-10
  4.221550E+06  3.953717E-09  4.29E-10
  4.222250E+06  3.364536E-09  3.96E-10
  4.222950E+06  2.966580E-09  3.71E-10
  4.223650E+06  2.336052E-09  3.30E-10
  4.224350E+06  1.312737E-09  2.47E-10
  4.225050E+06  1.028483E-09  2.19E-10
  4.225750E+06  9.457911E-10  2.10E-10
  4.226450E+06  7.649021E-10  1.89E-10
  4.227150E+06  7.597338E-10  1.88E-10
  4.227850E+06  6.925465E-10  1.79E-10
  4.228550E+06  6.356957E-10  1.72E-10
  4.229250E+06  7.649021E-10  1.89E-10
  4.229950E+06  6.356957E-10  1.72E-10
  4.230650E+06  6.615370E-10  1.75E-10
  4.231350E+06  7.028830E-10  1.81E-10
  4.232050E+06  7.959116E-10  1.92E-10
  4.232750E+06  8.165847E-10  1.95E-10
  4.233450E+06  1.121512E-09  2.28E-10
  4.234150E+06  1.126680E-09  2.29E-10
  4.234850E+06  1.410934E-09  2.56E-10
  4.235550E+06  1.596992E-09  2.73E-10
  4.236250E+06  1.586655E-09  2.72E-10
  4.236950E+06  1.674515E-09  2.79E-10
  4.237650E+06  1.695188E-09  2.81E-10
  4.238350E+06  1.695188E-09  2.81E-10
  4.239050E+06  1.555645E-09  2.69E-10
  4.239750E+06  1.788217E-09  2.88E-10
  4.240450E+06  1.669347E-09  2.79E-10
  4.241150E+06  1.581487E-09  2.71E-10
  4.241850E+06  1.498795E-09  2.64E-10
  4.242550E+06  1.695188E-09  2.81E-10
  4.243250E+06  1.266223E-09  2.43E-10
  4.243950E+06  1.054325E-09  2.21E-10
  4.244650E+06  6.873782E-10  1.79E-10
  4.245350E+06  5.685083E-10  1.63E-10
  4.246050E+06  5.116575E-10  1.54E-10
  4.246750E+06  5.168257E-10  1.55E-10
  4.247450E+06  5.840131E-10  1.65E-10
  4.248150E+06  6.356957E-10  1.72E-10
  4.248850E+06  8.682673E-10  2.01E-10
  4.249550E+06  9.768007E-10  2.13E-10
  4.250250E+06  1.193867E-09  2.36E-10
  4.250950E+06  1.591823E-09  2.72E-10
  4.251650E+06  2.206846E-09  3.20E-10
  4.252350E+06  2.284370E-09  3.26E-10
  4.253050E+06  3.116459E-09  3.81E-10
  4.253750E+06  3.380040E-09  3.97E-10
  4.254450E+06  4.098428E-09  4.37E-10
  4.255150E+06  3.886530E-09  4.25E-10
  4.255850E+06  4.196625E-09  4.42E-10
  4.256550E+06  4.108765E-09  4.37E-10
  4.257250E+06  4.403355E-09  4.53E-10
  4.257950E+06  4.248308E-09  4.45E-10
  4.258650E+06  4.439533E-09  4.54E-10
  4.259350E+06  4.227635E-09  4.43E-10
  4.260050E+06  3.886530E-09  4.25E-10
  4.260750E+06  3.881361E-09  4.25E-10
  4.261450E+06  2.734008E-09  3.57E-10
  4.262150E+06  1.715861E-09  2.83E-10
  4.262850E+06  8.527625E-10  1.99E-10
  4.263550E+06  5.530035E-10  1.60E-10
  4.264250E+06  5.685083E-10  1.63E-10
  4.264950E+06  5.478353E-10  1.60E-10
  4.265650E+06  6.822100E-10  1.78E-10
  4.266350E+06  7.907434E-10  1.92E-10
  4.267050E+06  8.527625E-10  1.99E-10
  4.267750E+06  8.475942E-10  1.99E-10
  4.268450E+06  8.941085E-10  2.04E-10
  4.269150E+06  1.090502E-09  2.25E-10
  4.269850E+06  1.147353E-09  2.31E-10
  4.270550E+06  1.152521E-09  2.32E-10
  4.271250E+06  1.250718E-09  2.41E-10
  4.271950E+06  1.519468E-09  2.66E-10
  4.272650E+06  1.503963E-09  2.64E-10
  4.273350E+06  1.824395E-09  2.91E-10
  4.274050E+06  1.839900E-09  2.93E-10
  4.274750E+06  1.772712E-09  2.87E-10
  4.275450E+06  2.005284E-09  3.05E-10
  4.276150E+06  1.710693E-09  2.82E-10
  4.276850E+06  1.839900E-09  2.93E-10
  4.277550E+06  1.963938E-09  3.02E-10
  4.278250E+06  1.891582E-09  2.97E-10
  4.278950E+06  1.834731E-09  2.92E-10
  4.279650E+06  1.969106E-09  3.03E-10
  4.280350E+06  1.808890E-09  2.90E-10
  4.281050E+06  1.659011E-09  2.78E-10
  4.281750E+06  1.550477E-09  2.69E-10
  4.282450E+06  1.230045E-09  2.39E-10
  4.283150E+06  8.941085E-10  2.04E-10
  4.283850E+06  4.496384E-10  1.45E-10
  4.284550E+06  3.876193E-10  1.34E-10
  4.285250E+06  3.100954E-10  1.20E-10
  4.285950E+06  2.945907E-10  1.17E-10
  4.286650E+06  2.790859E-10  1.14E-10
  4.287350E+06  3.100954E-10  1.20E-10
  4.288050E+06  2.480764E-10  1.07E-10
  4.288750E+06  2.790859E-10  1.14E-10
  4.289450E+06  3.721145E-10  1.32E-10
  4.290150E+06  3.617780E-10  1.30E-10
  4.290850E+06  4.651432E-10  1.47E-10
  4.291550E+06  6.098544E-10  1.68E-10
  4.292250E+06  5.374988E-10  1.58E-10
  4.292950E+06  7.183878E-10  1.83E-10
  4.293650E+06  7.287243E-10  1.84E-10
  4.294350E+06  7.907434E-10  1.92E-10
  4.295050E+06  8.630990E-10  2.00E-10
  4.295750E+06  1.002642E-09  2.16E-10
  4.296450E+06  1.059493E-09  2.22E-10
  4.297150E+06  1.106007E-09  2.27E-10
  4.297850E+06  8.269212E-10  1.96E-10
  4.298550E+06  9.044451E-10  2.05E-10
  4.299250E+06  9.302863E-10  2.08E-10
  4.299950E+06  9.612959E-10  2.11E-10
  4.300650E+06  1.152521E-09  2.32E-10
  4.301350E+06  1.168026E-09  2.33E-10
  4.302050E+06  1.560814E-09  2.69E-10
  4.302750E+06  1.958770E-09  3.02E-10
  4.303450E+06  2.460091E-09  3.38E-10
  4.304150E+06  4.206962E-09  4.42E-10
  4.304850E+06  6.646379E-09  5.56E-10
  4.305550E+06  9.499257E-09  6.65E-10
  4.306250E+06  1.420754E-08  8.13E-10
  4.306950E+06  1.957219E-08  9.54E-10
  4.307650E+06  2.586713E-08  1.10E-09
  4.308350E+06  3.304584E-08  1.24E-09
  4.309050E+06  4.196108E-08  1.40E-09
  4.309750E+06  4.962561E-08  1.52E-09
  4.310450E+06  5.514531E-08  1.60E-09
  4.311150E+06  5.951765E-08  1.66E-09
  4.311850E+06  6.345070E-08  1.72E-09
  4.312550E+06  6.523891E-08  1.74E-09
  4.313250E+06  6.597797E-08  1.75E-09
  4.313950E+06  6.695994E-08  1.76E-09
  4.314650E+06  6.881018E-08  1.79E-09
  4.315350E+06  6.877917E-08  1.79E-09
  4.316050E+06  6.661367E-08  1.76E-09
  4.316750E+06  5.921789E-08  1.66E-09
  4.317450E+06  4.836972E-08  1.50E-09
  4.318150E+06  3.207421E-08  1.22E-09
  4.318850E+06  1.714311E-08  8.93E-10
  4.319550E+06  1.237798E-08  7.59E-10
  4.320250E+06  1.091536E-08  7.13E-10
  4.320950E+06  1.048123E-08  6.98E-10
  4.321650E+06  1.019180E-08  6.89E-10
  4.322350E+06  9.442406E-09  6.63E-10
  4.323050E+06  7.933275E-09  6.07E-10
  4.323750E+06  5.876309E-09  5.23E-10
  4.324450E+06  4.181120E-09  4.41E-10
  4.325150E+06  2.847710E-09  3.64E-10
  4.325850E+06  2.460091E-09  3.38E-10
  4.326550E+06  2.558287E-09  3.45E-10
  4.327250E+06  2.382567E-09  3.33E-10
  4.327950E+06  2.346389E-09  3.30E-10
  4.328650E+06  2.372230E-09  3.32E-10
  4.329350E+06  2.025957E-09  3.07E-10
  4.330050E+06  1.994947E-09  3.05E-10
  4.330750E+06  1.767544E-09  2.87E-10
  4.331450E+06  1.783049E-09  2.88E-10
  4.332150E+06  1.576319E-09  2.71E-10
  4.332850E+06  1.462617E-09  2.61E-10
  4.333550E+06  1.312737E-09  2.47E-10
  4.334250E+06  1.199036E-09  2.36E-10
  4.334950E+06  9.768007E-10  2.13E-10
  4.335650E+06  1.007810E-09  2.17E-10
  4.336350E+06  8.424260E-10  1.98E-10
  4.337050E+06  9.302863E-10  2.08E-10
  4.337750E+06  8.579307E-10  2.00E-10
  4.338450E+06  6.615370E-10  1.75E-10
  4.339150E+06  6.667052E-10  1.76E-10
  4.339850E+06  7.804069E-10  1.91E-10
  4.340550E+06  5.426670E-10  1.59E-10
  4.341250E+06  5.995179E-10  1.67E-10
  4.341950E+06  7.080513E-10  1.81E-10
  4.342650E+06  6.615370E-10  1.75E-10
  4.343350E+06  1.012978E-09  2.17E-10
  4.344050E+06  1.565982E-09  2.70E-10
  4.344750E+06  2.392903E-09  3.34E-10
  4.345450E+06  3.529920E-09  4.05E-10
  4.346150E+06  5.829794E-09  5.21E-10
  4.346850E+06  9.979905E-09  6.81E-10
  4.347550E+06  1.539107E-08  8.46E-10
  4.348250E+06  2.531413E-08  1.09E-09
  4.348950E+06  3.804871E-08  1.33E-09
  4.349650E+06  5.627716E-08  1.62E-09
  4.350350E+06  8.084705E-08  1.94E-09
  4.351050E+06  1.128282E-07  2.29E-09
  4.351750E+06  1.522672E-07  2.66E-09
  4.352450E+06  1.956030E-07  3.02E-09
  4.353150E+06  2.398743E-07  3.34E-09
  4.353850E+06  2.834841E-07  3.63E-09
  4.354550E+06  3.218171E-07  3.87E-09
  4.355250E+06  3.473638E-07  4.02E-09
  4.355950E+06  3.630598E-07  4.11E-09
  4.356650E+06  3.714323E-07  4.16E-09
  4.357350E+06  3.741818E-07  4.17E-09
  4.358050E+06  3.719802E-07  4.16E-09
  4.358750E+06  3.690808E-07  4.14E-09
  4.359450E+06  3.612405E-07  4.10E-09
  4.360150E+06  3.437046E-07  4.00E-09
  4.360850E+06  3.041623E-07  3.76E-09
  4.361550E+06  2.382928E-07  3.33E-09
  4.362250E+06  1.388659E-07  2.54E-09
  4.362950E+06  5.300048E-08  1.57E-09
  4.363650E+06  2.123637E-08  9.94E-10
  4.364350E+06  1.370105E-08  7.98E-10
  4.365050E+06  1.210923E-08  7.50E-10
  4.365750E+06  1.145286E-08  7.30E-10
  4.366450E+06  1.120478E-08  7.22E-10
  4.367150E+06  1.236764E-08  7.58E-10
  4.367850E+06  1.276560E-08  7.71E-10
  4.368550E+06  1.321007E-08  7.84E-10
  4.369250E+06  1.394913E-08  8.05E-10
  4.369950E+06  1.334444E-08  7.88E-10
  4.370650E+06  1.382509E-08  8.02E-10
  4.371350E+06  1.314288E-08  7.82E-10
  4.372050E+06  1.258471E-08  7.65E-10
  4.372750E+06  1.257437E-08  7.65E-10
  4.373450E+06  1.129781E-08  7.25E-10
  4.374150E+06  1.043471E-08  6.97E-10
  4.374850E+06  9.954064E-09  6.80E-10
  4.375550E+06  9.607791E-09  6.69E-10
  4.376250E+06  1.004192E-08  6.83E-10
  4.376950E+06  1.235730E-08  7.58E-10
  4.377650E+06  1.605261E-08  8.64E-10
  4.378350E+06  2.393420E-08  1.06E-09
  4.379050E+06  3.641037E-08  1.30E-09
  4.379750E+06  6.017402E-08  1.67E-09
  4.380450E+06  9.358681E-08  2.09E-09
  4.381150E+06  1.432744E-07  2.58E-09
  4.381850E+06  2.131389E-07  3.15E-09
  4.382550E+06  3.039401E-07  3.76E-09
  4.383250E+06  4.162566E-07  4.40E-09
  4.383950E+06  5.462693E-07  5.04E-09
  4.384650E+06  6.908978E-07  5.67E-09
  4.385350E+06  8.308387E-07  6.21E-09
  4.386050E+06  9.524530E-07  6.65E-09
  4.386750E+06  1.049435E-06  6.98E-09
  4.387450E+06  1.114070E-06  7.20E-09
  4.388150E+06  1.149043E-06  7.31E-09
  4.388850E+06  1.160579E-06  7.34E-09
  4.389550E+06  1.168171E-06  7.37E-09
  4.390250E+06  1.163178E-06  7.35E-09
  4.390950E+06  1.143596E-06  7.29E-09
  4.391650E+06  1.100374E-06  7.15E-09
  4.392350E+06  1.001582E-06  6.82E-09
  4.393050E+06  8.234740E-07  6.19E-09
  4.393750E+06  5.381396E-07  5.00E-09
  4.394450E+06  2.237080E-07  3.23E-09
  4.395150E+06  7.017460E-08  1.81E-09
  4.395850E+06  3.729931E-08  1.32E-09
  4.396550E+06  2.872001E-08  1.16E-09
  4.397250E+06  2.552086E-08  1.09E-09
  4.397950E+06  2.563456E-08  1.09E-09
  4.398650E+06  2.944873E-08  1.17E-09
  4.399350E+06  3.492708E-08  1.27E-09
  4.400050E+06  4.065351E-08  1.38E-09
  4.400750E+06  4.840073E-08  1.50E-09
  4.401450E+06  5.552259E-08  1.61E-09
  4.402150E+06  6.268063E-08  1.71E-09
  4.402850E+06  6.928049E-08  1.80E-09
  4.403550E+06  7.390091E-08  1.85E-09
  4.404250E+06  7.730680E-08  1.90E-09
  4.404950E+06  7.911569E-08  1.92E-09
  4.405650E+06  7.882626E-08  1.91E-09
  4.406350E+06  7.805619E-08  1.91E-09
  4.407050E+06  7.605091E-08  1.88E-09
  4.407750E+06  7.267087E-08  1.84E-09
  4.408450E+06  7.091366E-08  1.82E-09
  4.409150E+06  6.394685E-08  1.72E-09
  4.409850E+06  5.407031E-08  1.59E-09
  4.410550E+06  4.035892E-08  1.37E-09
  4.411250E+06  2.168601E-08  1.00E-09
  4.411950E+06  9.111638E-09  6.51E-10
  4.412650E+06  4.966695E-09  4.81E-10
  4.413350E+06  4.418860E-09  4.53E-10
  4.414050E+06  4.036409E-09  4.33E-10
  4.414750E+06  3.777996E-09  4.19E-10
  4.415450E+06  3.240497E-09  3.88E-10
  4.416150E+06  3.013094E-09  3.74E-10
  4.416850E+06  2.501437E-09  3.41E-10
  4.417550E+06  2.470427E-09  3.39E-10
  4.418250E+06  2.403240E-09  3.34E-10
  4.418950E+06  2.134490E-09  3.15E-10
  4.419650E+06  1.974274E-09  3.03E-10
  4.420350E+06  1.808890E-09  2.90E-10
  4.421050E+06  1.700357E-09  2.81E-10
  4.421750E+06  2.206846E-09  3.20E-10
  4.422450E+06  2.682326E-09  3.53E-10
  4.423150E+06  3.271507E-09  3.90E-10
  4.423850E+06  3.840015E-09  4.23E-10
  4.424550E+06  4.506721E-09  4.58E-10
  4.425250E+06  5.245781E-09  4.94E-10
  4.425950E+06  5.685083E-09  5.14E-10
  4.426650E+06  6.393134E-09  5.45E-10
  4.427350E+06  6.367293E-09  5.44E-10
  4.428050E+06  6.558519E-09  5.52E-10
  4.428750E+06  6.506836E-09  5.50E-10
  4.429450E+06  6.449985E-09  5.48E-10
  4.430150E+06  6.248423E-09  5.39E-10
  4.430850E+06  5.907318E-09  5.24E-10
  4.431550E+06  5.834963E-09  5.21E-10
  4.432250E+06  5.240613E-09  4.94E-10
  4.432950E+06  4.517057E-09  4.58E-10
  4.433650E+06  3.597107E-09  4.09E-10
  4.434350E+06  1.974274E-09  3.03E-10
  4.435050E+06  1.447112E-09  2.59E-10
  4.435750E+06  1.074998E-09  2.24E-10
  4.436450E+06  8.424260E-10  1.98E-10
  4.437150E+06  8.992768E-10  2.05E-10
  4.437850E+06  7.649021E-10  1.89E-10
  4.438550E+06  7.080513E-10  1.81E-10
  4.439250E+06  7.700704E-10  1.89E-10
  4.439950E+06  7.804069E-10  1.91E-10
  4.440650E+06  7.338926E-10  1.85E-10
  4.441350E+06  7.804069E-10  1.91E-10
  4.442050E+06  6.718735E-10  1.77E-10
  4.442750E+06  7.028830E-10  1.81E-10
  4.443450E+06  7.183878E-10  1.83E-10
  4.444150E+06  6.822100E-10  1.78E-10
  4.444850E+06  6.615370E-10  1.75E-10
  4.445550E+06  5.168257E-10  1.55E-10
  4.446250E+06  5.064892E-10  1.53E-10
  4.446950E+06  4.082923E-10  1.38E-10
  4.447650E+06  4.186289E-10  1.40E-10
  4.448350E+06  3.514415E-10  1.28E-10
  4.449050E+06  3.049272E-10  1.19E-10
  4.449750E+06  3.617780E-10  1.30E-10
  4.450450E+06  2.635811E-10  1.11E-10
  4.451150E+06  2.532446E-10  1.09E-10
  4.451850E+06  2.377398E-10  1.05E-10
  4.452550E+06  3.049272E-10  1.19E-10
  4.453250E+06  2.325716E-10  1.04E-10
  4.453950E+06  2.894224E-10  1.16E-10
  4.454650E+06  2.894224E-10  1.16E-10
  4.455350E+06  2.842542E-10  1.15E-10
  4.456050E+06  2.997589E-10  1.18E-10
  4.456750E+06  3.152637E-10  1.21E-10
  4.457450E+06  3.411050E-10  1.26E-10
  4.458150E+06  4.961527E-10  1.52E-10
  4.458850E+06  4.186289E-10  1.40E-10
  4.459550E+06  6.356957E-10  1.72E-10
  4.460250E+06  6.770417E-10  1.77E-10
  4.460950E+06  9.612959E-10  2.11E-10
  4.461650E+06  1.111175E-09  2.27E-10
  4.462350E+06  1.069829E-09  2.23E-10
  4.463050E+06  1.307569E-09  2.47E-10
  4.463750E+06  1.390261E-09  2.54E-10
  4.464450E+06  1.219709E-09  2.38E-10
  4.465150E+06  1.426439E-09  2.58E-10
  4.465850E+06  1.307569E-09  2.47E-10
  4.466550E+06  1.472953E-09  2.62E-10
  4.467250E+06  1.271391E-09  2.43E-10
  4.467950E+06  1.173194E-09  2.34E-10
  4.468650E+06  1.080166E-09  2.24E-10
  4.469350E+06  8.786038E-10  2.02E-10
  4.470050E+06  6.150226E-10  1.69E-10
  4.470750E+06  3.359367E-10  1.25E-10
  4.471450E+06  2.739176E-10  1.13E-10
  4.472150E+06  1.602160E-10  8.63E-11
  4.472850E+06  2.377398E-10  1.05E-10
  4.473550E+06  1.757208E-10  9.04E-11
  4.474250E+06  1.705525E-10  8.91E-11
  4.474950E+06  1.860573E-10  9.30E-11
  4.475650E+06  2.894224E-10  1.16E-10
  4.476350E+06  2.739176E-10  1.13E-10
  4.477050E+06  2.377398E-10  1.05E-10
  4.477750E+06  2.997589E-10  1.18E-10
  4.478450E+06  2.118986E-10  9.93E-11
  4.479150E+06  3.721145E-10  1.32E-10
  4.479850E+06  3.772828E-10  1.32E-10
  4.480550E+06  3.772828E-10  1.32E-10
  4.481250E+06  4.703114E-10  1.48E-10
  4.481950E+06  5.013210E-10  1.53E-10
  4.482650E+06  8.114164E-10  1.94E-10
  4.483350E+06  9.096133E-10  2.06E-10
  4.484050E+06  1.271391E-09  2.43E-10
  4.484750E+06  1.824395E-09  2.91E-10
  4.485450E+06  2.651316E-09  3.51E-10
  4.486150E+06  3.829679E-09  4.22E-10
  4.486850E+06  5.566213E-09  5.09E-10
  4.487550E+06  7.504310E-09  5.91E-10
  4.488250E+06  1.012462E-08  6.86E-10
  4.488950E+06  1.311704E-08  7.81E-10
  4.489650E+06  1.664179E-08  8.80E-10
  4.490350E+06  1.939130E-08  9.50E-10
  4.491050E+06  2.169118E-08  1.00E-09
  4.491750E+06  2.416677E-08  1.06E-09
  4.492450E+06  2.482831E-08  1.07E-09
  4.493150E+06  2.513324E-08  1.08E-09
  4.493850E+06  2.599117E-08  1.10E-09
  4.494550E+06  2.572242E-08  1.09E-09
  4.495250E+06  2.528312E-08  1.08E-09
  4.495950E+06  2.545884E-08  1.09E-09
  4.496650E+06  2.315379E-08  1.04E-09
  4.497350E+06  2.140692E-08  9.98E-10
  4.498050E+06  1.589239E-08  8.60E-10
  4.498750E+06  8.351904E-09  6.23E-10
  4.499450E+06  2.785691E-09  3.60E-10
  4.500150E+06  1.064661E-09  2.23E-10
  4.500850E+06  6.253592E-10  1.71E-10
  4.501550E+06  5.116575E-10  1.54E-10
  4.502250E+06  4.806479E-10  1.50E-10
  4.502950E+06  5.788448E-10  1.64E-10
  4.503650E+06  4.858162E-10  1.50E-10
  4.504350E+06  5.168257E-10  1.55E-10
  4.505050E+06  6.460322E-10  1.73E-10
  4.505750E+06  5.374988E-10  1.58E-10
  4.506450E+06  7.442291E-10  1.86E-10
  4.507150E+06  6.046861E-10  1.68E-10
  4.507850E+06  6.615370E-10  1.75E-10
  4.508550E+06  5.633401E-10  1.62E-10
  4.509250E+06  6.046861E-10  1.68E-10
  4.509950E+06  5.685083E-10  1.63E-10
  4.510650E+06  5.788448E-10  1.64E-10
  4.511350E+06  5.426670E-10  1.59E-10
  4.512050E+06  4.909845E-10  1.51E-10
  4.512750E+06  4.858162E-10  1.50E-10
  4.513450E+06  3.772828E-10  1.32E-10
  4.514150E+06  4.496384E-10  1.45E-10
  4.514850E+06  4.134606E-10  1.39E-10
  4.515550E+06  3.617780E-10  1.30E-10
  4.516250E+06  3.772828E-10  1.32E-10
  4.516950E+06  3.514415E-10  1.28E-10
  4.517650E+06  4.341336E-10  1.42E-10
  4.518350E+06  3.721145E-10  1.32E-10
  4.519050E+06  3.411050E-10  1.26E-10
  4.519750E+06  3.566098E-10  1.29E-10
  4.520450E+06  4.186289E-10  1.40E-10
  4.521150E+06  3.204320E-10  1.22E-10
  4.521850E+06  3.049272E-10  1.19E-10
  4.522550E+06  3.462733E-10  1.27E-10
  4.523250E+06  2.739176E-10  1.13E-10
  4.523950E+06  2.532446E-10  1.09E-10
  4.524650E+06  3.204320E-10  1.22E-10
  4.525350E+06  3.824511E-10  1.33E-10
  4.526050E+06  4.341336E-10  1.42E-10
  4.526750E+06  3.411050E-10  1.26E-10
  4.527450E+06  4.289654E-10  1.41E-10
  4.528150E+06  4.341336E-10  1.42E-10
  4.528850E+06  3.824511E-10  1.33E-10
  4.529550E+06  4.548067E-10  1.45E-10
  4.530250E+06  3.772828E-10  1.32E-10
  4.530950E+06  4.186289E-10  1.40E-10
  4.531650E+06  3.514415E-10  1.28E-10
  4.532350E+06  3.772828E-10  1.32E-10
  4.533050E+06  3.566098E-10  1.29E-10
  4.533750E+06  5.685083E-10  1.63E-10
  4.534450E+06  5.168257E-10  1.55E-10
  4.535150E+06  6.098544E-10  1.68E-10
  4.535850E+06  8.786038E-10  2.02E-10
  4.536550E+06  1.209372E-09  2.37E-10
  4.537250E+06  1.963938E-09  3.02E-10
  4.537950E+06  3.075113E-09  3.78E-10
  4.538650E+06  5.287127E-09  4.96E-10
  4.539350E+06  8.150342E-09  6.16E-10
  4.540050E+06  1.248134E-08  7.62E-10
  4.540750E+06  1.711210E-08  8.92E-10
  4.541450E+06  2.410992E-08  1.06E-09
  4.542150E+06  3.288562E-08  1.24E-09
  4.542850E+06  4.225567E-08  1.40E-09
  4.543550E+06  5.176010E-08  1.55E-09
  4.544250E+06  6.072186E-08  1.68E-09
  4.544950E+06  6.870165E-08  1.79E-09
  4.545650E+06  7.251065E-08  1.84E-09
  4.546350E+06  7.780812E-08  1.90E-09
  4.547050E+06  7.873323E-08  1.91E-09
  4.547750E+06  7.993227E-08  1.93E-09
  4.548450E+06  7.875908E-08  1.91E-09
  4.549150E+06  7.691401E-08  1.89E-09
  4.549850E+06  7.496041E-08  1.87E-09
  4.550550E+06  6.913061E-08  1.79E-09
  4.551250E+06  5.676297E-08  1.62E-09
  4.551950E+06  3.942347E-08  1.35E-09
  4.552650E+06  1.686919E-08  8.86E-10
  4.553350E+06  4.346505E-09  4.50E-10
  4.554050E+06  1.679684E-09  2.80E-10
  4.554750E+06  1.328242E-09  2.49E-10
  4.555450E+06  1.028483E-09  2.19E-10
  4.556150E+06  1.359252E-09  2.51E-10
  4.556850E+06  1.266223E-09  2.43E-10
  4.557550E+06  1.286896E-09  2.45E-10
  4.558250E+06  1.328242E-09  2.49E-10
  4.558950E+06  1.250718E-09  2.41E-10
  4.559650E+06  1.178363E-09  2.34E-10
  4.560350E+06  1.080166E-09  2.24E-10
  4.561050E+06  1.106007E-09  2.27E-10
  4.561750E+06  9.561276E-10  2.11E-10
  4.562450E+06  1.054325E-09  2.21E-10
  4.563150E+06  9.509594E-10  2.10E-10
  4.563850E+06  9.406229E-10  2.09E-10
  4.564550E+06  9.923054E-10  2.15E-10
  4.565250E+06  9.251181E-10  2.07E-10
  4.565950E+06  9.664641E-10  2.12E-10
  4.566650E+06  9.819689E-10  2.14E-10
  4.567350E+06  9.923054E-10  2.15E-10
  4.568050E+06  1.116344E-09  2.28E-10
  4.568750E+06  1.199036E-09  2.36E-10
  4.569450E+06  1.204204E-09  2.37E-10
  4.570150E+06  1.224877E-09  2.39E-10
  4.570850E+06  1.224877E-09  2.39E-10
  4.571550E+06  1.323074E-09  2.48E-10
  4.572250E+06  1.152521E-09  2.32E-10
  4.572950E+06  1.168026E-09  2.33E-10
  4.573650E+06  1.137017E-09  2.30E-10
  4.574350E+06  1.106007E-09  2.27E-10
  4.575050E+06  1.012978E-09  2.17E-10
  4.575750E+06  1.023315E-09  2.18E-10
  4.576450E+06  1.431607E-09  2.58E-10
  4.577150E+06  1.865741E-09  2.95E-10
  4.577850E+06  3.018262E-09  3.75E-10
  4.578550E+06  4.434365E-09  4.54E-10
  4.579250E+06  7.158037E-09  5.77E-10
  4.579950E+06  1.088435E-08  7.12E-10
  4.580650E+06  1.652809E-08  8.77E-10
  4.581350E+06  2.431665E-08  1.06E-09
  4.582050E+06  3.345413E-08  1.25E-09
  4.582750E+06  4.499485E-08  1.45E-09
  4.583450E+06  5.789999E-08  1.64E-09
  4.584150E+06  7.123926E-08  1.82E-09
  4.584850E+06  8.008215E-08  1.93E-09
  4.585550E+06  9.196914E-08  2.07E-09
  4.586250E+06  9.827442E-08  2.14E-09
  4.586950E+06  1.019904E-07  2.18E-09
  4.587650E+06  1.026933E-07  2.19E-09
  4.588350E+06  1.027605E-07  2.19E-09
  4.589050E+06  1.026519E-07  2.19E-09
  4.589750E+06  1.006415E-07  2.16E-09
  4.590450E+06  9.750951E-08  2.13E-09
  4.591150E+06  8.689908E-08  2.01E-09
  4.591850E+06  6.881018E-08  1.79E-09
  4.592550E+06  4.154762E-08  1.39E-09
  4.593250E+06  1.371656E-08  7.99E-10
  4.593950E+06  1.886414E-09  2.96E-10
  4.594650E+06  1.085334E-10  7.11E-11
  4.595350E+06  1.000000E-35  0.00E+00
  4.596050E+06  1.000000E-35  0.00E+00
  4.596750E+06  1.000000E-35  0.00E+00
  4.597450E+06  5.168257E-12  1.55E-11
  4.598150E+06  1.000000E-35  0.00E+00
  4.598850E+06  1.000000E-35  0.00E+00
  4.599550E+06  1.000000E-35  0.00E+00
  4.600250E+06  1.000000E-35  0.00E+00
  4.600950E+06  1.000000E-35  0.00E+00
  4.601650E+06  1.000000E-35  0.00E+00
  4.602350E+06  1.000000E-35  0.00E+00
  4.603050E+06  1.000000E-35  0.00E+00
  4.603750E+06  1.000000E-35  0.00E+00
  4.604450E+06  1.000000E-35  0.00E+00
  4.605150E+06  1.000000E-35  0.00E+00
  4.605850E+06  1.000000E-35  0.00E+00
  4.606550E+06  1.000000E-35  0.00E+00
  4.607250E+06  1.000000E-35  0.00E+00
  4.607950E+06  1.000000E-35  0.00E+00
  4.608650E+06  1.000000E-35  0.00E+00
  4.609350E+06  1.000000E-35  0.00E+00
  4.610050E+06  1.000000E-35  0.00E+00
  4.610750E+06  1.000000E-35  0.00E+00
  4.611450E+06  1.000000E-35  0.00E+00
  4.612150E+06  1.000000E-35  0.00E+00
  4.612850E+06  1.000000E-35  0.00E+00
  4.613550E+06  1.000000E-35  0.00E+00
  4.614250E+06  1.000000E-35  0.00E+00
  4.614950E+06  1.000000E-35  0.00E+00
  4.615650E+06  1.000000E-35  0.00E+00
  4.616350E+06  1.000000E-35  0.00E+00
  4.617050E+06  1.000000E-35  0.00E+00
  4.617750E+06  1.000000E-35  0.00E+00
  4.618450E+06  1.000000E-35  0.00E+00
  4.619150E+06  1.000000E-35  0.00E+00
  4.619850E+06  1.000000E-35  0.00E+00
  4.620550E+06  1.000000E-35  0.00E+00
  4.621250E+06  1.000000E-35  0.00E+00
  4.621950E+06  1.000000E-35  0.00E+00
  4.622650E+06  1.000000E-35  0.00E+00
  4.623350E+06  1.000000E-35  0.00E+00
  4.624050E+06  1.000000E-35  0.00E+00
  4.624750E+06  1.000000E-35  0.00E+00
  4.625450E+06  1.000000E-35  0.00E+00
  4.626150E+06  1.000000E-35  0.00E+00
  4.626850E+06  1.000000E-35  0.00E+00
  4.627550E+06  1.000000E-35  0.00E+00
  4.628250E+06  1.000000E-35  0.00E+00
  4.628950E+06  1.000000E-35  0.00E+00
  4.629650E+06  1.000000E-35  0.00E+00
  4.630350E+06  1.000000E-35  0.00E+00
  4.631050E+06  1.000000E-35  0.00E+00
  4.631750E+06  1.000000E-35  0.00E+00
  4.632450E+06  1.000000E-35  0.00E+00
  4.633150E+06  1.000000E-35  0.00E+00
  4.633850E+06  1.000000E-35  0.00E+00
  4.634550E+06  1.000000E-35  0.00E+00
  4.635250E+06  1.000000E-35  0.00E+00
  4.635950E+06  1.000000E-35  0.00E+00
  4.636650E+06  1.000000E-35  0.00E+00
  4.637350E+06  1.000000E-35  0.00E+00
  4.638050E+06  1.000000E-35  0.00E+00
  4.638750E+06  1.000000E-35  0.00E+00
  4.639450E+06  1.000000E-35  0.00E+00
  4.640150E+06  1.000000E-35  0.00E+00
  4.640850E+06  1.000000E-35  0.00E+00
  4.641550E+06  1.000000E-35  0.00E+00
  4.642250E+06  1.000000E-35  0.00E+00
  4.642950E+06  1.000000E-35  0.00E+00
  4.643650E+06  1.000000E-35  0.00E+00
  4.644350E+06  1.000000E-35  0.00E+00
  4.645050E+06  1.000000E-35  0.00E+00
  4.645750E+06  1.000000E-35  0.00E+00
  4.646450E+06  1.000000E-35  0.00E+00
  4.647150E+06  1.000000E-35  0.00E+00
  4.647850E+06  1.000000E-35  0.00E+00
  4.648550E+06  1.000000E-35  0.00E+00
  4.649250E+06  1.000000E-35  0.00E+00
  4.649950E+06  1.000000E-35  0.00E+00
  4.650650E+06  1.000000E-35  0.00E+00
  4.651350E+06  1.000000E-35  0.00E+00
  4.652050E+06  1.000000E-35  0.00E+00
  4.652750E+06  1.000000E-35  0.00E+00
  4.653450E+06  1.000000E-35  0.00E+00
  4.654150E+06  1.000000E-35  0.00E+00
  4.654850E+06  1.000000E-35  0.00E+00
  4.655550E+06  1.000000E-35  0.00E+00
  4.656250E+06  1.000000E-35  0.00E+00
  4.656950E+06  1.000000E-35  0.00E+00
  4.657650E+06  1.000000E-35  0.00E+00
  4.658350E+06  1.000000E-35  0.00E+00
  4.659050E+06  1.000000E-35  0.00E+00
  4.659750E+06  1.000000E-35  0.00E+00
  4.660450E+06  1.000000E-35  0.00E+00
  4.661150E+06  1.000000E-35  0.00E+00
  4.661850E+06  1.000000E-35  0.00E+00
  4.662550E+06  1.000000E-35  0.00E+00
  4.663250E+06  1.000000E-35  0.00E+00
  4.663950E+06  1.000000E-35  0.00E+00
  4.664650E+06  1.000000E-35  0.00E+00
  4.665350E+06  1.000000E-35  0.00E+00
  4.666050E+06  1.000000E-35  0.00E+00
  4.666750E+06  1.000000E-35  0.00E+00
  4.667450E+06  1.000000E-35  0.00E+00
  4.668150E+06  1.000000E-35  0.00E+00
  4.668850E+06  1.000000E-35  0.00E+00
  4.669550E+06  1.000000E-35  0.00E+00
  4.670250E+06  1.000000E-35  0.00E+00
  4.670950E+06  1.000000E-35  0.00E+00
  4.671650E+06  1.000000E-35  0.00E+00
  4.672350E+06  1.000000E-35  0.00E+00
  4.673050E+06  1.000000E-35  0.00E+00
  4.673750E+06  1.000000E-35  0.00E+00
  4.674450E+06  1.000000E-35  0.00E+00
  4.675150E+06  1.000000E-35  0.00E+00
  4.675850E+06  1.000000E-35  0.00E+00
  4.676550E+06  1.000000E-35  0.00E+00
  4.677250E+06  1.000000E-35  0.00E+00
  4.677950E+06  1.000000E-35  0.00E+00
  4.678650E+06  1.000000E-35  0.00E+00
  4.679350E+06  1.000000E-35  0.00E+00
  4.680050E+06  1.000000E-35  0.00E+00
  4.680750E+06  1.000000E-35  0.00E+00
  4.681450E+06  1.000000E-35  0.00E+00
  4.682150E+06  1.000000E-35  0.00E+00
  4.682850E+06  1.000000E-35  0.00E+00
  4.683550E+06  1.000000E-35  0.00E+00
  4.684250E+06  1.000000E-35  0.00E+00
  4.684950E+06  1.000000E-35  0.00E+00
  4.685650E+06  1.000000E-35  0.00E+00
  4.686350E+06  1.000000E-35  0.00E+00
  4.687050E+06  1.000000E-35  0.00E+00
  4.687750E+06  1.000000E-35  0.00E+00
  4.688450E+06  1.000000E-35  0.00E+00
  4.689150E+06  1.000000E-35  0.00E+00
  4.689850E+06  1.000000E-35  0.00E+00
  4.690550E+06  1.000000E-35  0.00E+00
  4.691250E+06  1.000000E-35  0.00E+00
  4.691950E+06  1.000000E-35  0.00E+00
  4.692650E+06  1.000000E-35  0.00E+00
  4.693350E+06  1.000000E-35  0.00E+00
  4.694050E+06  1.000000E-35  0.00E+00
  4.694750E+06  1.000000E-35  0.00E+00
  4.695450E+06  1.000000E-35  0.00E+00
  4.696150E+06  1.000000E-35  0.00E+00
  4.696850E+06  1.000000E-35  0.00E+00
  4.697550E+06  1.000000E-35  0.00E+00
  4.698250E+06  1.000000E-35  0.00E+00
  4.698950E+06  1.000000E-35  0.00E+00
  4.699650E+06  1.000000E-35  0.00E+00
