  3.70070E+06  1.26790E-12
  3.70110E+06  1.44082E-12
  3.70150E+06  1.62701E-12
  3.70190E+06  1.82576E-12
  3.70230E+06  2.03603E-12
  3.70270E+06  2.25645E-12
  3.70310E+06  2.52629E-12
  3.70350E+06  2.77375E-12
  3.70390E+06  3.02847E-12
  3.70430E+06  3.28854E-12
  3.70470E+06  3.55195E-12
  3.70510E+06  3.83025E-12
  3.70550E+06  4.09808E-12
  3.70590E+06  4.37599E-12
  3.70630E+06  4.64195E-12
  3.70670E+06  4.90373E-12
  3.70710E+06  5.20123E-12
  3.70750E+06  5.46382E-12
  3.70790E+06  5.72299E-12
  3.70830E+06  5.97922E-12
  3.70870E+06  6.23337E-12
  3.70910E+06  6.50034E-12
  3.70950E+06  6.75838E-12
  3.70990E+06  7.01988E-12
  3.71030E+06  7.28688E-12
  3.71070E+06  7.56143E-12
  3.71110E+06  7.84553E-12
  3.71150E+06  8.14093E-12
  3.71190E+06  8.44901E-12
  3.71230E+06  8.77068E-12
  3.71270E+06  9.10624E-12
  3.71310E+06  9.45530E-12
  3.71350E+06  9.81670E-12
  3.71390E+06  1.01884E-11
  3.71430E+06  1.05677E-11
  3.71470E+06  1.09509E-11
  3.71510E+06  1.13336E-11
  3.71550E+06  1.17107E-11
  3.71590E+06  1.20765E-11
  3.71630E+06  1.24249E-11
  3.71670E+06  1.27494E-11
  3.71710E+06  1.30435E-11
  3.71750E+06  1.33009E-11
  3.71790E+06  1.35153E-11
  3.71830E+06  1.36809E-11
  3.71870E+06  1.37928E-11
  3.71910E+06  1.38465E-11
  3.71950E+06  1.38388E-11
  3.71990E+06  1.37673E-11
  3.72030E+06  1.36310E-11
  3.72070E+06  1.34298E-11
  3.72110E+06  1.31786E-11
  3.72150E+06  1.28475E-11
  3.72190E+06  1.24711E-11
  3.72230E+06  1.20423E-11
  3.72270E+06  1.15669E-11
  3.72310E+06  1.10514E-11
  3.72350E+06  1.05030E-11
  3.72390E+06  9.92931E-12
  3.72430E+06  9.31715E-12
  3.72470E+06  8.72127E-12
  3.72510E+06  8.12233E-12
  3.72550E+06  7.52797E-12
  3.72590E+06  6.94533E-12
  3.72630E+06  6.38089E-12
  3.72670E+06  5.84041E-12
  3.72710E+06  5.32879E-12
  3.72750E+06  4.85005E-12
  3.72790E+06  4.40729E-12
  3.72830E+06  4.00266E-12
  3.72870E+06  3.63740E-12
  3.72910E+06  3.31187E-12
  3.72950E+06  3.01647E-12
  3.72990E+06  2.77047E-12
  3.73030E+06  2.56014E-12
  3.73070E+06  2.38317E-12
  3.73110E+06  2.23672E-12
  3.73150E+06  2.11763E-12
  3.73190E+06  2.02245E-12
  3.73230E+06  1.91622E-12
  3.73270E+06  1.86559E-12
  3.73310E+06  1.82641E-12
  3.73350E+06  1.79557E-12
  3.73390E+06  1.77014E-12
  3.73430E+06  1.73694E-12
  3.73470E+06  1.71696E-12
  3.73510E+06  1.69461E-12
  3.73550E+06  1.65915E-12
  3.73590E+06  1.65374E-12
  3.73630E+06  1.59364E-12
  3.73670E+06  1.56733E-12
  3.73710E+06  1.53455E-12
  3.73750E+06  1.49632E-12
  3.73790E+06  1.45391E-12
  3.73830E+06  1.39837E-12
  3.73870E+06  1.35481E-12
  3.73910E+06  1.33885E-12
  3.73950E+06  1.30597E-12
  3.73990E+06  1.27950E-12
  3.74030E+06  1.26183E-12
  3.74070E+06  1.25533E-12
  3.74110E+06  1.28959E-12
  3.74150E+06  1.32018E-12
  3.74190E+06  1.37032E-12
  3.74230E+06  1.44209E-12
  3.74270E+06  1.53734E-12
  3.74310E+06  1.65762E-12
  3.74350E+06  1.80415E-12
  3.74390E+06  1.97775E-12
  3.74430E+06  2.17884E-12
  3.74470E+06  2.40735E-12
  3.74510E+06  2.66272E-12
  3.74550E+06  2.94389E-12
  3.74590E+06  3.24923E-12
  3.74630E+06  3.57655E-12
  3.74670E+06  3.92313E-12
  3.74710E+06  4.28570E-12
  3.74750E+06  4.66046E-12
  3.74790E+06  5.04316E-12
  3.74830E+06  5.42914E-12
  3.74870E+06  5.81337E-12
  3.74910E+06  6.19060E-12
  3.74950E+06  6.55539E-12
  3.74990E+06  6.90228E-12
  3.75030E+06  7.21539E-12
  3.75070E+06  7.51297E-12
  3.75110E+06  7.79026E-12
  3.75150E+06  8.01962E-12
  3.75190E+06  8.20786E-12
  3.75230E+06  8.35202E-12
  3.75270E+06  8.44986E-12
  3.75310E+06  8.49997E-12
  3.75350E+06  8.50184E-12
  3.75390E+06  8.45585E-12
  3.75430E+06  8.36323E-12
  3.75470E+06  8.22612E-12
  3.75510E+06  8.04745E-12
  3.75550E+06  7.83094E-12
  3.75590E+06  7.58093E-12
  3.75630E+06  7.30226E-12
  3.75670E+06  7.00013E-12
  3.75710E+06  6.69368E-12
  3.75750E+06  6.36518E-12
  3.75790E+06  6.03076E-12
  3.75830E+06  5.69591E-12
  3.75870E+06  5.36579E-12
  3.75910E+06  5.04514E-12
  3.75950E+06  4.73814E-12
  3.75990E+06  4.44840E-12
  3.76030E+06  4.17881E-12
  3.76070E+06  3.93161E-12
  3.76110E+06  3.72196E-12
  3.76150E+06  3.52741E-12
  3.76190E+06  3.35875E-12
  3.76230E+06  3.21578E-12
  3.76270E+06  3.09773E-12
  3.76310E+06  3.00345E-12
  3.76350E+06  2.93142E-12
  3.76390E+06  2.87985E-12
  3.76430E+06  2.84677E-12
  3.76470E+06  2.83013E-12
  3.76510E+06  2.82780E-12
  3.76550E+06  2.81942E-12
  3.76590E+06  2.84393E-12
  3.76630E+06  2.87569E-12
  3.76670E+06  2.91307E-12
  3.76710E+06  2.95452E-12
  3.76750E+06  2.99860E-12
  3.76790E+06  3.04394E-12
  3.76830E+06  3.06833E-12
  3.76870E+06  3.11742E-12
  3.76910E+06  3.16298E-12
  3.76950E+06  3.20414E-12
  3.76990E+06  3.25196E-12
  3.77030E+06  3.26429E-12
  3.77070E+06  3.29641E-12
  3.77110E+06  3.33426E-12
  3.77150E+06  3.35422E-12
  3.77190E+06  3.36659E-12
  3.77230E+06  3.37134E-12
  3.77270E+06  3.36856E-12
  3.77310E+06  3.35850E-12
  3.77350E+06  3.34160E-12
  3.77390E+06  3.31848E-12
  3.77430E+06  3.28996E-12
  3.77470E+06  3.25705E-12
  3.77510E+06  3.22095E-12
  3.77550E+06  3.18301E-12
  3.77590E+06  3.14469E-12
  3.77630E+06  3.10750E-12
  3.77670E+06  3.07298E-12
  3.77710E+06  3.04261E-12
  3.77750E+06  3.01775E-12
  3.77790E+06  2.99960E-12
  3.77830E+06  2.98910E-12
  3.77870E+06  2.98688E-12
  3.77910E+06  3.00689E-12
  3.77950E+06  3.02578E-12
  3.77990E+06  3.05371E-12
  3.78030E+06  3.07953E-12
  3.78070E+06  3.12564E-12
  3.78110E+06  3.20445E-12
  3.78150E+06  3.26791E-12
  3.78190E+06  3.34750E-12
  3.78230E+06  3.42138E-12
  3.78270E+06  3.49734E-12
  3.78310E+06  3.57410E-12
  3.78350E+06  3.65058E-12
  3.78390E+06  3.72594E-12
  3.78430E+06  3.79964E-12
  3.78470E+06  3.87151E-12
  3.78510E+06  3.94173E-12
  3.78550E+06  4.01088E-12
  3.78590E+06  4.07984E-12
  3.78630E+06  4.13935E-12
  3.78670E+06  4.21423E-12
  3.78710E+06  4.29248E-12
  3.78750E+06  4.37576E-12
  3.78790E+06  4.47755E-12
  3.78830E+06  4.57883E-12
  3.78870E+06  4.68982E-12
  3.78910E+06  4.82488E-12
  3.78950E+06  4.96090E-12
  3.78990E+06  5.10815E-12
  3.79030E+06  5.25539E-12
  3.79070E+06  5.42467E-12
  3.79110E+06  5.61422E-12
  3.79150E+06  5.79846E-12
  3.79190E+06  5.99724E-12
  3.79230E+06  6.18735E-12
  3.79270E+06  6.37501E-12
  3.79310E+06  6.55727E-12
  3.79350E+06  6.73131E-12
  3.79390E+06  6.89450E-12
  3.79430E+06  7.04458E-12
  3.79470E+06  7.17971E-12
  3.79510E+06  7.29856E-12
  3.79550E+06  7.40038E-12
  3.79590E+06  7.49694E-12
  3.79630E+06  7.56823E-12
  3.79670E+06  7.62437E-12
  3.79710E+06  7.66677E-12
  3.79750E+06  7.69719E-12
  3.79790E+06  7.74151E-12
  3.79830E+06  7.76113E-12
  3.79870E+06  7.77664E-12
  3.79910E+06  7.80393E-12
  3.79950E+06  7.81260E-12
  3.79990E+06  7.83545E-12
  3.80030E+06  7.85168E-12
  3.80070E+06  7.88593E-12
  3.80110E+06  7.93910E-12
  3.80150E+06  7.98836E-12
  3.80190E+06  8.04436E-12
  3.80230E+06  8.10695E-12
  3.80270E+06  8.17569E-12
  3.80310E+06  8.24989E-12
  3.80350E+06  8.32872E-12
  3.80390E+06  8.41125E-12
  3.80430E+06  8.49649E-12
  3.80470E+06  8.58344E-12
  3.80510E+06  8.67113E-12
  3.80550E+06  8.75862E-12
  3.80590E+06  8.84498E-12
  3.80630E+06  8.92926E-12
  3.80670E+06  9.01049E-12
  3.80710E+06  9.08760E-12
  3.80750E+06  9.15942E-12
  3.80790E+06  9.22459E-12
  3.80830E+06  9.27115E-12
  3.80870E+06  9.32081E-12
  3.80910E+06  9.35814E-12
  3.80950E+06  9.38115E-12
  3.80990E+06  9.38771E-12
  3.81030E+06  9.35467E-12
  3.81070E+06  9.32664E-12
  3.81110E+06  9.28805E-12
  3.81150E+06  9.20468E-12
  3.81190E+06  9.10608E-12
  3.81230E+06  8.97935E-12
  3.81270E+06  8.82401E-12
  3.81310E+06  8.65374E-12
  3.81350E+06  8.44580E-12
  3.81390E+06  8.22396E-12
  3.81430E+06  7.96988E-12
  3.81470E+06  7.69546E-12
  3.81510E+06  7.40406E-12
  3.81550E+06  7.09960E-12
  3.81590E+06  6.79840E-12
  3.81630E+06  6.48483E-12
  3.81670E+06  6.17305E-12
  3.81710E+06  5.86825E-12
  3.81750E+06  5.56639E-12
  3.81790E+06  5.29289E-12
  3.81830E+06  5.03003E-12
  3.81870E+06  4.80549E-12
  3.81910E+06  4.62307E-12
  3.81950E+06  4.46257E-12
  3.81990E+06  4.33694E-12
  3.82030E+06  4.23738E-12
  3.82070E+06  4.18815E-12
  3.82110E+06  4.18934E-12
  3.82150E+06  4.20780E-12
  3.82190E+06  4.27306E-12
  3.82230E+06  4.37110E-12
  3.82270E+06  4.49919E-12
  3.82310E+06  4.66764E-12
  3.82350E+06  4.84932E-12
  3.82390E+06  5.06257E-12
  3.82430E+06  5.28273E-12
  3.82470E+06  5.51460E-12
  3.82510E+06  5.76751E-12
  3.82550E+06  6.00487E-12
  3.82590E+06  6.25379E-12
  3.82630E+06  6.49891E-12
  3.82670E+06  6.73722E-12
  3.82710E+06  6.99346E-12
  3.82750E+06  7.20072E-12
  3.82790E+06  7.41963E-12
  3.82830E+06  7.61530E-12
  3.82870E+06  7.81116E-12
  3.82910E+06  7.99411E-12
  3.82950E+06  8.16503E-12
  3.82990E+06  8.32508E-12
  3.83030E+06  8.46519E-12
  3.83070E+06  8.61023E-12
  3.83110E+06  8.74814E-12
  3.83150E+06  8.88037E-12
  3.83190E+06  9.00815E-12
  3.83230E+06  9.13242E-12
  3.83270E+06  9.25374E-12
  3.83310E+06  9.38589E-12
  3.83350E+06  9.50525E-12
  3.83390E+06  9.62163E-12
  3.83430E+06  9.73391E-12
  3.83470E+06  9.84052E-12
  3.83510E+06  9.93954E-12
  3.83550E+06  1.00287E-11
  3.83590E+06  1.01175E-11
  3.83630E+06  1.01829E-11
  3.83670E+06  1.02315E-11
  3.83710E+06  1.02745E-11
  3.83750E+06  1.02864E-11
  3.83790E+06  1.02758E-11
  3.83830E+06  1.02414E-11
  3.83870E+06  1.01823E-11
  3.83910E+06  1.01255E-11
  3.83950E+06  1.00246E-11
  3.83990E+06  9.90177E-12
  3.84030E+06  9.74843E-12
  3.84070E+06  9.59045E-12
  3.84110E+06  9.41731E-12
  3.84150E+06  9.23261E-12
  3.84190E+06  9.05224E-12
  3.84230E+06  8.84955E-12
  3.84270E+06  8.66149E-12
  3.84310E+06  8.47889E-12
  3.84350E+06  8.29694E-12
  3.84390E+06  8.15207E-12
  3.84430E+06  8.01561E-12
  3.84470E+06  7.89993E-12
  3.84510E+06  7.82122E-12
  3.84550E+06  7.74890E-12
  3.84590E+06  7.72707E-12
  3.84630E+06  7.72398E-12
  3.84670E+06  7.74868E-12
  3.84710E+06  7.80030E-12
  3.84750E+06  7.87732E-12
  3.84790E+06  7.97756E-12
  3.84830E+06  8.08785E-12
  3.84870E+06  8.22843E-12
  3.84910E+06  8.40958E-12
  3.84950E+06  8.58116E-12
  3.84990E+06  8.76065E-12
  3.85030E+06  8.93422E-12
  3.85070E+06  9.12201E-12
  3.85110E+06  9.30740E-12
  3.85150E+06  9.48766E-12
  3.85190E+06  9.66036E-12
  3.85230E+06  9.81290E-12
  3.85270E+06  9.96690E-12
  3.85310E+06  1.01074E-11
  3.85350E+06  1.02241E-11
  3.85390E+06  1.03367E-11
  3.85430E+06  1.04224E-11
  3.85470E+06  1.05040E-11
  3.85510E+06  1.05816E-11
  3.85550E+06  1.06316E-11
  3.85590E+06  1.06645E-11
  3.85630E+06  1.06593E-11
  3.85670E+06  1.06630E-11
  3.85710E+06  1.06481E-11
  3.85750E+06  1.06148E-11
  3.85790E+06  1.05630E-11
  3.85830E+06  1.04923E-11
  3.85870E+06  1.04028E-11
  3.85910E+06  1.02941E-11
  3.85950E+06  1.01661E-11
  3.85990E+06  1.00188E-11
  3.86030E+06  9.85222E-12
  3.86070E+06  9.66667E-12
  3.86110E+06  9.47627E-12
  3.86150E+06  9.25846E-12
  3.86190E+06  9.03678E-12
  3.86230E+06  8.78183E-12
  3.86270E+06  8.52800E-12
  3.86310E+06  8.27750E-12
  3.86350E+06  8.00947E-12
  3.86390E+06  7.73716E-12
  3.86430E+06  7.46346E-12
  3.86470E+06  7.19135E-12
  3.86510E+06  6.93752E-12
  3.86550E+06  6.67257E-12
  3.86590E+06  6.44248E-12
  3.86630E+06  6.20756E-12
  3.86670E+06  6.00340E-12
  3.86710E+06  5.81928E-12
  3.86750E+06  5.65780E-12
  3.86790E+06  5.53319E-12
  3.86830E+06  5.40606E-12
  3.86870E+06  5.33400E-12
  3.86910E+06  5.29114E-12
  3.86950E+06  5.27842E-12
  3.86990E+06  5.30820E-12
  3.87030E+06  5.36004E-12
  3.87070E+06  5.44255E-12
  3.87110E+06  5.55470E-12
  3.87150E+06  5.68584E-12
  3.87190E+06  5.86636E-12
  3.87230E+06  6.06155E-12
  3.87270E+06  6.27785E-12
  3.87310E+06  6.51214E-12
  3.87350E+06  6.75181E-12
  3.87390E+06  7.03751E-12
  3.87430E+06  7.30231E-12
  3.87470E+06  7.58419E-12
  3.87510E+06  7.86592E-12
  3.87550E+06  8.13480E-12
  3.87590E+06  8.41985E-12
  3.87630E+06  8.68566E-12
  3.87670E+06  8.93865E-12
  3.87710E+06  9.19012E-12
  3.87750E+06  9.41486E-12
  3.87790E+06  9.62195E-12
  3.87830E+06  9.78960E-12
  3.87870E+06  9.96422E-12
  3.87910E+06  1.01188E-11
  3.87950E+06  1.02539E-11
  3.87990E+06  1.03946E-11
  3.88030E+06  1.05012E-11
  3.88070E+06  1.05938E-11
  3.88110E+06  1.06742E-11
  3.88150E+06  1.07443E-11
  3.88190E+06  1.08059E-11
  3.88230E+06  1.08608E-11
  3.88270E+06  1.09105E-11
  3.88310E+06  1.09563E-11
  3.88350E+06  1.09990E-11
  3.88390E+06  1.10394E-11
  3.88430E+06  1.10671E-11
  3.88470E+06  1.11054E-11
  3.88510E+06  1.11402E-11
  3.88550E+06  1.11705E-11
  3.88590E+06  1.11952E-11
  3.88630E+06  1.12127E-11
  3.88670E+06  1.12212E-11
  3.88710E+06  1.12324E-11
  3.88750E+06  1.12209E-11
  3.88790E+06  1.11951E-11
  3.88830E+06  1.11532E-11
  3.88870E+06  1.10934E-11
  3.88910E+06  1.10140E-11
  3.88950E+06  1.09137E-11
  3.88990E+06  1.07915E-11
  3.89030E+06  1.06362E-11
  3.89070E+06  1.04709E-11
  3.89110E+06  1.02822E-11
  3.89150E+06  1.00614E-11
  3.89190E+06  9.83015E-12
  3.89230E+06  9.56734E-12
  3.89270E+06  9.29817E-12
  3.89310E+06  9.02483E-12
  3.89350E+06  8.72643E-12
  3.89390E+06  8.41619E-12
  3.89430E+06  8.08655E-12
  3.89470E+06  7.76395E-12
  3.89510E+06  7.43787E-12
  3.89550E+06  7.10229E-12
  3.89590E+06  6.79263E-12
  3.89630E+06  6.47955E-12
  3.89670E+06  6.17506E-12
  3.89710E+06  5.88178E-12
  3.89750E+06  5.59290E-12
  3.89790E+06  5.34287E-12
  3.89830E+06  5.10118E-12
  3.89870E+06  4.87854E-12
  3.89910E+06  4.71715E-12
  3.89950E+06  4.53896E-12
  3.89990E+06  4.40891E-12
  3.90030E+06  4.29571E-12
  3.90070E+06  4.20945E-12
  3.90110E+06  4.15093E-12
  3.90150E+06  4.11166E-12
  3.90190E+06  4.11264E-12
  3.90230E+06  4.14241E-12
  3.90270E+06  4.20132E-12
  3.90310E+06  4.28957E-12
  3.90350E+06  4.38893E-12
  3.90390E+06  4.54013E-12
  3.90430E+06  4.71905E-12
  3.90470E+06  4.92511E-12
  3.90510E+06  5.17103E-12
  3.90550E+06  5.42298E-12
  3.90590E+06  5.72217E-12
  3.90630E+06  6.02375E-12
  3.90670E+06  6.35781E-12
  3.90710E+06  6.70784E-12
  3.90750E+06  7.07044E-12
  3.90790E+06  7.44169E-12
  3.90830E+06  7.81721E-12
  3.90870E+06  8.19222E-12
  3.90910E+06  8.56163E-12
  3.90950E+06  8.90191E-12
  3.90990E+06  9.24863E-12
  3.91030E+06  9.57282E-12
  3.91070E+06  9.86958E-12
  3.91110E+06  1.01343E-11
  3.91150E+06  1.03627E-11
  3.91190E+06  1.05512E-11
  3.91230E+06  1.06968E-11
  3.91270E+06  1.07972E-11
  3.91310E+06  1.08646E-11
  3.91350E+06  1.08752E-11
  3.91390E+06  1.08638E-11
  3.91430E+06  1.07908E-11
  3.91470E+06  1.06768E-11
  3.91510E+06  1.05387E-11
  3.91550E+06  1.03567E-11
  3.91590E+06  1.01459E-11
  3.91630E+06  9.90054E-12
  3.91670E+06  9.64933E-12
  3.91710E+06  9.38405E-12
  3.91750E+06  9.11022E-12
  3.91790E+06  8.84522E-12
  3.91830E+06  8.57391E-12
  3.91870E+06  8.31052E-12
  3.91910E+06  8.07339E-12
  3.91950E+06  7.84356E-12
  3.91990E+06  7.63542E-12
  3.92030E+06  7.45241E-12
  3.92070E+06  7.29737E-12
  3.92110E+06  7.17253E-12
  3.92150E+06  7.07945E-12
  3.92190E+06  7.01904E-12
  3.92230E+06  6.98103E-12
  3.92270E+06  6.98832E-12
  3.92310E+06  7.02616E-12
  3.92350E+06  7.09271E-12
  3.92390E+06  7.18542E-12
  3.92430E+06  7.30108E-12
  3.92470E+06  7.43587E-12
  3.92510E+06  7.59907E-12
  3.92550E+06  7.75349E-12
  3.92590E+06  7.92509E-12
  3.92630E+06  8.09687E-12
  3.92670E+06  8.26369E-12
  3.92710E+06  8.42050E-12
  3.92750E+06  8.55329E-12
  3.92790E+06  8.67801E-12
  3.92830E+06  8.74733E-12
  3.92870E+06  8.82812E-12
  3.92910E+06  8.87705E-12
  3.92950E+06  8.88323E-12
  3.92990E+06  8.86610E-12
  3.93030E+06  8.81349E-12
  3.93070E+06  8.72589E-12
  3.93110E+06  8.61811E-12
  3.93150E+06  8.46868E-12
  3.93190E+06  8.29057E-12
  3.93230E+06  8.08679E-12
  3.93270E+06  7.86074E-12
  3.93310E+06  7.61612E-12
  3.93350E+06  7.35677E-12
  3.93390E+06  7.08663E-12
  3.93430E+06  6.79912E-12
  3.93470E+06  6.52141E-12
  3.93510E+06  6.24350E-12
  3.93550E+06  5.95959E-12
  3.93590E+06  5.70507E-12
  3.93630E+06  5.45031E-12
  3.93670E+06  5.20681E-12
  3.93710E+06  4.99014E-12
  3.93750E+06  4.77851E-12
  3.93790E+06  4.58363E-12
  3.93830E+06  4.40635E-12
  3.93870E+06  4.24723E-12
  3.93910E+06  4.12016E-12
  3.93950E+06  4.00187E-12
  3.93990E+06  3.93866E-12
  3.94030E+06  3.86934E-12
  3.94070E+06  3.82147E-12
  3.94110E+06  3.79523E-12
  3.94150E+06  3.79077E-12
  3.94190E+06  3.80828E-12
  3.94230E+06  3.83750E-12
  3.94270E+06  3.90207E-12
  3.94310E+06  3.98866E-12
  3.94350E+06  4.07928E-12
  3.94390E+06  4.21505E-12
  3.94430E+06  4.36184E-12
  3.94470E+06  4.54312E-12
  3.94510E+06  4.74511E-12
  3.94550E+06  4.96734E-12
  3.94590E+06  5.23285E-12
  3.94630E+06  5.49964E-12
  3.94670E+06  5.78448E-12
  3.94710E+06  6.09907E-12
  3.94750E+06  6.40858E-12
  3.94790E+06  6.75321E-12
  3.94830E+06  7.08718E-12
  3.94870E+06  7.43980E-12
  3.94910E+06  7.82130E-12
  3.94950E+06  8.18145E-12
  3.94990E+06  8.54962E-12
  3.95030E+06  8.90200E-12
  3.95070E+06  9.24450E-12
  3.95110E+06  9.60143E-12
  3.95150E+06  9.92364E-12
  3.95190E+06  1.02422E-11
  3.95230E+06  1.05355E-11
  3.95270E+06  1.08122E-11
  3.95310E+06  1.10999E-11
  3.95350E+06  1.13529E-11
  3.95390E+06  1.16060E-11
  3.95430E+06  1.18309E-11
  3.95470E+06  1.20633E-11
  3.95510E+06  1.23068E-11
  3.95550E+06  1.25419E-11
  3.95590E+06  1.28070E-11
  3.95630E+06  1.30652E-11
  3.95670E+06  1.33384E-11
  3.95710E+06  1.36300E-11
  3.95750E+06  1.39424E-11
  3.95790E+06  1.42892E-11
  3.95830E+06  1.46507E-11
  3.95870E+06  1.50358E-11
  3.95910E+06  1.54569E-11
  3.95950E+06  1.58882E-11
  3.95990E+06  1.63370E-11
  3.96030E+06  1.67885E-11
  3.96070E+06  1.72611E-11
  3.96110E+06  1.77489E-11
  3.96150E+06  1.82226E-11
  3.96190E+06  1.86860E-11
  3.96230E+06  1.91323E-11
  3.96270E+06  1.95550E-11
  3.96310E+06  1.99609E-11
  3.96350E+06  2.03205E-11
  3.96390E+06  2.06627E-11
  3.96430E+06  2.09416E-11
  3.96470E+06  2.11716E-11
  3.96510E+06  2.13630E-11
  3.96550E+06  2.14812E-11
  3.96590E+06  2.15560E-11
  3.96630E+06  2.15647E-11
  3.96670E+06  2.15315E-11
  3.96710E+06  2.14443E-11
  3.96750E+06  2.13058E-11
  3.96790E+06  2.11189E-11
  3.96830E+06  2.08770E-11
  3.96870E+06  2.06076E-11
  3.96910E+06  2.03017E-11
  3.96950E+06  1.99367E-11
  3.96990E+06  1.95791E-11
  3.97030E+06  1.91981E-11
  3.97070E+06  1.87989E-11
  3.97110E+06  1.83861E-11
  3.97150E+06  1.79639E-11
  3.97190E+06  1.75360E-11
  3.97230E+06  1.71056E-11
  3.97270E+06  1.66752E-11
  3.97310E+06  1.62465E-11
  3.97350E+06  1.58207E-11
  3.97390E+06  1.53983E-11
  3.97430E+06  1.49790E-11
  3.97470E+06  1.45622E-11
  3.97510E+06  1.41466E-11
  3.97550E+06  1.37124E-11
  3.97590E+06  1.32989E-11
  3.97630E+06  1.28699E-11
  3.97670E+06  1.24472E-11
  3.97710E+06  1.20156E-11
  3.97750E+06  1.15647E-11
  3.97790E+06  1.11382E-11
  3.97830E+06  1.06619E-11
  3.97870E+06  1.02016E-11
  3.97910E+06  9.77201E-12
  3.97950E+06  9.29612E-12
  3.97990E+06  8.86455E-12
  3.98030E+06  8.38707E-12
  3.98070E+06  7.94260E-12
  3.98110E+06  7.67315E-12
  3.98150E+06  7.29617E-12
  3.98190E+06  7.10953E-12
  3.98230E+06  6.84528E-12
  3.98270E+06  6.67105E-12
  3.98310E+06  6.83099E-12
  3.98350E+06  6.88604E-12
  3.98390E+06  7.35837E-12
  3.98430E+06  7.75399E-12
  3.98470E+06  8.33604E-12
  3.98510E+06  9.54908E-12
  3.98550E+06  1.06516E-11
  3.98590E+06  1.24891E-11
  3.98630E+06  1.43131E-11
  3.98670E+06  1.64949E-11
  3.98710E+06  1.95054E-11
  3.98750E+06  2.26236E-11
  3.98790E+06  2.67926E-11
  3.98830E+06  3.10909E-11
  3.98870E+06  3.60031E-11
  3.98910E+06  4.22507E-11
  3.98950E+06  4.86818E-11
  3.98990E+06  5.63952E-11
  3.99030E+06  6.45194E-11
  3.99070E+06  7.35137E-11
  3.99110E+06  8.38828E-11
  3.99150E+06  9.48070E-11
  3.99190E+06  1.07239E-10
  3.99230E+06  1.20216E-10
  3.99270E+06  1.34188E-10
  3.99310E+06  1.49387E-10
  3.99350E+06  1.65323E-10
  3.99390E+06  1.82269E-10
  3.99430E+06  2.00011E-10
  3.99470E+06  2.18557E-10
  3.99510E+06  2.37875E-10
  3.99550E+06  2.57744E-10
  3.99590E+06  2.78109E-10
  3.99630E+06  2.98814E-10
  3.99670E+06  3.19717E-10
  3.99710E+06  3.40681E-10
  3.99750E+06  3.61480E-10
  3.99790E+06  3.81950E-10
  3.99830E+06  4.01894E-10
  3.99870E+06  4.21109E-10
  3.99910E+06  4.39433E-10
  3.99950E+06  4.56590E-10
  3.99990E+06  4.72411E-10
  4.00030E+06  4.86704E-10
  4.00070E+06  4.99285E-10
  4.00110E+06  5.09987E-10
  4.00150E+06  5.18661E-10
  4.00190E+06  5.25190E-10
  4.00230E+06  5.29450E-10
  4.00270E+06  5.31375E-10
  4.00310E+06  5.30946E-10
  4.00350E+06  5.28101E-10
  4.00390E+06  5.22891E-10
  4.00430E+06  5.15347E-10
  4.00470E+06  5.05560E-10
  4.00510E+06  4.93673E-10
  4.00550E+06  4.79781E-10
  4.00590E+06  4.64087E-10
  4.00630E+06  4.46765E-10
  4.00670E+06  4.28037E-10
  4.00710E+06  4.08128E-10
  4.00750E+06  3.87259E-10
  4.00790E+06  3.65724E-10
  4.00830E+06  3.43691E-10
  4.00870E+06  3.21477E-10
  4.00910E+06  2.99300E-10
  4.00950E+06  2.77301E-10
  4.00990E+06  2.55763E-10
  4.01030E+06  2.34704E-10
  4.01070E+06  2.14565E-10
  4.01110E+06  1.95330E-10
  4.01150E+06  1.76978E-10
  4.01190E+06  1.59874E-10
  4.01230E+06  1.43698E-10
  4.01270E+06  1.28951E-10
  4.01310E+06  1.15407E-10
  4.01350E+06  1.02822E-10
  4.01390E+06  9.16768E-11
  4.01430E+06  8.13170E-11
  4.01470E+06  7.24455E-11
  4.01510E+06  6.45721E-11
  4.01550E+06  5.72966E-11
  4.01590E+06  5.13080E-11
  4.01630E+06  4.57609E-11
  4.01670E+06  4.13344E-11
  4.01710E+06  3.75246E-11
  4.01750E+06  3.38448E-11
  4.01790E+06  3.11720E-11
  4.01830E+06  2.83660E-11
  4.01870E+06  2.65681E-11
  4.01910E+06  2.50522E-11
  4.01950E+06  2.33529E-11
  4.01990E+06  2.23445E-11
  4.02030E+06  2.10959E-11
  4.02070E+06  2.04252E-11
  4.02110E+06  1.98364E-11
  4.02150E+06  1.88612E-11
  4.02190E+06  1.84824E-11
  4.02230E+06  1.78922E-11
  4.02270E+06  1.75491E-11
  4.02310E+06  1.71920E-11
  4.02350E+06  1.67654E-11
  4.02390E+06  1.63917E-11
  4.02430E+06  1.59479E-11
  4.02470E+06  1.55525E-11
  4.02510E+06  1.51534E-11
  4.02550E+06  1.47214E-11
  4.02590E+06  1.43027E-11
  4.02630E+06  1.38480E-11
  4.02670E+06  1.34177E-11
  4.02710E+06  1.29894E-11
  4.02750E+06  1.25678E-11
  4.02790E+06  1.21578E-11
  4.02830E+06  1.17327E-11
  4.02870E+06  1.13671E-11
  4.02910E+06  1.10382E-11
  4.02950E+06  1.07262E-11
  4.02990E+06  1.04568E-11
  4.03030E+06  1.02121E-11
  4.03070E+06  1.00028E-11
  4.03110E+06  9.84337E-12
  4.03150E+06  9.70118E-12
  4.03190E+06  9.60630E-12
  4.03230E+06  9.52426E-12
  4.03270E+06  9.49955E-12
  4.03310E+06  9.50205E-12
  4.03350E+06  9.51925E-12
  4.03390E+06  9.59168E-12
  4.03430E+06  9.64171E-12
  4.03470E+06  9.73053E-12
  4.03510E+06  9.82714E-12
  4.03550E+06  9.91883E-12
  4.03590E+06  1.00227E-11
  4.03630E+06  1.01239E-11
  4.03670E+06  1.02197E-11
  4.03710E+06  1.03217E-11
  4.03750E+06  1.03957E-11
  4.03790E+06  1.04834E-11
  4.03830E+06  1.05311E-11
  4.03870E+06  1.05945E-11
  4.03910E+06  1.06470E-11
  4.03950E+06  1.06891E-11
  4.03990E+06  1.07218E-11
  4.04030E+06  1.07354E-11
  4.04070E+06  1.07543E-11
  4.04110E+06  1.07656E-11
  4.04150E+06  1.07519E-11
  4.04190E+06  1.07548E-11
  4.04230E+06  1.07402E-11
  4.04270E+06  1.07320E-11
  4.04310E+06  1.07166E-11
  4.04350E+06  1.06938E-11
  4.04390E+06  1.06750E-11
  4.04430E+06  1.06392E-11
  4.04470E+06  1.05947E-11
  4.04510E+06  1.05543E-11
  4.04550E+06  1.04937E-11
  4.04590E+06  1.04704E-11
  4.04630E+06  1.04023E-11
  4.04670E+06  1.03258E-11
  4.04710E+06  1.03642E-11
  4.04750E+06  1.03083E-11
  4.04790E+06  1.02908E-11
  4.04830E+06  1.02433E-11
  4.04870E+06  1.02208E-11
  4.04910E+06  1.04331E-11
  4.04950E+06  1.05134E-11
  4.04990E+06  1.08177E-11
  4.05030E+06  1.10406E-11
  4.05070E+06  1.13558E-11
  4.05110E+06  1.19555E-11
  4.05150E+06  1.25107E-11
  4.05190E+06  1.34904E-11
  4.05230E+06  1.44426E-11
  4.05270E+06  1.55911E-11
  4.05310E+06  1.71639E-11
  4.05350E+06  1.88346E-11
  4.05390E+06  2.10479E-11
  4.05430E+06  2.33693E-11
  4.05470E+06  2.60482E-11
  4.05510E+06  2.93394E-11
  4.05550E+06  3.28348E-11
  4.05590E+06  3.69773E-11
  4.05630E+06  4.14038E-11
  4.05670E+06  4.62911E-11
  4.05710E+06  5.18507E-11
  4.05750E+06  5.77340E-11
  4.05790E+06  6.41653E-11
  4.05830E+06  7.10006E-11
  4.05870E+06  7.82994E-11
  4.05910E+06  8.60214E-11
  4.05950E+06  9.41221E-11
  4.05990E+06  1.02590E-10
  4.06030E+06  1.11330E-10
  4.06070E+06  1.20315E-10
  4.06110E+06  1.29475E-10
  4.06150E+06  1.38712E-10
  4.06190E+06  1.47954E-10
  4.06230E+06  1.57114E-10
  4.06270E+06  1.66100E-10
  4.06310E+06  1.74817E-10
  4.06350E+06  1.83150E-10
  4.06390E+06  1.91044E-10
  4.06430E+06  1.98379E-10
  4.06470E+06  2.05065E-10
  4.06510E+06  2.11042E-10
  4.06550E+06  2.16184E-10
  4.06590E+06  2.20453E-10
  4.06630E+06  2.23756E-10
  4.06670E+06  2.26077E-10
  4.06710E+06  2.27380E-10
  4.06750E+06  2.27607E-10
  4.06790E+06  2.26781E-10
  4.06830E+06  2.24897E-10
  4.06870E+06  2.21974E-10
  4.06910E+06  2.18063E-10
  4.06950E+06  2.13189E-10
  4.06990E+06  2.07425E-10
  4.07030E+06  2.00847E-10
  4.07070E+06  1.93539E-10
  4.07110E+06  1.85595E-10
  4.07150E+06  1.77116E-10
  4.07190E+06  1.68220E-10
  4.07230E+06  1.58994E-10
  4.07270E+06  1.49555E-10
  4.07310E+06  1.40024E-10
  4.07350E+06  1.30469E-10
  4.07390E+06  1.21042E-10
  4.07430E+06  1.11770E-10
  4.07470E+06  1.02775E-10
  4.07510E+06  9.41132E-11
  4.07550E+06  8.58084E-11
  4.07590E+06  7.80031E-11
  4.07630E+06  7.05729E-11
  4.07670E+06  6.37645E-11
  4.07710E+06  5.74860E-11
  4.07750E+06  5.16938E-11
  4.07790E+06  4.64698E-11
  4.07830E+06  4.15808E-11
  4.07870E+06  3.73941E-11
  4.07910E+06  3.36711E-11
  4.07950E+06  3.02498E-11
  4.07990E+06  2.74208E-11
  4.08030E+06  2.48086E-11
  4.08070E+06  2.27196E-11
  4.08110E+06  2.09328E-11
  4.08150E+06  1.92176E-11
  4.08190E+06  1.80071E-11
  4.08230E+06  1.68350E-11
  4.08270E+06  1.60373E-11
  4.08310E+06  1.53881E-11
  4.08350E+06  1.46664E-11
  4.08390E+06  1.43160E-11
  4.08430E+06  1.38506E-11
  4.08470E+06  1.36876E-11
  4.08510E+06  1.35712E-11
  4.08550E+06  1.33279E-11
  4.08590E+06  1.33295E-11
  4.08630E+06  1.31776E-11
  4.08670E+06  1.32274E-11
  4.08710E+06  1.32711E-11
  4.08750E+06  1.32508E-11
  4.08790E+06  1.32986E-11
  4.08830E+06  1.33205E-11
  4.08870E+06  1.33239E-11
  4.08910E+06  1.33351E-11
  4.08950E+06  1.32972E-11
  4.08990E+06  1.32633E-11
  4.09030E+06  1.31910E-11
  4.09070E+06  1.31139E-11
  4.09110E+06  1.30196E-11
  4.09150E+06  1.29102E-11
  4.09190E+06  1.27878E-11
  4.09230E+06  1.26550E-11
  4.09270E+06  1.25146E-11
  4.09310E+06  1.23694E-11
  4.09350E+06  1.22225E-11
  4.09390E+06  1.20765E-11
  4.09430E+06  1.19133E-11
  4.09470E+06  1.17822E-11
  4.09510E+06  1.16581E-11
  4.09550E+06  1.15337E-11
  4.09590E+06  1.14547E-11
  4.09630E+06  1.13588E-11
  4.09670E+06  1.12882E-11
  4.09710E+06  1.12564E-11
  4.09750E+06  1.12163E-11
  4.09790E+06  1.11999E-11
  4.09830E+06  1.11752E-11
  4.09870E+06  1.11730E-11
  4.09910E+06  1.11782E-11
  4.09950E+06  1.11886E-11
  4.09990E+06  1.12142E-11
  4.10030E+06  1.12326E-11
  4.10070E+06  1.12512E-11
  4.10110E+06  1.12683E-11
  4.10150E+06  1.12737E-11
  4.10190E+06  1.13106E-11
  4.10230E+06  1.13157E-11
  4.10270E+06  1.13309E-11
  4.10310E+06  1.13434E-11
  4.10350E+06  1.13363E-11
  4.10390E+06  1.13638E-11
  4.10430E+06  1.13837E-11
  4.10470E+06  1.14074E-11
  4.10510E+06  1.14506E-11
  4.10550E+06  1.14828E-11
  4.10590E+06  1.15489E-11
  4.10630E+06  1.16076E-11
  4.10670E+06  1.16928E-11
  4.10710E+06  1.17917E-11
  4.10750E+06  1.18951E-11
  4.10790E+06  1.20350E-11
  4.10830E+06  1.21780E-11
  4.10870E+06  1.23315E-11
  4.10910E+06  1.24934E-11
  4.10950E+06  1.26518E-11
  4.10990E+06  1.28240E-11
  4.11030E+06  1.29948E-11
  4.11070E+06  1.31607E-11
  4.11110E+06  1.33181E-11
  4.11150E+06  1.34545E-11
  4.11190E+06  1.35869E-11
  4.11230E+06  1.37004E-11
  4.11270E+06  1.37922E-11
  4.11310E+06  1.38601E-11
  4.11350E+06  1.38929E-11
  4.11390E+06  1.39332E-11
  4.11430E+06  1.39273E-11
  4.11470E+06  1.38930E-11
  4.11510E+06  1.38709E-11
  4.11550E+06  1.37822E-11
  4.11590E+06  1.37038E-11
  4.11630E+06  1.35843E-11
  4.11670E+06  1.34441E-11
  4.11710E+06  1.33403E-11
  4.11750E+06  1.31732E-11
  4.11790E+06  1.31407E-11
  4.11830E+06  1.29904E-11
  4.11870E+06  1.28763E-11
  4.11910E+06  1.29696E-11
  4.11950E+06  1.29433E-11
  4.11990E+06  1.35616E-11
  4.12030E+06  1.38282E-11
  4.12070E+06  1.42114E-11
  4.12110E+06  1.57987E-11
  4.12150E+06  1.67992E-11
  4.12190E+06  1.95877E-11
  4.12230E+06  2.16250E-11
  4.12270E+06  2.41377E-11
  4.12310E+06  2.93009E-11
  4.12350E+06  3.36078E-11
  4.12390E+06  4.15179E-11
  4.12430E+06  4.84912E-11
  4.12470E+06  5.67782E-11
  4.12510E+06  7.00570E-11
  4.12550E+06  8.25039E-11
  4.12590E+06  1.00651E-10
  4.12630E+06  1.18607E-10
  4.12670E+06  1.39434E-10
  4.12710E+06  1.67559E-10
  4.12750E+06  1.96163E-10
  4.12790E+06  2.32497E-10
  4.12830E+06  2.70570E-10
  4.12870E+06  3.13567E-10
  4.12910E+06  3.65672E-10
  4.12950E+06  4.20610E-10
  4.12990E+06  4.85183E-10
  4.13030E+06  5.53632E-10
  4.13070E+06  6.28884E-10
  4.13110E+06  7.15126E-10
  4.13150E+06  8.05552E-10
  4.13190E+06  9.05615E-10
  4.13230E+06  1.01131E-09
  4.13270E+06  1.12424E-09
  4.13310E+06  1.24483E-09
  4.13350E+06  1.37147E-09
  4.13390E+06  1.50433E-09
  4.13430E+06  1.64249E-09
  4.13470E+06  1.78528E-09
  4.13510E+06  1.93180E-09
  4.13550E+06  2.08095E-09
  4.13590E+06  2.23166E-09
  4.13630E+06  2.38252E-09
  4.13670E+06  2.53222E-09
  4.13710E+06  2.67940E-09
  4.13750E+06  2.82241E-09
  4.13790E+06  2.95996E-09
  4.13830E+06  3.09026E-09
  4.13870E+06  3.21191E-09
  4.13910E+06  3.32349E-09
  4.13950E+06  3.42352E-09
  4.13990E+06  3.51084E-09
  4.14030E+06  3.58412E-09
  4.14070E+06  3.64241E-09
  4.14110E+06  3.68503E-09
  4.14150E+06  3.71105E-09
  4.14190E+06  3.72033E-09
  4.14230E+06  3.71236E-09
  4.14270E+06  3.68728E-09
  4.14310E+06  3.64547E-09
  4.14350E+06  3.58716E-09
  4.14390E+06  3.51333E-09
  4.14430E+06  3.42462E-09
  4.14470E+06  3.32230E-09
  4.14510E+06  3.20777E-09
  4.14550E+06  3.08222E-09
  4.14590E+06  2.94743E-09
  4.14630E+06  2.80485E-09
  4.14670E+06  2.65634E-09
  4.14710E+06  2.50364E-09
  4.14750E+06  2.34826E-09
  4.14790E+06  2.19220E-09
  4.14830E+06  2.03668E-09
  4.14870E+06  1.88358E-09
  4.14910E+06  1.73413E-09
  4.14950E+06  1.58899E-09
  4.14990E+06  1.45031E-09
  4.15030E+06  1.31751E-09
  4.15070E+06  1.19315E-09
  4.15110E+06  1.07679E-09
  4.15150E+06  9.67481E-10
  4.15190E+06  8.68177E-10
  4.15230E+06  7.75653E-10
  4.15270E+06  6.93490E-10
  4.15310E+06  6.19432E-10
  4.15350E+06  5.51015E-10
  4.15390E+06  4.92623E-10
  4.15430E+06  4.38292E-10
  4.15470E+06  3.93599E-10
  4.15510E+06  3.54597E-10
  4.15550E+06  3.17949E-10
  4.15590E+06  2.89330E-10
  4.15630E+06  2.61432E-10
  4.15670E+06  2.40958E-10
  4.15710E+06  2.23390E-10
  4.15750E+06  2.05417E-10
  4.15790E+06  1.93106E-10
  4.15830E+06  1.79450E-10
  4.15870E+06  1.70823E-10
  4.15910E+06  1.63250E-10
  4.15950E+06  1.53753E-10
  4.15990E+06  1.48327E-10
  4.16030E+06  1.40190E-10
  4.16070E+06  1.36221E-10
  4.16110E+06  1.32442E-10
  4.16150E+06  1.26973E-10
  4.16190E+06  1.23827E-10
  4.16230E+06  1.20123E-10
  4.16270E+06  1.17128E-10
  4.16310E+06  1.14185E-10
  4.16350E+06  1.11159E-10
  4.16390E+06  1.08383E-10
  4.16430E+06  1.05630E-10
  4.16470E+06  1.02994E-10
  4.16510E+06  1.00500E-10
  4.16550E+06  9.80201E-11
  4.16590E+06  9.57811E-11
  4.16630E+06  9.35567E-11
  4.16670E+06  9.15240E-11
  4.16710E+06  8.96542E-11
  4.16750E+06  8.77505E-11
  4.16790E+06  8.61594E-11
  4.16830E+06  8.45613E-11
  4.16870E+06  8.31099E-11
  4.16910E+06  8.18146E-11
  4.16950E+06  8.04813E-11
  4.16990E+06  7.93338E-11
  4.17030E+06  7.81375E-11
  4.17070E+06  7.71553E-11
  4.17110E+06  7.62757E-11
  4.17150E+06  7.52982E-11
  4.17190E+06  7.45738E-11
  4.17230E+06  7.37682E-11
  4.17270E+06  7.31417E-11
  4.17310E+06  7.25980E-11
  4.17350E+06  7.19655E-11
  4.17390E+06  7.15232E-11
  4.17430E+06  7.09934E-11
  4.17470E+06  7.06272E-11
  4.17510E+06  7.03552E-11
  4.17550E+06  6.99952E-11
  4.17590E+06  6.97883E-11
  4.17630E+06  6.95148E-11
  4.17670E+06  6.93254E-11
  4.17710E+06  6.92169E-11
  4.17750E+06  6.90324E-11
  4.17790E+06  6.90574E-11
  4.17830E+06  6.89229E-11
  4.17870E+06  6.88620E-11
  4.17910E+06  6.92411E-11
  4.17950E+06  6.92765E-11
  4.17990E+06  7.05847E-11
  4.18030E+06  7.10272E-11
  4.18070E+06  7.16809E-11
  4.18110E+06  7.58515E-11
  4.18150E+06  7.77824E-11
  4.18190E+06  8.66240E-11
  4.18230E+06  9.15587E-11
  4.18270E+06  9.76981E-11
  4.18310E+06  1.19625E-10
  4.18350E+06  1.32982E-10
  4.18390E+06  1.72560E-10
  4.18430E+06  1.99338E-10
  4.18470E+06  2.31989E-10
  4.18510E+06  3.09878E-10
  4.18550E+06  3.68496E-10
  4.18590E+06  4.86765E-10
  4.18630E+06  5.85201E-10
  4.18670E+06  7.02920E-10
  4.18710E+06  9.10410E-10
  4.18750E+06  1.09504E-09
  4.18790E+06  1.38055E-09
  4.18830E+06  1.65574E-09
  4.18870E+06  1.97770E-09
  4.18910E+06  2.43370E-09
  4.18950E+06  2.88953E-09
  4.18990E+06  3.48816E-09
  4.19030E+06  4.11088E-09
  4.19070E+06  4.82130E-09
  4.19110E+06  5.71235E-09
  4.19150E+06  6.64418E-09
  4.19190E+06  7.76331E-09
  4.19230E+06  8.95096E-09
  4.19270E+06  1.02696E-08
  4.19310E+06  1.18061E-08
  4.19350E+06  1.34247E-08
  4.19390E+06  1.52541E-08
  4.19430E+06  1.71883E-08
  4.19470E+06  1.92753E-08
  4.19510E+06  2.15582E-08
  4.19550E+06  2.39546E-08
  4.19590E+06  2.65042E-08
  4.19630E+06  2.91777E-08
  4.19670E+06  3.19720E-08
  4.19710E+06  3.48747E-08
  4.19750E+06  3.78638E-08
  4.19790E+06  4.09234E-08
  4.19830E+06  4.40269E-08
  4.19870E+06  4.71511E-08
  4.19910E+06  5.02718E-08
  4.19950E+06  5.33556E-08
  4.19990E+06  5.63771E-08
  4.20030E+06  5.93013E-08
  4.20070E+06  6.20989E-08
  4.20110E+06  6.47422E-08
  4.20150E+06  6.71952E-08
  4.20190E+06  6.94342E-08
  4.20230E+06  7.14264E-08
  4.20270E+06  7.31491E-08
  4.20310E+06  7.45829E-08
  4.20350E+06  7.57029E-08
  4.20390E+06  7.64990E-08
  4.20430E+06  7.69543E-08
  4.20470E+06  7.70639E-08
  4.20510E+06  7.68284E-08
  4.20550E+06  7.62433E-08
  4.20590E+06  7.53208E-08
  4.20630E+06  7.40669E-08
  4.20670E+06  7.24991E-08
  4.20710E+06  7.06400E-08
  4.20750E+06  6.85078E-08
  4.20790E+06  6.61337E-08
  4.20830E+06  6.35434E-08
  4.20870E+06  6.07710E-08
  4.20910E+06  5.78505E-08
  4.20950E+06  5.48135E-08
  4.20990E+06  5.16984E-08
  4.21030E+06  4.85342E-08
  4.21070E+06  4.53605E-08
  4.21110E+06  4.22062E-08
  4.21150E+06  3.90947E-08
  4.21190E+06  3.60648E-08
  4.21230E+06  3.31218E-08
  4.21270E+06  3.03113E-08
  4.21310E+06  2.76370E-08
  4.21350E+06  2.50932E-08
  4.21390E+06  2.27310E-08
  4.21430E+06  2.05032E-08
  4.21470E+06  1.84799E-08
  4.21510E+06  1.66239E-08
  4.21550E+06  1.48956E-08
  4.21590E+06  1.33736E-08
  4.21630E+06  1.19508E-08
  4.21670E+06  1.07364E-08
  4.21710E+06  9.65506E-09
  4.21750E+06  8.64396E-09
  4.21790E+06  7.81044E-09
  4.21830E+06  7.01290E-09
  4.21870E+06  6.38256E-09
  4.21910E+06  5.82971E-09
  4.21950E+06  5.28725E-09
  4.21990E+06  4.87493E-09
  4.22030E+06  4.44429E-09
  4.22070E+06  4.13712E-09
  4.22110E+06  3.86365E-09
  4.22150E+06  3.56110E-09
  4.22190E+06  3.35359E-09
  4.22230E+06  3.10003E-09
  4.22270E+06  2.93949E-09
  4.22310E+06  2.79070E-09
  4.22350E+06  2.60189E-09
  4.22390E+06  2.48282E-09
  4.22430E+06  2.33356E-09
  4.22470E+06  2.23349E-09
  4.22510E+06  2.13903E-09
  4.22550E+06  2.03976E-09
  4.22590E+06  1.95810E-09
  4.22630E+06  1.87910E-09
  4.22670E+06  1.80843E-09
  4.22710E+06  1.74558E-09
  4.22750E+06  1.68629E-09
  4.22790E+06  1.63675E-09
  4.22830E+06  1.59086E-09
  4.22870E+06  1.55422E-09
  4.22910E+06  1.52455E-09
  4.22950E+06  1.49854E-09
  4.22990E+06  1.48129E-09
  4.23030E+06  1.46655E-09
  4.23070E+06  1.45977E-09
  4.23110E+06  1.45794E-09
  4.23150E+06  1.45729E-09
  4.23190E+06  1.46338E-09
  4.23230E+06  1.46942E-09
  4.23270E+06  1.48085E-09
  4.23310E+06  1.49446E-09
  4.23350E+06  1.50638E-09
  4.23390E+06  1.52254E-09
  4.23430E+06  1.53532E-09
  4.23470E+06  1.55102E-09
  4.23510E+06  1.56675E-09
  4.23550E+06  1.57790E-09
  4.23590E+06  1.59127E-09
  4.23630E+06  1.59927E-09
  4.23670E+06  1.60751E-09
  4.23710E+06  1.61492E-09
  4.23750E+06  1.61642E-09
  4.23790E+06  1.61891E-09
  4.23830E+06  1.61599E-09
  4.23870E+06  1.61125E-09
  4.23910E+06  1.60661E-09
  4.23950E+06  1.59658E-09
  4.23990E+06  1.58788E-09
  4.24030E+06  1.57472E-09
  4.24070E+06  1.56091E-09
  4.24110E+06  1.54937E-09
  4.24150E+06  1.53447E-09
  4.24190E+06  1.52367E-09
  4.24230E+06  1.51085E-09
  4.24270E+06  1.50047E-09
  4.24310E+06  1.49588E-09
  4.24350E+06  1.49098E-09
  4.24390E+06  1.49323E-09
  4.24430E+06  1.49721E-09
  4.24470E+06  1.50671E-09
  4.24510E+06  1.52459E-09
  4.24550E+06  1.54554E-09
  4.24590E+06  1.57539E-09
  4.24630E+06  1.60963E-09
  4.24670E+06  1.65146E-09
  4.24710E+06  1.70101E-09
  4.24750E+06  1.75587E-09
  4.24790E+06  1.81831E-09
  4.24830E+06  1.88546E-09
  4.24870E+06  1.95935E-09
  4.24910E+06  2.03870E-09
  4.24950E+06  2.12089E-09
  4.24990E+06  2.20812E-09
  4.25030E+06  2.29629E-09
  4.25070E+06  2.38695E-09
  4.25110E+06  2.47838E-09
  4.25150E+06  2.56743E-09
  4.25190E+06  2.65627E-09
  4.25230E+06  2.73996E-09
  4.25270E+06  2.82067E-09
  4.25310E+06  2.89661E-09
  4.25350E+06  2.96400E-09
  4.25390E+06  3.02563E-09
  4.25430E+06  3.07678E-09
  4.25470E+06  3.11958E-09
  4.25510E+06  3.15314E-09
  4.25550E+06  3.17408E-09
  4.25590E+06  3.18590E-09
  4.25630E+06  3.18437E-09
  4.25670E+06  3.17295E-09
  4.25710E+06  3.15122E-09
  4.25750E+06  3.11694E-09
  4.25790E+06  3.07450E-09
  4.25830E+06  3.02074E-09
  4.25870E+06  2.95868E-09
  4.25910E+06  2.89013E-09
  4.25950E+06  2.81302E-09
  4.25990E+06  2.73204E-09
  4.26030E+06  2.64508E-09
  4.26070E+06  2.55539E-09
  4.26110E+06  2.46539E-09
  4.26150E+06  2.37304E-09
  4.26190E+06  2.28279E-09
  4.26230E+06  2.19284E-09
  4.26270E+06  2.10621E-09
  4.26310E+06  2.02467E-09
  4.26350E+06  1.94604E-09
  4.26390E+06  1.87482E-09
  4.26430E+06  1.80760E-09
  4.26470E+06  1.74781E-09
  4.26510E+06  1.69611E-09
  4.26550E+06  1.64919E-09
  4.26590E+06  1.61167E-09
  4.26630E+06  1.57847E-09
  4.26670E+06  1.55385E-09
  4.26710E+06  1.53656E-09
  4.26750E+06  1.52292E-09
  4.26790E+06  1.51739E-09
  4.26830E+06  1.51425E-09
  4.26870E+06  1.51839E-09
  4.26910E+06  1.52691E-09
  4.26950E+06  1.53622E-09
  4.26990E+06  1.55115E-09
  4.27030E+06  1.56539E-09
  4.27070E+06  1.58414E-09
  4.27110E+06  1.60396E-09
  4.27150E+06  1.62140E-09
  4.27190E+06  1.64177E-09
  4.27230E+06  1.65825E-09
  4.27270E+06  1.67676E-09
  4.27310E+06  1.69350E-09
  4.27350E+06  1.70567E-09
  4.27390E+06  1.71806E-09
  4.27430E+06  1.72485E-09
  4.27470E+06  1.73114E-09
  4.27510E+06  1.73402E-09
  4.27550E+06  1.73130E-09
  4.27590E+06  1.72699E-09
  4.27630E+06  1.71732E-09
  4.27670E+06  1.70444E-09
  4.27710E+06  1.68780E-09
  4.27750E+06  1.66630E-09
  4.27790E+06  1.64189E-09
  4.27830E+06  1.61267E-09
  4.27870E+06  1.58036E-09
  4.27910E+06  1.54559E-09
  4.27950E+06  1.50652E-09
  4.27990E+06  1.46612E-09
  4.28030E+06  1.42233E-09
  4.28070E+06  1.37719E-09
  4.28110E+06  1.33142E-09
  4.28150E+06  1.28348E-09
  4.28190E+06  1.23638E-09
  4.28230E+06  1.18801E-09
  4.28270E+06  1.14109E-09
  4.28310E+06  1.09580E-09
  4.28350E+06  1.05073E-09
  4.28390E+06  1.00904E-09
  4.28430E+06  9.68268E-10
  4.28470E+06  9.31174E-10
  4.28510E+06  8.97658E-10
  4.28550E+06  8.66122E-10
  4.28590E+06  8.39327E-10
  4.28630E+06  8.14904E-10
  4.28670E+06  7.95085E-10
  4.28710E+06  7.79951E-10
  4.28750E+06  7.66580E-10
  4.28790E+06  7.59205E-10
  4.28830E+06  7.53114E-10
  4.28870E+06  7.51738E-10
  4.28910E+06  7.56027E-10
  4.28950E+06  7.60040E-10
  4.28990E+06  7.73107E-10
  4.29030E+06  7.83481E-10
  4.29070E+06  7.97880E-10
  4.29110E+06  8.24538E-10
  4.29150E+06  8.45032E-10
  4.29190E+06  8.84910E-10
  4.29230E+06  9.15154E-10
  4.29270E+06  9.50488E-10
  4.29310E+06  1.01672E-09
  4.29350E+06  1.06748E-09
  4.29390E+06  1.15606E-09
  4.29430E+06  1.23089E-09
  4.29470E+06  1.31852E-09
  4.29510E+06  1.46024E-09
  4.29550E+06  1.58696E-09
  4.29590E+06  1.77519E-09
  4.29630E+06  1.95690E-09
  4.29670E+06  2.16796E-09
  4.29710E+06  2.45865E-09
  4.29750E+06  2.75039E-09
  4.29790E+06  3.12884E-09
  4.29830E+06  3.52232E-09
  4.29870E+06  3.96975E-09
  4.29910E+06  4.52871E-09
  4.29950E+06  5.11113E-09
  4.29990E+06  5.80725E-09
  4.30030E+06  6.54480E-09
  4.30070E+06  7.36169E-09
  4.30110E+06  8.30923E-09
  4.30150E+06  9.30570E-09
  4.30190E+06  1.04245E-08
  4.30230E+06  1.16075E-08
  4.30270E+06  1.28802E-08
  4.30310E+06  1.42598E-08
  4.30350E+06  1.57097E-08
  4.30390E+06  1.72473E-08
  4.30430E+06  1.88536E-08
  4.30470E+06  2.05267E-08
  4.30510E+06  2.22638E-08
  4.30550E+06  2.40411E-08
  4.30590E+06  2.58584E-08
  4.30630E+06  2.76908E-08
  4.30670E+06  2.95284E-08
  4.30710E+06  3.13614E-08
  4.30750E+06  3.31607E-08
  4.30790E+06  3.49202E-08
  4.30830E+06  3.66118E-08
  4.30870E+06  3.82231E-08
  4.30910E+06  3.97391E-08
  4.30950E+06  4.11359E-08
  4.30990E+06  4.24032E-08
  4.31030E+06  4.35211E-08
  4.31070E+06  4.44791E-08
  4.31110E+06  4.52664E-08
  4.31150E+06  4.58687E-08
  4.31190E+06  4.62830E-08
  4.31230E+06  4.64995E-08
  4.31270E+06  4.65179E-08
  4.31310E+06  4.63396E-08
  4.31350E+06  4.59622E-08
  4.31390E+06  4.53956E-08
  4.31430E+06  4.46427E-08
  4.31470E+06  4.37158E-08
  4.31510E+06  4.26282E-08
  4.31550E+06  4.13902E-08
  4.31590E+06  4.00211E-08
  4.31630E+06  3.85340E-08
  4.31670E+06  3.69499E-08
  4.31710E+06  3.52878E-08
  4.31750E+06  3.35630E-08
  4.31790E+06  3.17984E-08
  4.31830E+06  3.00075E-08
  4.31870E+06  2.82132E-08
  4.31910E+06  2.64307E-08
  4.31950E+06  2.46690E-08
  4.31990E+06  2.29528E-08
  4.32030E+06  2.12795E-08
  4.32070E+06  1.96779E-08
  4.32110E+06  1.81473E-08
  4.32150E+06  1.66808E-08
  4.32190E+06  1.53123E-08
  4.32230E+06  1.40072E-08
  4.32270E+06  1.28144E-08
  4.32310E+06  1.17085E-08
  4.32350E+06  1.06649E-08
  4.32390E+06  9.73373E-09
  4.32430E+06  8.85037E-09
  4.32470E+06  8.08250E-09
  4.32510E+06  7.38633E-09
  4.32550E+06  6.72566E-09
  4.32590E+06  6.16615E-09
  4.32630E+06  5.62575E-09
  4.32670E+06  5.18258E-09
  4.32710E+06  4.78529E-09
  4.32750E+06  4.39534E-09
  4.32790E+06  4.08527E-09
  4.32830E+06  3.76514E-09
  4.32870E+06  3.52472E-09
  4.32910E+06  3.30852E-09
  4.32950E+06  3.07870E-09
  4.32990E+06  2.91086E-09
  4.33030E+06  2.71937E-09
  4.33070E+06  2.58752E-09
  4.33110E+06  2.46897E-09
  4.33150E+06  2.33087E-09
  4.33190E+06  2.23940E-09
  4.33230E+06  2.13523E-09
  4.33270E+06  2.05573E-09
  4.33310E+06  1.99698E-09
  4.33350E+06  1.92729E-09
  4.33390E+06  1.89732E-09
  4.33430E+06  1.84974E-09
  4.33470E+06  1.81793E-09
  4.33510E+06  1.85217E-09
  4.33550E+06  1.85240E-09
  4.33590E+06  1.95765E-09
  4.33630E+06  2.01686E-09
  4.33670E+06  2.10872E-09
  4.33710E+06  2.37569E-09
  4.33750E+06  2.57008E-09
  4.33790E+06  2.98703E-09
  4.33830E+06  3.33873E-09
  4.33870E+06  3.76947E-09
  4.33910E+06  4.51928E-09
  4.33950E+06  5.19966E-09
  4.33990E+06  6.23343E-09
  4.34030E+06  7.24627E-09
  4.34070E+06  8.43332E-09
  4.34110E+06  1.00837E-08
  4.34150E+06  1.17500E-08
  4.34190E+06  1.39089E-08
  4.34230E+06  1.61661E-08
  4.34270E+06  1.87349E-08
  4.34310E+06  2.19167E-08
  4.34350E+06  2.52525E-08
  4.34390E+06  2.92250E-08
  4.34430E+06  3.34384E-08
  4.34470E+06  3.80995E-08
  4.34510E+06  4.34748E-08
  4.34550E+06  4.91386E-08
  4.34590E+06  5.54741E-08
  4.34630E+06  6.21729E-08
  4.34670E+06  6.93695E-08
  4.34710E+06  7.71402E-08
  4.34750E+06  8.53076E-08
  4.34790E+06  9.39294E-08
  4.34830E+06  1.02940E-07
  4.34870E+06  1.12305E-07
  4.34910E+06  1.21975E-07
  4.34950E+06  1.31871E-07
  4.34990E+06  1.41935E-07
  4.35030E+06  1.52073E-07
  4.35070E+06  1.62202E-07
  4.35110E+06  1.72237E-07
  4.35150E+06  1.82065E-07
  4.35190E+06  1.91600E-07
  4.35230E+06  2.00724E-07
  4.35270E+06  2.09342E-07
  4.35310E+06  2.17363E-07
  4.35350E+06  2.24671E-07
  4.35390E+06  2.31195E-07
  4.35430E+06  2.36831E-07
  4.35470E+06  2.41514E-07
  4.35510E+06  2.45190E-07
  4.35550E+06  2.47787E-07
  4.35590E+06  2.49285E-07
  4.35630E+06  2.49641E-07
  4.35670E+06  2.48855E-07
  4.35710E+06  2.46943E-07
  4.35750E+06  2.43907E-07
  4.35790E+06  2.39801E-07
  4.35830E+06  2.34661E-07
  4.35870E+06  2.28561E-07
  4.35910E+06  2.21586E-07
  4.35950E+06  2.13808E-07
  4.35990E+06  2.05342E-07
  4.36030E+06  1.96277E-07
  4.36070E+06  1.86736E-07
  4.36110E+06  1.76835E-07
  4.36150E+06  1.66672E-07
  4.36190E+06  1.56382E-07
  4.36230E+06  1.46044E-07
  4.36270E+06  1.35795E-07
  4.36310E+06  1.25725E-07
  4.36350E+06  1.15882E-07
  4.36390E+06  1.06417E-07
  4.36430E+06  9.72938E-08
  4.36470E+06  8.86786E-08
  4.36510E+06  8.06114E-08
  4.36550E+06  7.29712E-08
  4.36590E+06  6.60545E-08
  4.36630E+06  5.95218E-08
  4.36670E+06  5.36959E-08
  4.36710E+06  4.86261E-08
  4.36750E+06  4.38333E-08
  4.36790E+06  4.00313E-08
  4.36830E+06  3.63642E-08
  4.36870E+06  3.34345E-08
  4.36910E+06  3.14682E-08
  4.36950E+06  2.94602E-08
  4.36990E+06  2.87017E-08
  4.37030E+06  2.78129E-08
  4.37070E+06  2.76820E-08
  4.37110E+06  2.87952E-08
  4.37150E+06  2.96943E-08
  4.37190E+06  3.21194E-08
  4.37230E+06  3.44068E-08
  4.37270E+06  3.76339E-08
  4.37310E+06  4.24347E-08
  4.37350E+06  4.71958E-08
  4.37390E+06  5.38228E-08
  4.37430E+06  6.06403E-08
  4.37470E+06  6.87412E-08
  4.37510E+06  7.88165E-08
  4.37550E+06  8.93040E-08
  4.37590E+06  1.01995E-07
  4.37630E+06  1.15431E-07
  4.37670E+06  1.30395E-07
  4.37710E+06  1.47605E-07
  4.37750E+06  1.65768E-07
  4.37790E+06  1.85999E-07
  4.37830E+06  2.07441E-07
  4.37870E+06  2.30454E-07
  4.37910E+06  2.55165E-07
  4.37950E+06  2.81172E-07
  4.37990E+06  3.08550E-07
  4.38030E+06  3.37110E-07
  4.38070E+06  3.66723E-07
  4.38110E+06  3.97202E-07
  4.38150E+06  4.28297E-07
  4.38190E+06  4.59799E-07
  4.38230E+06  4.91403E-07
  4.38270E+06  5.22845E-07
  4.38310E+06  5.53829E-07
  4.38350E+06  5.83995E-07
  4.38390E+06  6.13073E-07
  4.38430E+06  6.40678E-07
  4.38470E+06  6.66522E-07
  4.38510E+06  6.90312E-07
  4.38550E+06  7.11684E-07
  4.38590E+06  7.30439E-07
  4.38630E+06  7.46245E-07
  4.38670E+06  7.58928E-07
  4.38710E+06  7.68347E-07
  4.38750E+06  7.74266E-07
  4.38790E+06  7.76693E-07
  4.38830E+06  7.75478E-07
  4.38870E+06  7.70675E-07
  4.38910E+06  7.62388E-07
  4.38950E+06  7.50606E-07
  4.38990E+06  7.35591E-07
  4.39030E+06  7.17432E-07
  4.39070E+06  6.96418E-07
  4.39110E+06  6.72877E-07
  4.39150E+06  6.47005E-07
  4.39190E+06  6.19243E-07
  4.39230E+06  5.89839E-07
  4.39270E+06  5.59214E-07
  4.39310E+06  5.27778E-07
  4.39350E+06  4.95787E-07
  4.39390E+06  4.63712E-07
  4.39430E+06  4.31763E-07
  4.39470E+06  4.00376E-07
  4.39510E+06  3.69826E-07
  4.39550E+06  3.40238E-07
  4.39590E+06  3.12033E-07
  4.39630E+06  2.85129E-07
  4.39670E+06  2.60025E-07
  4.39710E+06  2.36639E-07
  4.39750E+06  2.14813E-07
  4.39790E+06  1.95085E-07
  4.39830E+06  1.76798E-07
  4.39870E+06  1.60749E-07
  4.39910E+06  1.46414E-07
  4.39950E+06  1.33294E-07
  4.39990E+06  1.22242E-07
  4.40030E+06  1.12025E-07
  4.40070E+06  1.03819E-07
  4.40110E+06  9.67581E-08
  4.40150E+06  9.01615E-08
  4.40190E+06  8.51533E-08
  4.40230E+06  8.02229E-08
  4.40270E+06  7.67474E-08
  4.40310E+06  7.37631E-08
  4.40350E+06  7.05865E-08
  4.40390E+06  6.84463E-08
  4.40430E+06  6.58321E-08
  4.40470E+06  6.41825E-08
  4.40510E+06  6.25789E-08
  4.40550E+06  6.04085E-08
  4.40590E+06  5.89209E-08
  4.40630E+06  5.67614E-08
  4.40670E+06  5.52353E-08
  4.40710E+06  5.35801E-08
  4.40750E+06  5.14241E-08
  4.40790E+06  4.96153E-08
  4.40830E+06  4.75351E-08
  4.40870E+06  4.55238E-08
  4.40910E+06  4.34205E-08
  4.40950E+06  4.12227E-08
  4.40990E+06  3.89999E-08
  4.41030E+06  3.67332E-08
  4.41070E+06  3.44713E-08
  4.41110E+06  3.22265E-08
  4.41150E+06  2.99995E-08
  4.41190E+06  2.78385E-08
  4.41230E+06  2.57249E-08
  4.41270E+06  2.37085E-08
  4.41310E+06  2.17888E-08
  4.41350E+06  1.99486E-08
  4.41390E+06  1.82428E-08
  4.41430E+06  1.66222E-08
  4.41470E+06  1.51499E-08
  4.41510E+06  1.38004E-08
  4.41550E+06  1.25374E-08
  4.41590E+06  1.14308E-08
  4.41630E+06  1.03940E-08
  4.41670E+06  9.51541E-09
  4.41710E+06  8.74327E-09
  4.41750E+06  8.02620E-09
  4.41790E+06  7.45190E-09
  4.41830E+06  6.91114E-09
  4.41870E+06  6.50597E-09
  4.41910E+06  6.17077E-09
  4.41950E+06  5.85340E-09
  4.41990E+06  5.64602E-09
  4.42030E+06  5.43921E-09
  4.42070E+06  5.33167E-09
  4.42110E+06  5.25926E-09
  4.42150E+06  5.17643E-09
  4.42190E+06  5.16855E-09
  4.42230E+06  5.13647E-09
  4.42270E+06  5.17117E-09
  4.42310E+06  5.21544E-09
  4.42350E+06  5.23350E-09
  4.42390E+06  5.29416E-09
  4.42430E+06  5.32439E-09
  4.42470E+06  5.38580E-09
  4.42510E+06  5.44032E-09
  4.42550E+06  5.47399E-09
  4.42590E+06  5.51154E-09
  4.42630E+06  5.53117E-09
  4.42670E+06  5.54255E-09
  4.42710E+06  5.53988E-09
  4.42750E+06  5.51805E-09
  4.42790E+06  5.48458E-09
  4.42830E+06  5.43117E-09
  4.42870E+06  5.36546E-09
  4.42910E+06  5.28456E-09
  4.42950E+06  5.18512E-09
  4.42990E+06  5.07490E-09
  4.43030E+06  4.94820E-09
  4.43070E+06  4.81181E-09
  4.43110E+06  4.66480E-09
  4.43150E+06  4.50570E-09
  4.43190E+06  4.34152E-09
  4.43230E+06  4.16810E-09
  4.43270E+06  3.99264E-09
  4.43310E+06  3.81460E-09
  4.43350E+06  3.63301E-09
  4.43390E+06  3.45401E-09
  4.43430E+06  3.27479E-09
  4.43470E+06  3.10057E-09
  4.43510E+06  2.93112E-09
  4.43550E+06  2.76527E-09
  4.43590E+06  2.60840E-09
  4.43630E+06  2.45627E-09
  4.43670E+06  2.31456E-09
  4.43710E+06  2.18172E-09
  4.43750E+06  2.05482E-09
  4.43790E+06  1.93997E-09
  4.43830E+06  1.83039E-09
  4.43870E+06  1.73310E-09
  4.43910E+06  1.64458E-09
  4.43950E+06  1.56019E-09
  4.43990E+06  1.48804E-09
  4.44030E+06  1.41826E-09
  4.44070E+06  1.35992E-09
  4.44110E+06  1.30767E-09
  4.44150E+06  1.25690E-09
  4.44190E+06  1.21574E-09
  4.44230E+06  1.17351E-09
  4.44270E+06  1.14063E-09
  4.44310E+06  1.11144E-09
  4.44350E+06  1.08070E-09
  4.44390E+06  1.05744E-09
  4.44430E+06  1.03168E-09
  4.44470E+06  1.01233E-09
  4.44510E+06  9.95178E-10
  4.44550E+06  9.75059E-10
  4.44590E+06  9.61340E-10
  4.44630E+06  9.44488E-10
  4.44670E+06  9.32526E-10
  4.44710E+06  9.22569E-10
  4.44750E+06  9.10212E-10
  4.44790E+06  9.02676E-10
  4.44830E+06  8.93545E-10
  4.44870E+06  8.87294E-10
  4.44910E+06  8.83492E-10
  4.44950E+06  8.78727E-10
  4.44990E+06  8.77319E-10
  4.45030E+06  8.75725E-10
  4.45070E+06  8.76274E-10
  4.45110E+06  8.79663E-10
  4.45150E+06  8.82706E-10
  4.45190E+06  8.89278E-10
  4.45230E+06  8.96069E-10
  4.45270E+06  9.05225E-10
  4.45310E+06  9.17248E-10
  4.45350E+06  9.29521E-10
  4.45390E+06  9.44995E-10
  4.45430E+06  9.60993E-10
  4.45470E+06  9.79293E-10
  4.45510E+06  9.99845E-10
  4.45550E+06  1.02071E-09
  4.45590E+06  1.04408E-09
  4.45630E+06  1.06774E-09
  4.45670E+06  1.09331E-09
  4.45710E+06  1.11995E-09
  4.45750E+06  1.14645E-09
  4.45790E+06  1.17429E-09
  4.45830E+06  1.20129E-09
  4.45870E+06  1.22884E-09
  4.45910E+06  1.25617E-09
  4.45950E+06  1.28174E-09
  4.45990E+06  1.30714E-09
  4.46030E+06  1.33010E-09
  4.46070E+06  1.35171E-09
  4.46110E+06  1.37148E-09
  4.46150E+06  1.38775E-09
  4.46190E+06  1.40217E-09
  4.46230E+06  1.41261E-09
  4.46270E+06  1.42024E-09
  4.46310E+06  1.42459E-09
  4.46350E+06  1.42463E-09
  4.46390E+06  1.42175E-09
  4.46430E+06  1.41426E-09
  4.46470E+06  1.40340E-09
  4.46510E+06  1.38934E-09
  4.46550E+06  1.37076E-09
  4.46590E+06  1.34966E-09
  4.46630E+06  1.32463E-09
  4.46670E+06  1.29726E-09
  4.46710E+06  1.26784E-09
  4.46750E+06  1.23534E-09
  4.46790E+06  1.20209E-09
  4.46830E+06  1.16650E-09
  4.46870E+06  1.13047E-09
  4.46910E+06  1.09487E-09
  4.46950E+06  1.05785E-09
  4.46990E+06  1.02295E-09
  4.47030E+06  9.87460E-10
  4.47070E+06  9.53429E-10
  4.47110E+06  9.23697E-10
  4.47150E+06  8.93105E-10
  4.47190E+06  8.69894E-10
  4.47230E+06  8.45283E-10
  4.47270E+06  8.24347E-10
  4.47310E+06  8.14222E-10
  4.47350E+06  8.01599E-10
  4.47390E+06  8.03196E-10
  4.47430E+06  8.01887E-10
  4.47470E+06  8.06871E-10
  4.47510E+06  8.31925E-10
  4.47550E+06  8.52279E-10
  4.47590E+06  8.96082E-10
  4.47630E+06  9.36790E-10
  4.47670E+06  9.88788E-10
  4.47710E+06  1.06994E-09
  4.47750E+06  1.14918E-09
  4.47790E+06  1.26054E-09
  4.47830E+06  1.37426E-09
  4.47870E+06  1.50723E-09
  4.47910E+06  1.67857E-09
  4.47950E+06  1.85609E-09
  4.47990E+06  2.07573E-09
  4.48030E+06  2.30631E-09
  4.48070E+06  2.56549E-09
  4.48110E+06  2.87099E-09
  4.48150E+06  3.19254E-09
  4.48190E+06  3.56045E-09
  4.48230E+06  3.94985E-09
  4.48270E+06  4.37376E-09
  4.48310E+06  4.84128E-09
  4.48350E+06  5.33350E-09
  4.48390E+06  5.86101E-09
  4.48430E+06  6.41718E-09
  4.48470E+06  7.00272E-09
  4.48510E+06  7.61487E-09
  4.48550E+06  8.24882E-09
  4.48590E+06  8.90225E-09
  4.48630E+06  9.56891E-09
  4.48670E+06  1.02445E-08
  4.48710E+06  1.09238E-08
  4.48750E+06  1.15991E-08
  4.48790E+06  1.22656E-08
  4.48830E+06  1.29147E-08
  4.48870E+06  1.35405E-08
  4.48910E+06  1.41362E-08
  4.48950E+06  1.46932E-08
  4.48990E+06  1.52064E-08
  4.49030E+06  1.56675E-08
  4.49070E+06  1.60717E-08
  4.49110E+06  1.64135E-08
  4.49150E+06  1.66867E-08
  4.49190E+06  1.68891E-08
  4.49230E+06  1.70157E-08
  4.49270E+06  1.70655E-08
  4.49310E+06  1.70378E-08
  4.49350E+06  1.69307E-08
  4.49390E+06  1.67477E-08
  4.49430E+06  1.64885E-08
  4.49470E+06  1.61580E-08
  4.49510E+06  1.57603E-08
  4.49550E+06  1.52993E-08
  4.49590E+06  1.47827E-08
  4.49630E+06  1.42152E-08
  4.49670E+06  1.36054E-08
  4.49710E+06  1.29610E-08
  4.49750E+06  1.22883E-08
  4.49790E+06  1.15973E-08
  4.49830E+06  1.08934E-08
  4.49870E+06  1.01865E-08
  4.49910E+06  9.48353E-09
  4.49950E+06  8.78914E-09
  4.49990E+06  8.11269E-09
  4.50030E+06  7.45537E-09
  4.50070E+06  6.82729E-09
  4.50110E+06  6.23017E-09
  4.50150E+06  5.66260E-09
  4.50190E+06  5.13584E-09
  4.50230E+06  4.64016E-09
  4.50270E+06  4.18995E-09
  4.50310E+06  3.77836E-09
  4.50350E+06  3.39691E-09
  4.50390E+06  3.06166E-09
  4.50430E+06  2.75013E-09
  4.50470E+06  2.48551E-09
  4.50510E+06  2.25210E-09
  4.50550E+06  2.03566E-09
  4.50590E+06  1.86012E-09
  4.50630E+06  1.69357E-09
  4.50670E+06  1.56544E-09
  4.50710E+06  1.45597E-09
  4.50750E+06  1.34928E-09
  4.50790E+06  1.27316E-09
  4.50830E+06  1.19345E-09
  4.50870E+06  1.14193E-09
  4.50910E+06  1.09851E-09
  4.50950E+06  1.04763E-09
  4.50990E+06  1.01955E-09
  4.51030E+06  9.81266E-10
  4.51070E+06  9.63068E-10
  4.51110E+06  9.47196E-10
  4.51150E+06  9.21817E-10
  4.51190E+06  9.11149E-10
  4.51230E+06  8.92497E-10
  4.51270E+06  8.83964E-10
  4.51310E+06  8.75846E-10
  4.51350E+06  8.65396E-10
  4.51390E+06  8.57348E-10
  4.51430E+06  8.48267E-10
  4.51470E+06  8.39741E-10
  4.51510E+06  8.31720E-10
  4.51550E+06  8.22775E-10
  4.51590E+06  8.14928E-10
  4.51630E+06  8.06311E-10
  4.51670E+06  7.98542E-10
  4.51710E+06  7.91458E-10
  4.51750E+06  7.83686E-10
  4.51790E+06  7.77172E-10
  4.51830E+06  7.69996E-10
  4.51870E+06  7.63845E-10
  4.51910E+06  7.58447E-10
  4.51950E+06  7.52529E-10
  4.51990E+06  7.47900E-10
  4.52030E+06  7.42716E-10
  4.52070E+06  7.38417E-10
  4.52110E+06  7.35054E-10
  4.52150E+06  7.30984E-10
  4.52190E+06  7.28781E-10
  4.52230E+06  7.25465E-10
  4.52270E+06  7.23212E-10
  4.52310E+06  7.23576E-10
  4.52350E+06  7.21851E-10
  4.52390E+06  7.25477E-10
  4.52430E+06  7.26116E-10
  4.52470E+06  7.28047E-10
  4.52510E+06  7.40883E-10
  4.52550E+06  7.46973E-10
  4.52590E+06  7.70508E-10
  4.52630E+06  7.85008E-10
  4.52670E+06  8.03627E-10
  4.52710E+06  8.52274E-10
  4.52750E+06  8.86754E-10
  4.52790E+06  9.61705E-10
  4.52830E+06  1.02181E-09
  4.52870E+06  1.09465E-09
  4.52910E+06  1.22801E-09
  4.52950E+06  1.34398E-09
  4.52990E+06  1.52882E-09
  4.53030E+06  1.70433E-09
  4.53070E+06  1.91103E-09
  4.53110E+06  2.20782E-09
  4.53150E+06  2.50287E-09
  4.53190E+06  2.89652E-09
  4.53230E+06  3.30362E-09
  4.53270E+06  3.77000E-09
  4.53310E+06  4.35896E-09
  4.53350E+06  4.97447E-09
  4.53390E+06  5.71905E-09
  4.53430E+06  6.50867E-09
  4.53470E+06  7.38811E-09
  4.53510E+06  8.41371E-09
  4.53550E+06  9.49741E-09
  4.53590E+06  1.07221E-08
  4.53630E+06  1.20216E-08
  4.53670E+06  1.34268E-08
  4.53710E+06  1.49568E-08
  4.53750E+06  1.65722E-08
  4.53790E+06  1.82883E-08
  4.53830E+06  2.00927E-08
  4.53870E+06  2.19799E-08
  4.53910E+06  2.39401E-08
  4.53950E+06  2.59588E-08
  4.53990E+06  2.80242E-08
  4.54030E+06  3.01176E-08
  4.54070E+06  3.22229E-08
  4.54110E+06  3.43218E-08
  4.54150E+06  3.63914E-08
  4.54190E+06  3.84131E-08
  4.54230E+06  4.03624E-08
  4.54270E+06  4.22190E-08
  4.54310E+06  4.39617E-08
  4.54350E+06  4.55664E-08
  4.54390E+06  4.70156E-08
  4.54430E+06  4.82876E-08
  4.54470E+06  4.93668E-08
  4.54510E+06  5.02387E-08
  4.54550E+06  5.08881E-08
  4.54590E+06  5.13077E-08
  4.54630E+06  5.14879E-08
  4.54670E+06  5.14268E-08
  4.54710E+06  5.11247E-08
  4.54750E+06  5.05819E-08
  4.54790E+06  4.98077E-08
  4.54830E+06  4.88089E-08
  4.54870E+06  4.75999E-08
  4.54910E+06  4.61968E-08
  4.54950E+06  4.46154E-08
  4.54990E+06  4.28787E-08
  4.55030E+06  4.10059E-08
  4.55070E+06  3.90223E-08
  4.55110E+06  3.69527E-08
  4.55150E+06  3.48183E-08
  4.55190E+06  3.26476E-08
  4.55230E+06  3.04590E-08
  4.55270E+06  2.82803E-08
  4.55310E+06  2.61315E-08
  4.55350E+06  2.40267E-08
  4.55390E+06  2.19922E-08
  4.55430E+06  2.00293E-08
  4.55470E+06  1.81689E-08
  4.55510E+06  1.64126E-08
  4.55550E+06  1.47540E-08
  4.55590E+06  1.32264E-08
  4.55630E+06  1.17960E-08
  4.55670E+06  1.05094E-08
  4.55710E+06  9.34105E-09
  4.55750E+06  8.26131E-09
  4.55790E+06  7.32386E-09
  4.55830E+06  6.45395E-09
  4.55870E+06  5.72639E-09
  4.55910E+06  5.08919E-09
  4.55950E+06  4.49824E-09
  4.55990E+06  4.02849E-09
  4.56030E+06  3.58191E-09
  4.56070E+06  3.24817E-09
  4.56110E+06  2.96625E-09
  4.56150E+06  2.68877E-09
  4.56190E+06  2.50105E-09
  4.56230E+06  2.29942E-09
  4.56270E+06  2.18114E-09
  4.56310E+06  2.08619E-09
  4.56350E+06  1.96788E-09
  4.56390E+06  1.91730E-09
  4.56430E+06  1.83355E-09
  4.56470E+06  1.80883E-09
  4.56510E+06  1.79804E-09
  4.56550E+06  1.75508E-09
  4.56590E+06  1.76855E-09
  4.56630E+06  1.75673E-09
  4.56670E+06  1.76772E-09
  4.56710E+06  1.81032E-09
  4.56750E+06  1.83264E-09
  4.56790E+06  1.90031E-09
  4.56830E+06  1.94779E-09
  4.56870E+06  2.00681E-09
  4.56910E+06  2.13519E-09
  4.56950E+06  2.23718E-09
  4.56990E+06  2.41888E-09
  4.57030E+06  2.58327E-09
  4.57070E+06  2.78070E-09
  4.57110E+06  3.08669E-09
  4.57150E+06  3.38165E-09
  4.57190E+06  3.79368E-09
  4.57230E+06  4.21552E-09
  4.57270E+06  4.70561E-09
  4.57310E+06  5.34609E-09
  4.57350E+06  6.01163E-09
  4.57390E+06  6.83761E-09
  4.57430E+06  7.71281E-09
  4.57470E+06  8.69827E-09
  4.57510E+06  9.87307E-09
  4.57550E+06  1.11141E-08
  4.57590E+06  1.25411E-08
  4.57630E+06  1.40592E-08
  4.57670E+06  1.57159E-08
  4.57710E+06  1.75516E-08
  4.57750E+06  1.94927E-08
  4.57790E+06  2.15782E-08
  4.57830E+06  2.37854E-08
  4.57870E+06  2.61145E-08
  4.57910E+06  2.85544E-08
  4.57950E+06  3.10893E-08
  4.57990E+06  3.37055E-08
  4.58030E+06  3.63821E-08
  4.58070E+06  3.91008E-08
  4.58110E+06  4.18371E-08
  4.58150E+06  4.45646E-08
  4.58190E+06  4.72591E-08
  4.58230E+06  4.98903E-08
  4.58270E+06  5.24317E-08
  4.58310E+06  5.48531E-08
  4.58350E+06  5.71247E-08
  4.58390E+06  5.92203E-08
  4.58430E+06  6.11104E-08
  4.58470E+06  6.27727E-08
  4.58510E+06  6.41826E-08
  4.58550E+06  6.53189E-08
  4.58590E+06  6.61667E-08
  4.58630E+06  6.67100E-08
  4.58670E+06  6.69420E-08
  4.58710E+06  6.68561E-08
  4.58750E+06  6.64502E-08
  4.58790E+06  6.57297E-08
  4.58830E+06  6.47007E-08
  4.58870E+06  6.33770E-08
  4.58910E+06  6.17742E-08
  4.58950E+06  5.99115E-08
  4.58990E+06  5.78139E-08
  4.59030E+06  5.55063E-08
  4.59070E+06  5.30192E-08
  4.59110E+06  5.03823E-08
  4.59150E+06  4.76265E-08
  4.59190E+06  4.47858E-08
  4.59230E+06  4.18894E-08
  4.59270E+06  3.89728E-08
  4.59310E+06  3.60640E-08
  4.59350E+06  3.31878E-08
  4.59390E+06  3.03771E-08
  4.59430E+06  2.76441E-08
  4.59470E+06  2.50247E-08
  4.59510E+06  2.25269E-08
  4.59550E+06  2.01528E-08
  4.59590E+06  1.79396E-08
  4.59630E+06  1.58565E-08
  4.59670E+06  1.39585E-08
  4.59710E+06  1.22181E-08
  4.59750E+06  1.06060E-08
  4.59790E+06  9.18251E-09
  4.59830E+06  7.86199E-09
  4.59870E+06  6.73574E-09
  4.59910E+06  5.73960E-09
  4.59950E+06  4.82091E-09
  4.59990E+06  4.06963E-09
  4.60030E+06  3.36344E-09
  4.60070E+06  2.81728E-09
  4.60110E+06  2.35038E-09
  4.60150E+06  1.90429E-09
  4.60190E+06  1.58275E-09
  4.60230E+06  1.25429E-09
  4.60270E+06  1.04413E-09
  4.60310E+06  8.70076E-10
  4.60350E+06  6.74864E-10
  4.60390E+06  5.70553E-10
  4.60430E+06  4.28385E-10
  4.60470E+06  3.73298E-10
  4.60510E+06  3.28812E-10
  4.60550E+06  2.49939E-10
  4.60590E+06  2.31763E-10
  4.60630E+06  1.85163E-10
  4.60670E+06  1.80900E-10
  4.60710E+06  1.77311E-10
  4.60750E+06  1.67549E-10
  4.60790E+06  1.66436E-10
  4.60830E+06  1.64461E-10
  4.60870E+06  1.63346E-10
  4.60910E+06  1.62247E-10
  4.60950E+06  1.60911E-10
  4.60990E+06  1.59743E-10
  4.61030E+06  1.58310E-10
  4.61070E+06  1.57025E-10
  4.61110E+06  1.55807E-10
  4.61150E+06  1.54475E-10
  4.61190E+06  1.53236E-10
  4.61230E+06  1.51945E-10
  4.61270E+06  1.50756E-10
  4.61310E+06  1.49714E-10
  4.61350E+06  1.48536E-10
  4.61390E+06  1.47503E-10
  4.61430E+06  1.46392E-10
  4.61470E+06  1.45404E-10
  4.61510E+06  1.44548E-10
  4.61550E+06  1.43523E-10
  4.61590E+06  1.42721E-10
  4.61630E+06  1.41709E-10
  4.61670E+06  1.40830E-10
  4.61710E+06  1.39970E-10
  4.61750E+06  1.38998E-10
  4.61790E+06  1.38114E-10
  4.61830E+06  1.37003E-10
  4.61870E+06  1.36051E-10
  4.61910E+06  1.35136E-10
  4.61950E+06  1.34080E-10
  4.61990E+06  1.33114E-10
  4.62030E+06  1.31935E-10
  4.62070E+06  1.30866E-10
  4.62110E+06  1.29844E-10
  4.62150E+06  1.28578E-10
  4.62190E+06  1.27533E-10
  4.62230E+06  1.26345E-10
  4.62270E+06  1.25245E-10
  4.62310E+06  1.24212E-10
  4.62350E+06  1.23020E-10
  4.62390E+06  1.22075E-10
  4.62430E+06  1.20974E-10
  4.62470E+06  1.19966E-10
  4.62510E+06  1.19055E-10
  4.62550E+06  1.18024E-10
  4.62590E+06  1.17171E-10
  4.62630E+06  1.16229E-10
  4.62670E+06  1.15423E-10
  4.62710E+06  1.14703E-10
  4.62750E+06  1.13905E-10
  4.62790E+06  1.13306E-10
  4.62830E+06  1.12616E-10
  4.62870E+06  1.12055E-10
  4.62910E+06  1.11624E-10
  4.62950E+06  1.11102E-10
  4.62990E+06  1.10721E-10
  4.63030E+06  1.10264E-10
  4.63070E+06  1.09943E-10
  4.63110E+06  1.09647E-10
  4.63150E+06  1.09271E-10
  4.63190E+06  1.09086E-10
  4.63230E+06  1.08767E-10
  4.63270E+06  1.08582E-10
  4.63310E+06  1.08455E-10
  4.63350E+06  1.08228E-10
  4.63390E+06  1.08076E-10
  4.63430E+06  1.07765E-10
  4.63470E+06  1.07536E-10
  4.63510E+06  1.07367E-10
  4.63550E+06  1.06989E-10
  4.63590E+06  1.06725E-10
  4.63630E+06  1.06279E-10
  4.63670E+06  1.05824E-10
  4.63710E+06  1.05330E-10
  4.63750E+06  1.04667E-10
  4.63790E+06  1.04048E-10
  4.63830E+06  1.03215E-10
  4.63870E+06  1.02403E-10
  4.63910E+06  1.01576E-10
  4.63950E+06  1.00532E-10
  4.63990E+06  9.96428E-11
  4.64030E+06  9.85551E-11
  4.64070E+06  9.75045E-11
  4.64110E+06  9.64923E-11
  4.64150E+06  9.54082E-11
  4.64190E+06  9.44250E-11
  4.64230E+06  9.33102E-11
  4.64270E+06  9.23552E-11
  4.64310E+06  9.15216E-11
  4.64350E+06  9.06899E-11
  4.64390E+06  9.00383E-11
  4.64430E+06  8.93382E-11
  4.64470E+06  8.88645E-11
  4.64510E+06  8.85294E-11
  4.64550E+06  8.81992E-11
  4.64590E+06  8.81726E-11
  4.64630E+06  8.81755E-11
  4.64670E+06  8.83296E-11
  4.64710E+06  8.86828E-11
  4.64750E+06  8.90264E-11
  4.64790E+06  8.95882E-11
  4.64830E+06  9.01023E-11
  4.64870E+06  9.07595E-11
  4.64910E+06  9.15729E-11
  4.64950E+06  9.22769E-11
  4.64990E+06  9.31554E-11
  4.65030E+06  9.39259E-11
  4.65070E+06  9.47705E-11
  4.65110E+06  9.56772E-11
  4.65150E+06  9.64583E-11
  4.65190E+06  9.73088E-11
  4.65230E+06  9.80081E-11
  4.65270E+06  9.87363E-11
  4.65310E+06  9.94891E-11
  4.65350E+06  1.00023E-10
  4.65390E+06  1.00684E-10
  4.65430E+06  1.01178E-10
  4.65470E+06  1.01692E-10
  4.65510E+06  1.02177E-10
  4.65550E+06  1.02551E-10
  4.65590E+06  1.02993E-10
  4.65630E+06  1.03295E-10
  4.65670E+06  1.03610E-10
  4.65710E+06  1.03940E-10
  4.65750E+06  1.04140E-10
  4.65790E+06  1.04401E-10
  4.65830E+06  1.04536E-10
  4.65870E+06  1.04728E-10
  4.65910E+06  1.04974E-10
  4.65950E+06  1.05080E-10
  4.65990E+06  1.05237E-10
  4.66030E+06  1.05301E-10
  4.66070E+06  1.05312E-10
  4.66110E+06  1.05291E-10
  4.66150E+06  1.05147E-10
  4.66190E+06  1.05010E-10
  4.66230E+06  1.04712E-10
  4.66270E+06  1.04392E-10
  4.66310E+06  1.04030E-10
  4.66350E+06  1.03493E-10
  4.66390E+06  1.02926E-10
  4.66430E+06  1.02156E-10
  4.66470E+06  1.01388E-10
  4.66510E+06  1.00613E-10
  4.66550E+06  9.96081E-11
  4.66590E+06  9.86794E-11
  4.66630E+06  9.75777E-11
  4.66670E+06  9.64474E-11
  4.66710E+06  9.53266E-11
  4.66750E+06  9.40645E-11
  4.66790E+06  9.28636E-11
  4.66830E+06  9.15631E-11
  4.66870E+06  9.03200E-11
  4.66910E+06  8.91190E-11
  4.66950E+06  8.78193E-11
  4.66990E+06  8.66588E-11
  4.67030E+06  8.54674E-11
  4.67070E+06  8.43801E-11
  4.67110E+06  8.33769E-11
  4.67150E+06  8.23299E-11
  4.67190E+06  8.14777E-11
  4.67230E+06  8.05860E-11
  4.67270E+06  7.98196E-11
  4.67310E+06  7.91522E-11
  4.67350E+06  7.84580E-11
  4.67390E+06  7.79849E-11
  4.67430E+06  7.74743E-11
  4.67470E+06  7.70423E-11
  4.67510E+06  7.67662E-11
  4.67550E+06  7.63991E-11
  4.67590E+06  7.62492E-11
  4.67630E+06  7.59830E-11
  4.67670E+06  7.58417E-11
  4.67710E+06  7.57937E-11
  4.67750E+06  7.56544E-11
  4.67790E+06  7.56759E-11
  4.67830E+06  7.55868E-11
  4.67870E+06  7.56195E-11
  4.67910E+06  7.57065E-11
  4.67950E+06  7.57247E-11
  4.67990E+06  7.58910E-11
  4.68030E+06  7.59730E-11
  4.68070E+06  7.61623E-11
  4.68110E+06  7.64106E-11
  4.68150E+06  7.66316E-11
  4.68190E+06  7.70501E-11
  4.68230E+06  7.73866E-11
  4.68270E+06  7.78600E-11
  4.68310E+06  7.84336E-11
  4.68350E+06  7.89942E-11
  4.68390E+06  7.97233E-11
  4.68430E+06  8.04565E-11
  4.68470E+06  8.12723E-11
  4.68510E+06  8.21903E-11
  4.68550E+06  8.30516E-11
  4.68590E+06  8.40078E-11
  4.68630E+06  8.49300E-11
  4.68670E+06  8.58946E-11
  4.68710E+06  8.68280E-11
  4.68750E+06  8.76920E-11
  4.68790E+06  8.85067E-11
  4.68830E+06  8.91542E-11
  4.68870E+06  8.97785E-11
  4.68910E+06  9.02660E-11
  4.68950E+06  9.05544E-11
  4.68990E+06  9.07314E-11
  4.69030E+06  9.07047E-11
  4.69070E+06  9.05116E-11
  4.69110E+06  9.01185E-11
  4.69150E+06  8.94939E-11
  4.69190E+06  8.86978E-11
  4.69230E+06  8.76535E-11
  4.69270E+06  8.64582E-11
  4.69310E+06  8.50629E-11
  4.69350E+06  8.34565E-11
  4.69390E+06  8.16882E-11
  4.69430E+06  7.96709E-11
  4.69470E+06  7.75791E-11
  4.69510E+06  7.53295E-11
  4.69550E+06  7.28709E-11
  4.69590E+06  7.03597E-11
  4.69630E+06  6.76745E-11
  4.69670E+06  6.49472E-11
  4.69710E+06  6.21252E-11
  4.69750E+06  5.91974E-11
  4.69790E+06  5.62415E-11
  4.69830E+06  5.32074E-11
  4.69870E+06  5.01829E-11
  4.69910E+06  4.71449E-11
  4.69950E+06  4.41025E-11
  4.69990E+06  4.10940E-11
  4.70030E+06  3.80937E-11
  4.70070E+06  3.51890E-11
  4.70110E+06  3.23557E-11
  4.70150E+06  2.95636E-11
  4.70190E+06  2.69294E-11
  4.70230E+06  2.43750E-11
  4.70270E+06  2.19821E-11
  4.70310E+06  1.97194E-11
  4.70350E+06  1.75214E-11
  4.70390E+06  1.55572E-11
  4.70430E+06  1.36513E-11
  4.70470E+06  1.19932E-11
  4.70510E+06  1.04743E-11
  4.70550E+06  9.01109E-12
  4.70590E+06  7.78454E-12
  4.70630E+06  6.63097E-12
  4.70670E+06  5.66226E-12
  4.70710E+06  4.80433E-12
  4.70750E+06  4.00471E-12
  4.70790E+06  3.35823E-12
  4.70830E+06  2.76633E-12
  4.70870E+06  2.29160E-12
  4.70910E+06  1.88574E-12
  4.70950E+06  1.49577E-12
  4.70990E+06  1.21699E-12
  4.71030E+06  9.62500E-13
  4.71070E+06  7.73356E-13
  4.71110E+06  6.17109E-13
  4.71150E+06  4.15992E-13
  4.71190E+06  3.29531E-13
  4.71230E+06  2.27799E-13
  4.71270E+06  1.78534E-13
  4.71310E+06  1.38916E-13
  4.71350E+06  7.07860E-14
  4.71390E+06  5.46235E-14
  4.71430E+06  1.00000E-35
  4.71470E+06  1.00000E-35
  4.71510E+06  1.00000E-35
  4.71550E+06  1.00000E-35
  4.71590E+06  1.00000E-35
  4.71630E+06  1.00000E-35
  4.71670E+06  1.00000E-35
  4.71710E+06  1.00000E-35
  4.71750E+06  1.00000E-35
  4.71790E+06  1.00000E-35
  4.71830E+06  1.00000E-35
  4.71870E+06  1.00000E-35
  4.71910E+06  1.00000E-35
  4.71950E+06  1.00000E-35
  4.71990E+06  1.00000E-35
  4.72030E+06  1.00000E-35
  4.72070E+06  1.00000E-35
  4.72110E+06  1.00000E-35
  4.72150E+06  1.00000E-35
  4.72190E+06  1.00000E-35
  4.72230E+06  1.00000E-35
  4.72270E+06  1.00000E-35
  4.72310E+06  1.00000E-35
  4.72350E+06  1.00000E-35
  4.72390E+06  1.00000E-35
  4.72430E+06  1.00000E-35
  4.72470E+06  1.00000E-35
  4.72510E+06  1.00000E-35
  4.72550E+06  1.00000E-35
  4.72590E+06  1.00000E-35
  4.72630E+06  1.00000E-35
  4.72670E+06  1.00000E-35
  4.72710E+06  1.00000E-35
  4.72750E+06  1.00000E-35
  4.72790E+06  1.00000E-35
  4.72830E+06  1.00000E-35
  4.72870E+06  1.00000E-35
  4.72910E+06  1.00000E-35
  4.72950E+06  1.00000E-35
  4.72990E+06  1.00000E-35
  4.73030E+06  1.00000E-35
  4.73070E+06  1.00000E-35
  4.73110E+06  1.00000E-35
  4.73150E+06  1.00000E-35
  4.73190E+06  1.00000E-35
  4.73230E+06  1.00000E-35
  4.73270E+06  1.00000E-35
  4.73310E+06  1.00000E-35
  4.73350E+06  1.00000E-35
  4.73390E+06  1.00000E-35
  4.73430E+06  1.00000E-35
  4.73470E+06  1.00000E-35
  4.73510E+06  1.00000E-35
  4.73550E+06  1.00000E-35
  4.73590E+06  1.00000E-35
  4.73630E+06  1.00000E-35
  4.73670E+06  1.00000E-35
  4.73710E+06  1.00000E-35
  4.73750E+06  1.00000E-35
  4.73790E+06  1.00000E-35
  4.73830E+06  1.00000E-35
  4.73870E+06  1.00000E-35
  4.73910E+06  1.00000E-35
  4.73950E+06  1.00000E-35
  4.73990E+06  1.00000E-35
  4.74030E+06  1.00000E-35
  4.74070E+06  1.00000E-35
  4.74110E+06  1.00000E-35
  4.74150E+06  1.00000E-35
  4.74190E+06  1.00000E-35
  4.74230E+06  1.00000E-35
  4.74270E+06  1.00000E-35
  4.74310E+06  1.00000E-35
  4.74350E+06  1.00000E-35
