  4.00055E+06  3.55147E-10
  4.00095E+06  3.73696E-10
  4.00135E+06  3.91131E-10
  4.00175E+06  4.07239E-10
  4.00215E+06  4.21784E-10
  4.00255E+06  4.34588E-10
  4.00295E+06  4.45450E-10
  4.00335E+06  4.54254E-10
  4.00375E+06  4.60842E-10
  4.00415E+06  4.65126E-10
  4.00455E+06  4.67065E-10
  4.00495E+06  4.66624E-10
  4.00535E+06  4.63839E-10
  4.00575E+06  4.58732E-10
  4.00615E+06  4.51412E-10
  4.00655E+06  4.41979E-10
  4.00695E+06  4.30580E-10
  4.00735E+06  4.17393E-10
  4.00775E+06  4.02607E-10
  4.00815E+06  3.86443E-10
  4.00855E+06  3.69109E-10
  4.00895E+06  3.50852E-10
  4.00935E+06  3.31894E-10
  4.00975E+06  3.12467E-10
  4.01015E+06  2.92803E-10
  4.01055E+06  2.73111E-10
  4.01095E+06  2.53598E-10
  4.01135E+06  2.34440E-10
  4.01175E+06  2.15808E-10
  4.01215E+06  1.97844E-10
  4.01255E+06  1.80658E-10
  4.01295E+06  1.64359E-10
  4.01335E+06  1.49008E-10
  4.01375E+06  1.34668E-10
  4.01415E+06  1.21358E-10
  4.01455E+06  1.09095E-10
  4.01495E+06  9.78732E-11
  4.01535E+06  8.73944E-11
  4.01575E+06  7.82293E-11
  4.01615E+06  6.97209E-11
  4.01655E+06  6.24084E-11
  4.01695E+06  5.56363E-11
  4.01735E+06  4.95858E-11
  4.01775E+06  4.46087E-11
  4.01815E+06  3.98995E-11
  4.01855E+06  3.61157E-11
  4.01895E+06  3.24373E-11
  4.01935E+06  2.95985E-11
  4.01975E+06  2.68212E-11
  4.02015E+06  2.43433E-11
  4.02055E+06  2.25448E-11
  4.02095E+06  2.06147E-11
  4.02135E+06  1.92703E-11
  4.02175E+06  1.77161E-11
  4.02215E+06  1.66954E-11
  4.02255E+06  1.54982E-11
  4.02295E+06  1.43900E-11
  4.02335E+06  1.37248E-11
  4.02375E+06  1.29133E-11
  4.02415E+06  1.23555E-11
  4.02455E+06  1.17505E-11
  4.02495E+06  1.12638E-11
  4.02535E+06  1.07704E-11
  4.02575E+06  1.03234E-11
  4.02615E+06  9.90878E-12
  4.02655E+06  9.49739E-12
  4.02695E+06  9.13273E-12
  4.02735E+06  8.78721E-12
  4.02775E+06  8.47949E-12
  4.02815E+06  8.17663E-12
  4.02855E+06  7.90085E-12
  4.02895E+06  7.67150E-12
  4.02935E+06  7.44476E-12
  4.02975E+06  7.26277E-12
  4.03015E+06  7.08293E-12
  4.03055E+06  6.95175E-12
  4.03095E+06  6.82814E-12
  4.03135E+06  6.72864E-12
  4.03175E+06  6.65855E-12
  4.03215E+06  6.59599E-12
  4.03255E+06  6.57397E-12
  4.03295E+06  6.54363E-12
  4.03335E+06  6.55417E-12
  4.03375E+06  6.56943E-12
  4.03415E+06  6.60459E-12
  4.03455E+06  6.66180E-12
  4.03495E+06  6.71476E-12
  4.03535E+06  6.79507E-12
  4.03575E+06  6.87520E-12
  4.03615E+06  6.98202E-12
  4.03655E+06  7.08383E-12
  4.03695E+06  7.19282E-12
  4.03735E+06  7.31317E-12
  4.03775E+06  7.42460E-12
  4.03815E+06  7.55080E-12
  4.03855E+06  7.66563E-12
  4.03895E+06  7.78659E-12
  4.03935E+06  7.90219E-12
  4.03975E+06  8.02277E-12
  4.04015E+06  8.13634E-12
  4.04055E+06  8.23926E-12
  4.04095E+06  8.34321E-12
  4.04135E+06  8.43253E-12
  4.04175E+06  8.51540E-12
  4.04215E+06  8.58416E-12
  4.04255E+06  8.65790E-12
  4.04295E+06  8.71707E-12
  4.04335E+06  8.75811E-12
  4.04375E+06  8.80416E-12
  4.04415E+06  8.82792E-12
  4.04455E+06  8.85482E-12
  4.04495E+06  8.85799E-12
  4.04535E+06  8.87277E-12
  4.04575E+06  8.87546E-12
  4.04615E+06  8.86311E-12
  4.04655E+06  8.88736E-12
  4.04695E+06  8.88007E-12
  4.04735E+06  8.94777E-12
  4.04775E+06  8.96553E-12
  4.04815E+06  9.05167E-12
  4.04855E+06  9.19554E-12
  4.04895E+06  9.30174E-12
  4.04935E+06  9.56547E-12
  4.04975E+06  9.77331E-12
  4.05015E+06  1.01131E-11
  4.05055E+06  1.04575E-11
  4.05095E+06  1.10085E-11
  4.05135E+06  1.17143E-11
  4.05175E+06  1.24017E-11
  4.05215E+06  1.33599E-11
  4.05255E+06  1.43394E-11
  4.05295E+06  1.56457E-11
  4.05335E+06  1.69978E-11
  4.05375E+06  1.87859E-11
  4.05415E+06  2.07634E-11
  4.05455E+06  2.28630E-11
  4.05495E+06  2.53699E-11
  4.05535E+06  2.80546E-11
  4.05575E+06  3.12407E-11
  4.05615E+06  3.45949E-11
  4.05655E+06  3.84546E-11
  4.05695E+06  4.26659E-11
  4.05735E+06  4.71390E-11
  4.05775E+06  5.21391E-11
  4.05815E+06  5.74011E-11
  4.05855E+06  6.31459E-11
  4.05895E+06  6.91711E-11
  4.05935E+06  7.56255E-11
  4.05975E+06  8.23713E-11
  4.06015E+06  8.94157E-11
  4.06055E+06  9.67641E-11
  4.06095E+06  1.04330E-10
  4.06135E+06  1.12100E-10
  4.06175E+06  1.19999E-10
  4.06215E+06  1.27971E-10
  4.06255E+06  1.35971E-10
  4.06295E+06  1.43915E-10
  4.06335E+06  1.51748E-10
  4.06375E+06  1.59371E-10
  4.06415E+06  1.66732E-10
  4.06455E+06  1.73729E-10
  4.06495E+06  1.80314E-10
  4.06535E+06  1.86383E-10
  4.06575E+06  1.91869E-10
  4.06615E+06  1.96734E-10
  4.06655E+06  2.00884E-10
  4.06695E+06  2.04286E-10
  4.06735E+06  2.06872E-10
  4.06775E+06  2.08631E-10
  4.06815E+06  2.09521E-10
  4.06855E+06  2.09527E-10
  4.06895E+06  2.08659E-10
  4.06935E+06  2.06893E-10
  4.06975E+06  2.04279E-10
  4.07015E+06  2.00826E-10
  4.07055E+06  1.96584E-10
  4.07095E+06  1.91608E-10
  4.07135E+06  1.85947E-10
  4.07175E+06  1.79678E-10
  4.07215E+06  1.72855E-10
  4.07255E+06  1.65596E-10
  4.07295E+06  1.57952E-10
  4.07335E+06  1.50016E-10
  4.07375E+06  1.41889E-10
  4.07415E+06  1.33634E-10
  4.07455E+06  1.25361E-10
  4.07495E+06  1.17114E-10
  4.07535E+06  1.09006E-10
  4.07575E+06  1.01071E-10
  4.07615E+06  9.33560E-11
  4.07655E+06  8.59808E-11
  4.07695E+06  7.88808E-11
  4.07735E+06  7.22261E-11
  4.07775E+06  6.59235E-11
  4.07815E+06  6.00967E-11
  4.07855E+06  5.46187E-11
  4.07895E+06  4.95451E-11
  4.07935E+06  4.50243E-11
  4.07975E+06  4.08472E-11
  4.08015E+06  3.71359E-11
  4.08055E+06  3.36999E-11
  4.08095E+06  3.07353E-11
  4.08135E+06  2.79656E-11
  4.08175E+06  2.55236E-11
  4.08215E+06  2.35162E-11
  4.08255E+06  2.16149E-11
  4.08295E+06  2.00963E-11
  4.08335E+06  1.85954E-11
  4.08375E+06  1.74752E-11
  4.08415E+06  1.63696E-11
  4.08455E+06  1.54218E-11
  4.08495E+06  1.47231E-11
  4.08535E+06  1.39520E-11
  4.08575E+06  1.34511E-11
  4.08615E+06  1.28907E-11
  4.08655E+06  1.25317E-11
  4.08695E+06  1.21081E-11
  4.08735E+06  1.17135E-11
  4.08775E+06  1.15121E-11
  4.08815E+06  1.12442E-11
  4.08855E+06  1.11115E-11
  4.08895E+06  1.09338E-11
  4.08935E+06  1.08415E-11
  4.08975E+06  1.07515E-11
  4.09015E+06  1.06660E-11
  4.09055E+06  1.06151E-11
  4.09095E+06  1.05677E-11
  4.09135E+06  1.05493E-11
  4.09175E+06  1.05360E-11
  4.09215E+06  1.05397E-11
  4.09255E+06  1.05491E-11
  4.09295E+06  1.05678E-11
  4.09335E+06  1.06077E-11
  4.09375E+06  1.06401E-11
  4.09415E+06  1.06903E-11
  4.09455E+06  1.07345E-11
  4.09495E+06  1.08016E-11
  4.09535E+06  1.08663E-11
  4.09575E+06  1.09261E-11
  4.09615E+06  1.09961E-11
  4.09655E+06  1.10576E-11
  4.09695E+06  1.11414E-11
  4.09735E+06  1.12004E-11
  4.09775E+06  1.12686E-11
  4.09815E+06  1.13270E-11
  4.09855E+06  1.13757E-11
  4.09895E+06  1.14304E-11
  4.09935E+06  1.14706E-11
  4.09975E+06  1.15108E-11
  4.10015E+06  1.15358E-11
  4.10055E+06  1.15628E-11
  4.10095E+06  1.15719E-11
  4.10135E+06  1.15779E-11
  4.10175E+06  1.15757E-11
  4.10215E+06  1.15571E-11
  4.10255E+06  1.15375E-11
  4.10295E+06  1.15060E-11
  4.10335E+06  1.14678E-11
  4.10375E+06  1.14183E-11
  4.10415E+06  1.13603E-11
  4.10455E+06  1.12996E-11
  4.10495E+06  1.12234E-11
  4.10535E+06  1.11497E-11
  4.10575E+06  1.10610E-11
  4.10615E+06  1.09755E-11
  4.10655E+06  1.08711E-11
  4.10695E+06  1.07677E-11
  4.10735E+06  1.06575E-11
  4.10775E+06  1.05287E-11
  4.10815E+06  1.04067E-11
  4.10855E+06  1.02688E-11
  4.10895E+06  1.01405E-11
  4.10935E+06  9.99473E-12
  4.10975E+06  9.85791E-12
  4.11015E+06  9.71960E-12
  4.11055E+06  9.56703E-12
  4.11095E+06  9.41714E-12
  4.11135E+06  9.26114E-12
  4.11175E+06  9.11319E-12
  4.11215E+06  8.95763E-12
  4.11255E+06  8.80537E-12
  4.11295E+06  8.66636E-12
  4.11335E+06  8.52167E-12
  4.11375E+06  8.40391E-12
  4.11415E+06  8.28226E-12
  4.11455E+06  8.18231E-12
  4.11495E+06  8.08827E-12
  4.11535E+06  8.03964E-12
  4.11575E+06  8.00473E-12
  4.11615E+06  7.96936E-12
  4.11655E+06  7.99560E-12
  4.11695E+06  8.01822E-12
  4.11735E+06  8.11741E-12
  4.11775E+06  8.19811E-12
  4.11815E+06  8.40362E-12
  4.11855E+06  8.70549E-12
  4.11895E+06  8.94454E-12
  4.11935E+06  9.51097E-12
  4.11975E+06  9.92948E-12
  4.12015E+06  1.07667E-11
  4.12055E+06  1.14348E-11
  4.12095E+06  1.29267E-11
  4.12135E+06  1.47602E-11
  4.12175E+06  1.62614E-11
  4.12215E+06  1.90843E-11
  4.12255E+06  2.14491E-11
  4.12295E+06  2.57513E-11
  4.12335E+06  2.94303E-11
  4.12375E+06  3.57123E-11
  4.12415E+06  4.32475E-11
  4.12455E+06  5.03245E-11
  4.12495E+06  6.09685E-11
  4.12535E+06  7.12421E-11
  4.12575E+06  8.60179E-11
  4.12615E+06  1.00579E-10
  4.12655E+06  1.20482E-10
  4.12695E+06  1.43280E-10
  4.12735E+06  1.67006E-10
  4.12775E+06  1.96845E-10
  4.12815E+06  2.28255E-10
  4.12855E+06  2.66868E-10
  4.12895E+06  3.07541E-10
  4.12935E+06  3.56226E-10
  4.12975E+06  4.10320E-10
  4.13015E+06  4.68007E-10
  4.13055E+06  5.34338E-10
  4.13095E+06  6.04777E-10
  4.13135E+06  6.84715E-10
  4.13175E+06  7.68887E-10
  4.13215E+06  8.62549E-10
  4.13255E+06  9.62610E-10
  4.13295E+06  1.06800E-09
  4.13335E+06  1.18106E-09
  4.13375E+06  1.29950E-09
  4.13415E+06  1.42420E-09
  4.13455E+06  1.55390E-09
  4.13495E+06  1.68847E-09
  4.13535E+06  1.82694E-09
  4.13575E+06  1.96834E-09
  4.13615E+06  2.11191E-09
  4.13655E+06  2.25638E-09
  4.13695E+06  2.40076E-09
  4.13735E+06  2.54366E-09
  4.13775E+06  2.68397E-09
  4.13815E+06  2.82026E-09
  4.13855E+06  2.95106E-09
  4.13895E+06  3.07522E-09
  4.13935E+06  3.19122E-09
  4.13975E+06  3.29798E-09
  4.14015E+06  3.39405E-09
  4.14055E+06  3.47851E-09
  4.14095E+06  3.55024E-09
  4.14135E+06  3.60824E-09
  4.14175E+06  3.65190E-09
  4.14215E+06  3.68051E-09
  4.14255E+06  3.69381E-09
  4.14295E+06  3.69139E-09
  4.14335E+06  3.67339E-09
  4.14375E+06  3.63987E-09
  4.14415E+06  3.59113E-09
  4.14455E+06  3.52787E-09
  4.14495E+06  3.45063E-09
  4.14535E+06  3.36052E-09
  4.14575E+06  3.25841E-09
  4.14615E+06  3.14563E-09
  4.14655E+06  3.02344E-09
  4.14695E+06  2.89316E-09
  4.14735E+06  2.75641E-09
  4.14775E+06  2.61449E-09
  4.14815E+06  2.46915E-09
  4.14855E+06  2.32159E-09
  4.14895E+06  2.17335E-09
  4.14935E+06  2.02614E-09
  4.14975E+06  1.88065E-09
  4.15015E+06  1.73872E-09
  4.15055E+06  1.60051E-09
  4.15095E+06  1.46809E-09
  4.15135E+06  1.34100E-09
  4.15175E+06  1.22023E-09
  4.15215E+06  1.10757E-09
  4.15255E+06  1.00101E-09
  4.15295E+06  9.03401E-10
  4.15335E+06  8.11942E-10
  4.15375E+06  7.29639E-10
  4.15415E+06  6.53063E-10
  4.15455E+06  5.83320E-10
  4.15495E+06  5.22809E-10
  4.15535E+06  4.66295E-10
  4.15575E+06  4.18353E-10
  4.15615E+06  3.73572E-10
  4.15655E+06  3.36366E-10
  4.15695E+06  3.01405E-10
  4.15735E+06  2.70544E-10
  4.15775E+06  2.46134E-10
  4.15815E+06  2.22220E-10
  4.15855E+06  2.03939E-10
  4.15895E+06  1.85627E-10
  4.15935E+06  1.71933E-10
  4.15975E+06  1.57714E-10
  4.16015E+06  1.44962E-10
  4.16055E+06  1.36235E-10
  4.16095E+06  1.25877E-10
  4.16135E+06  1.19180E-10
  4.16175E+06  1.11028E-10
  4.16215E+06  1.05696E-10
  4.16255E+06  9.92178E-11
  4.16295E+06  9.37650E-11
  4.16335E+06  8.97116E-11
  4.16375E+06  8.54516E-11
  4.16415E+06  8.17537E-11
  4.16455E+06  7.80411E-11
  4.16495E+06  7.46881E-11
  4.16535E+06  7.13540E-11
  4.16575E+06  6.82486E-11
  4.16615E+06  6.54176E-11
  4.16655E+06  6.26641E-11
  4.16695E+06  6.01836E-11
  4.16735E+06  5.77631E-11
  4.16775E+06  5.56456E-11
  4.16815E+06  5.35703E-11
  4.16855E+06  5.17062E-11
  4.16895E+06  5.00912E-11
  4.16935E+06  4.84969E-11
  4.16975E+06  4.71697E-11
  4.17015E+06  4.58731E-11
  4.17055E+06  4.48153E-11
  4.17095E+06  4.37472E-11
  4.17135E+06  4.28585E-11
  4.17175E+06  4.21394E-11
  4.17215E+06  4.14030E-11
  4.17255E+06  4.08763E-11
  4.17295E+06  4.03214E-11
  4.17335E+06  3.99851E-11
  4.17375E+06  3.96178E-11
  4.17415E+06  3.93435E-11
  4.17455E+06  3.92266E-11
  4.17495E+06  3.90849E-11
  4.17535E+06  3.91290E-11
  4.17575E+06  3.91520E-11
  4.17615E+06  3.93795E-11
  4.17655E+06  3.95753E-11
  4.17695E+06  3.99147E-11
  4.17735E+06  4.04279E-11
  4.17775E+06  4.08822E-11
  4.17815E+06  4.16761E-11
  4.17855E+06  4.23426E-11
  4.17895E+06  4.36148E-11
  4.17935E+06  4.46075E-11
  4.17975E+06  4.64796E-11
  4.18015E+06  4.91719E-11
  4.18055E+06  5.11766E-11
  4.18095E+06  5.55658E-11
  4.18135E+06  5.87865E-11
  4.18175E+06  6.58925E-11
  4.18215E+06  7.11720E-11
  4.18255E+06  8.30703E-11
  4.18295E+06  9.91091E-11
  4.18335E+06  1.11509E-10
  4.18375E+06  1.37753E-10
  4.18415E+06  1.58354E-10
  4.18455E+06  2.00357E-10
  4.18495E+06  2.34058E-10
  4.18535E+06  3.00322E-10
  4.18575E+06  3.83185E-10
  4.18615E+06  4.55239E-10
  4.18655E+06  5.77951E-10
  4.18695E+06  6.88336E-10
  4.18735E+06  8.65872E-10
  4.18775E+06  1.03044E-09
  4.18815E+06  1.28097E-09
  4.18855E+06  1.57327E-09
  4.18895E+06  1.86493E-09
  4.18935E+06  2.26151E-09
  4.18975E+06  2.66555E-09
  4.19015E+06  3.19435E-09
  4.19055E+06  3.74032E-09
  4.19095E+06  4.43010E-09
  4.19135E+06  5.20841E-09
  4.19175E+06  6.03517E-09
  4.19215E+06  7.02429E-09
  4.19255E+06  8.07520E-09
  4.19295E+06  9.30757E-09
  4.19335E+06  1.06137E-08
  4.19375E+06  1.21166E-08
  4.19415E+06  1.37557E-08
  4.19455E+06  1.54966E-08
  4.19495E+06  1.74276E-08
  4.19535E+06  1.94685E-08
  4.19575E+06  2.16881E-08
  4.19615E+06  2.40226E-08
  4.19655E+06  2.65111E-08
  4.19695E+06  2.91186E-08
  4.19735E+06  3.18397E-08
  4.19775E+06  3.46676E-08
  4.19815E+06  3.75816E-08
  4.19855E+06  4.05677E-08
  4.19895E+06  4.36007E-08
  4.19935E+06  4.66618E-08
  4.19975E+06  4.97238E-08
  4.20015E+06  5.27584E-08
  4.20055E+06  5.57409E-08
  4.20095E+06  5.86385E-08
  4.20135E+06  6.14258E-08
  4.20175E+06  6.40686E-08
  4.20215E+06  6.65424E-08
  4.20255E+06  6.88160E-08
  4.20295E+06  7.08609E-08
  4.20335E+06  7.26562E-08
  4.20375E+06  7.41749E-08
  4.20415E+06  7.54021E-08
  4.20455E+06  7.63166E-08
  4.20495E+06  7.69104E-08
  4.20535E+06  7.71723E-08
  4.20575E+06  7.70960E-08
  4.20615E+06  7.66852E-08
  4.20655E+06  7.59401E-08
  4.20695E+06  7.48733E-08
  4.20735E+06  7.34934E-08
  4.20775E+06  7.18210E-08
  4.20815E+06  6.98750E-08
  4.20855E+06  6.76774E-08
  4.20895E+06  6.52582E-08
  4.20935E+06  6.26435E-08
  4.20975E+06  5.98667E-08
  4.21015E+06  5.69572E-08
  4.21055E+06  5.39491E-08
  4.21095E+06  5.08771E-08
  4.21135E+06  4.77679E-08
  4.21175E+06  4.46590E-08
  4.21215E+06  4.15713E-08
  4.21255E+06  3.85412E-08
  4.21295E+06  3.55818E-08
  4.21335E+06  3.27174E-08
  4.21375E+06  2.99816E-08
  4.21415E+06  2.73627E-08
  4.21455E+06  2.49038E-08
  4.21495E+06  2.25775E-08
  4.21535E+06  2.04305E-08
  4.21575E+06  1.84198E-08
  4.21615E+06  1.65626E-08
  4.21655E+06  1.49019E-08
  4.21695E+06  1.33537E-08
  4.21735E+06  1.19960E-08
  4.21775E+06  1.07334E-08
  4.21815E+06  9.64797E-09
  4.21855E+06  8.63740E-09
  4.21895E+06  7.73366E-09
  4.21935E+06  6.99048E-09
  4.21975E+06  6.28047E-09
  4.22015E+06  5.70998E-09
  4.22055E+06  5.15683E-09
  4.22095E+06  4.72100E-09
  4.22135E+06  4.28793E-09
  4.22175E+06  3.89962E-09
  4.22215E+06  3.61363E-09
  4.22255E+06  3.30406E-09
  4.22295E+06  3.08243E-09
  4.22335E+06  2.83315E-09
  4.22375E+06  2.65826E-09
  4.22415E+06  2.45522E-09
  4.22455E+06  2.27359E-09
  4.22495E+06  2.15125E-09
  4.22535E+06  2.00806E-09
  4.22575E+06  1.90560E-09
  4.22615E+06  1.79575E-09
  4.22655E+06  1.70826E-09
  4.22695E+06  1.62220E-09
  4.22735E+06  1.54570E-09
  4.22775E+06  1.47872E-09
  4.22815E+06  1.41591E-09
  4.22855E+06  1.36280E-09
  4.22895E+06  1.31440E-09
  4.22935E+06  1.27528E-09
  4.22975E+06  1.24076E-09
  4.23015E+06  1.21300E-09
  4.23055E+06  1.19357E-09
  4.23095E+06  1.17760E-09
  4.23135E+06  1.16951E-09
  4.23175E+06  1.16398E-09
  4.23215E+06  1.16535E-09
  4.23255E+06  1.16841E-09
  4.23295E+06  1.17485E-09
  4.23335E+06  1.18647E-09
  4.23375E+06  1.19760E-09
  4.23415E+06  1.21305E-09
  4.23455E+06  1.22698E-09
  4.23495E+06  1.24392E-09
  4.23535E+06  1.25839E-09
  4.23575E+06  1.27280E-09
  4.23615E+06  1.28864E-09
  4.23655E+06  1.30039E-09
  4.23695E+06  1.31346E-09
  4.23735E+06  1.32190E-09
  4.23775E+06  1.33085E-09
  4.23815E+06  1.33495E-09
  4.23855E+06  1.33853E-09
  4.23895E+06  1.34096E-09
  4.23935E+06  1.33884E-09
  4.23975E+06  1.33713E-09
  4.24015E+06  1.33104E-09
  4.24055E+06  1.32572E-09
  4.24095E+06  1.31672E-09
  4.24135E+06  1.30916E-09
  4.24175E+06  1.30145E-09
  4.24215E+06  1.29167E-09
  4.24255E+06  1.28506E-09
  4.24295E+06  1.27736E-09
  4.24335E+06  1.27405E-09
  4.24375E+06  1.27085E-09
  4.24415E+06  1.27313E-09
  4.24455E+06  1.27936E-09
  4.24495E+06  1.28777E-09
  4.24535E+06  1.30320E-09
  4.24575E+06  1.32184E-09
  4.24615E+06  1.34852E-09
  4.24655E+06  1.37907E-09
  4.24695E+06  1.41730E-09
  4.24735E+06  1.46181E-09
  4.24775E+06  1.51157E-09
  4.24815E+06  1.56840E-09
  4.24855E+06  1.63036E-09
  4.24895E+06  1.69884E-09
  4.24935E+06  1.77179E-09
  4.24975E+06  1.84955E-09
  4.25015E+06  1.93203E-09
  4.25055E+06  2.01670E-09
  4.25095E+06  2.10483E-09
  4.25135E+06  2.19329E-09
  4.25175E+06  2.28327E-09
  4.25215E+06  2.37142E-09
  4.25255E+06  2.45817E-09
  4.25295E+06  2.54289E-09
  4.25335E+06  2.62237E-09
  4.25375E+06  2.69803E-09
  4.25415E+06  2.76637E-09
  4.25455E+06  2.82888E-09
  4.25495E+06  2.88206E-09
  4.25535E+06  2.92707E-09
  4.25575E+06  2.96347E-09
  4.25615E+06  2.98854E-09
  4.25655E+06  3.00457E-09
  4.25695E+06  3.00863E-09
  4.25735E+06  3.00340E-09
  4.25775E+06  2.98597E-09
  4.25815E+06  2.95905E-09
  4.25855E+06  2.92284E-09
  4.25895E+06  2.87575E-09
  4.25935E+06  2.82121E-09
  4.25975E+06  2.75742E-09
  4.26015E+06  2.68773E-09
  4.26055E+06  2.61080E-09
  4.26095E+06  2.52995E-09
  4.26135E+06  2.44533E-09
  4.26175E+06  2.35702E-09
  4.26215E+06  2.26836E-09
  4.26255E+06  2.17824E-09
  4.26295E+06  2.09021E-09
  4.26335E+06  2.00282E-09
  4.26375E+06  1.91921E-09
  4.26415E+06  1.83980E-09
  4.26455E+06  1.76370E-09
  4.26495E+06  1.69432E-09
  4.26535E+06  1.62934E-09
  4.26575E+06  1.57213E-09
  4.26615E+06  1.51994E-09
  4.26655E+06  1.47509E-09
  4.26695E+06  1.43820E-09
  4.26735E+06  1.40629E-09
  4.26775E+06  1.38275E-09
  4.26815E+06  1.36357E-09
  4.26855E+06  1.35236E-09
  4.26895E+06  1.34482E-09
  4.26935E+06  1.34219E-09
  4.26975E+06  1.34629E-09
  4.27015E+06  1.35227E-09
  4.27055E+06  1.36373E-09
  4.27095E+06  1.37586E-09
  4.27135E+06  1.39228E-09
  4.27175E+06  1.40827E-09
  4.27215E+06  1.42508E-09
  4.27255E+06  1.44460E-09
  4.27295E+06  1.46163E-09
  4.27335E+06  1.48016E-09
  4.27375E+06  1.49523E-09
  4.27415E+06  1.51081E-09
  4.27455E+06  1.52223E-09
  4.27495E+06  1.53133E-09
  4.27535E+06  1.53960E-09
  4.27575E+06  1.54258E-09
  4.27615E+06  1.54430E-09
  4.27655E+06  1.54083E-09
  4.27695E+06  1.53517E-09
  4.27735E+06  1.52451E-09
  4.27775E+06  1.51056E-09
  4.27815E+06  1.49319E-09
  4.27855E+06  1.47136E-09
  4.27895E+06  1.44644E-09
  4.27935E+06  1.41740E-09
  4.27975E+06  1.38575E-09
  4.28015E+06  1.35048E-09
  4.28055E+06  1.31292E-09
  4.28095E+06  1.27348E-09
  4.28135E+06  1.23132E-09
  4.28175E+06  1.18859E-09
  4.28215E+06  1.14394E-09
  4.28255E+06  1.09968E-09
  4.28295E+06  1.05439E-09
  4.28335E+06  1.00982E-09
  4.28375E+06  9.66525E-10
  4.28415E+06  9.23506E-10
  4.28455E+06  8.83101E-10
  4.28495E+06  8.43721E-10
  4.28535E+06  8.07708E-10
  4.28575E+06  7.73341E-10
  4.28615E+06  7.42414E-10
  4.28655E+06  7.15246E-10
  4.28695E+06  6.90092E-10
  4.28735E+06  6.69864E-10
  4.28775E+06  6.51681E-10
  4.28815E+06  6.38729E-10
  4.28855E+06  6.27527E-10
  4.28895E+06  6.21097E-10
  4.28935E+06  6.19896E-10
  4.28975E+06  6.19419E-10
  4.29015E+06  6.26512E-10
  4.29055E+06  6.33036E-10
  4.29095E+06  6.48944E-10
  4.29135E+06  6.62996E-10
  4.29175E+06  6.88638E-10
  4.29215E+06  7.21845E-10
  4.29255E+06  7.50466E-10
  4.29295E+06  7.98200E-10
  4.29335E+06  8.39483E-10
  4.29375E+06  9.06251E-10
  4.29415E+06  9.64716E-10
  4.29455E+06  1.05666E-09
  4.29495E+06  1.16509E-09
  4.29535E+06  1.26617E-09
  4.29575E+06  1.41234E-09
  4.29615E+06  1.55268E-09
  4.29655E+06  1.74799E-09
  4.29695E+06  1.94037E-09
  4.29735E+06  2.19849E-09
  4.29775E+06  2.49188E-09
  4.29815E+06  2.79615E-09
  4.29855E+06  3.17667E-09
  4.29895E+06  3.57524E-09
  4.29935E+06  4.06185E-09
  4.29975E+06  4.57363E-09
  4.30015E+06  5.18617E-09
  4.30055E+06  5.86525E-09
  4.30095E+06  6.58679E-09
  4.30135E+06  7.41672E-09
  4.30175E+06  8.29549E-09
  4.30215E+06  9.28694E-09
  4.30255E+06  1.03334E-08
  4.30295E+06  1.14910E-08
  4.30335E+06  1.27246E-08
  4.30375E+06  1.40270E-08
  4.30415E+06  1.54176E-08
  4.30455E+06  1.68757E-08
  4.30495E+06  1.84104E-08
  4.30535E+06  2.00020E-08
  4.30575E+06  2.16544E-08
  4.30615E+06  2.33518E-08
  4.30655E+06  2.50786E-08
  4.30695E+06  2.68324E-08
  4.30735E+06  2.85897E-08
  4.30775E+06  3.03461E-08
  4.30815E+06  3.20762E-08
  4.30855E+06  3.37735E-08
  4.30895E+06  3.54164E-08
  4.30935E+06  3.69863E-08
  4.30975E+06  3.84722E-08
  4.31015E+06  3.98533E-08
  4.31055E+06  4.11185E-08
  4.31095E+06  4.22496E-08
  4.31135E+06  4.32367E-08
  4.31175E+06  4.40673E-08
  4.31215E+06  4.47291E-08
  4.31255E+06  4.52174E-08
  4.31295E+06  4.55229E-08
  4.31335E+06  4.56449E-08
  4.31375E+06  4.55787E-08
  4.31415E+06  4.53280E-08
  4.31455E+06  4.48948E-08
  4.31495E+06  4.42830E-08
  4.31535E+06  4.35031E-08
  4.31575E+06  4.25619E-08
  4.31615E+06  4.14739E-08
  4.31655E+06  4.02493E-08
  4.31695E+06  3.89051E-08
  4.31735E+06  3.74568E-08
  4.31775E+06  3.59185E-08
  4.31815E+06  3.43106E-08
  4.31855E+06  3.26466E-08
  4.31895E+06  3.09471E-08
  4.31935E+06  2.92244E-08
  4.31975E+06  2.74961E-08
  4.32015E+06  2.57812E-08
  4.32055E+06  2.40850E-08
  4.32095E+06  2.24302E-08
  4.32135E+06  2.08155E-08
  4.32175E+06  1.92645E-08
  4.32215E+06  1.77691E-08
  4.32255E+06  1.63415E-08
  4.32295E+06  1.50034E-08
  4.32335E+06  1.37277E-08
  4.32375E+06  1.25500E-08
  4.32415E+06  1.14343E-08
  4.32455E+06  1.04202E-08
  4.32495E+06  9.46395E-09
  4.32535E+06  8.58164E-09
  4.32575E+06  7.80349E-09
  4.32615E+06  7.06645E-09
  4.32655E+06  6.42677E-09
  4.32695E+06  5.81991E-09
  4.32735E+06  5.30176E-09
  4.32775E+06  4.80842E-09
  4.32815E+06  4.36240E-09
  4.32855E+06  3.99678E-09
  4.32895E+06  3.63779E-09
  4.32935E+06  3.34988E-09
  4.32975E+06  3.06180E-09
  4.33015E+06  2.83684E-09
  4.33055E+06  2.60652E-09
  4.33095E+06  2.40025E-09
  4.33135E+06  2.25121E-09
  4.33175E+06  2.08773E-09
  4.33215E+06  1.97499E-09
  4.33255E+06  1.84887E-09
  4.33295E+06  1.76659E-09
  4.33335E+06  1.67404E-09
  4.33375E+06  1.61306E-09
  4.33415E+06  1.57814E-09
  4.33455E+06  1.53260E-09
  4.33495E+06  1.53439E-09
  4.33535E+06  1.52053E-09
  4.33575E+06  1.57211E-09
  4.33615E+06  1.60076E-09
  4.33655E+06  1.71757E-09
  4.33695E+06  1.88850E-09
  4.33735E+06  2.02791E-09
  4.33775E+06  2.31404E-09
  4.33815E+06  2.56204E-09
  4.33855E+06  3.00437E-09
  4.33895E+06  3.40446E-09
  4.33935E+06  4.05348E-09
  4.33975E+06  4.82618E-09
  4.34015E+06  5.58533E-09
  4.34055E+06  6.65929E-09
  4.34095E+06  7.73794E-09
  4.34135E+06  9.19220E-09
  4.34175E+06  1.06778E-08
  4.34215E+06  1.26021E-08
  4.34255E+06  1.47828E-08
  4.34295E+06  1.70890E-08
  4.34335E+06  1.98900E-08
  4.34375E+06  2.28593E-08
  4.34415E+06  2.63857E-08
  4.34455E+06  3.01211E-08
  4.34495E+06  3.44682E-08
  4.34535E+06  3.92357E-08
  4.34575E+06  4.43073E-08
  4.34615E+06  4.99917E-08
  4.34655E+06  5.60101E-08
  4.34695E+06  6.26274E-08
  4.34735E+06  6.96006E-08
  4.34775E+06  7.71089E-08
  4.34815E+06  8.50142E-08
  4.34855E+06  9.33084E-08
  4.34895E+06  1.01991E-07
  4.34935E+06  1.10997E-07
  4.34975E+06  1.20294E-07
  4.35015E+06  1.29809E-07
  4.35055E+06  1.39489E-07
  4.35095E+06  1.49253E-07
  4.35135E+06  1.59016E-07
  4.35175E+06  1.68702E-07
  4.35215E+06  1.78212E-07
  4.35255E+06  1.87462E-07
  4.35295E+06  1.96345E-07
  4.35335E+06  2.04778E-07
  4.35375E+06  2.12661E-07
  4.35415E+06  2.19894E-07
  4.35455E+06  2.26405E-07
  4.35495E+06  2.32099E-07
  4.35535E+06  2.36917E-07
  4.35575E+06  2.40782E-07
  4.35615E+06  2.43655E-07
  4.35655E+06  2.45488E-07
  4.35695E+06  2.46247E-07
  4.35735E+06  2.45930E-07
  4.35775E+06  2.44525E-07
  4.35815E+06  2.42060E-07
  4.35855E+06  2.38548E-07
  4.35895E+06  2.34045E-07
  4.35935E+06  2.28601E-07
  4.35975E+06  2.22276E-07
  4.36015E+06  2.15160E-07
  4.36055E+06  2.07329E-07
  4.36095E+06  1.98890E-07
  4.36135E+06  1.89928E-07
  4.36175E+06  1.80560E-07
  4.36215E+06  1.70894E-07
  4.36255E+06  1.61015E-07
  4.36295E+06  1.51056E-07
  4.36335E+06  1.41082E-07
  4.36375E+06  1.31230E-07
  4.36415E+06  1.21533E-07
  4.36455E+06  1.12110E-07
  4.36495E+06  1.03061E-07
  4.36535E+06  9.43406E-08
  4.36575E+06  8.61515E-08
  4.36615E+06  7.83531E-08
  4.36655E+06  7.12007E-08
  4.36695E+06  6.44529E-08
  4.36735E+06  5.83550E-08
  4.36775E+06  5.29702E-08
  4.36815E+06  4.79089E-08
  4.36855E+06  4.37454E-08
  4.36895E+06  3.98294E-08
  4.36935E+06  3.68991E-08
  4.36975E+06  3.41245E-08
  4.37015E+06  3.22741E-08
  4.37055E+06  3.12346E-08
  4.37095E+06  3.02355E-08
  4.37135E+06  3.04735E-08
  4.37175E+06  3.07098E-08
  4.37215E+06  3.22993E-08
  4.37255E+06  3.38771E-08
  4.37295E+06  3.67641E-08
  4.37335E+06  4.06019E-08
  4.37375E+06  4.45713E-08
  4.37415E+06  5.01573E-08
  4.37455E+06  5.59744E-08
  4.37495E+06  6.35664E-08
  4.37535E+06  7.15080E-08
  4.37575E+06  8.12420E-08
  4.37615E+06  9.23259E-08
  4.37655E+06  1.04085E-07
  4.37695E+06  1.17847E-07
  4.37735E+06  1.32443E-07
  4.37775E+06  1.49072E-07
  4.37815E+06  1.66671E-07
  4.37855E+06  1.86236E-07
  4.37895E+06  2.07157E-07
  4.37935E+06  2.29315E-07
  4.37975E+06  2.53007E-07
  4.38015E+06  2.77944E-07
  4.38055E+06  3.04174E-07
  4.38095E+06  3.31499E-07
  4.38135E+06  3.59830E-07
  4.38175E+06  3.88975E-07
  4.38215E+06  4.18717E-07
  4.38255E+06  4.48872E-07
  4.38295E+06  4.79160E-07
  4.38335E+06  5.09356E-07
  4.38375E+06  5.39143E-07
  4.38415E+06  5.68263E-07
  4.38455E+06  5.96414E-07
  4.38495E+06  6.23260E-07
  4.38535E+06  6.48550E-07
  4.38575E+06  6.71937E-07
  4.38615E+06  6.93198E-07
  4.38655E+06  7.12006E-07
  4.38695E+06  7.28181E-07
  4.38735E+06  7.41487E-07
  4.38775E+06  7.51701E-07
  4.38815E+06  7.58752E-07
  4.38855E+06  7.62458E-07
  4.38895E+06  7.62836E-07
  4.38935E+06  7.59785E-07
  4.38975E+06  7.53415E-07
  4.39015E+06  7.43763E-07
  4.39055E+06  7.30902E-07
  4.39095E+06  7.15076E-07
  4.39135E+06  6.96399E-07
  4.39175E+06  6.75196E-07
  4.39215E+06  6.51644E-07
  4.39255E+06  6.26122E-07
  4.39295E+06  5.98909E-07
  4.39335E+06  5.70287E-07
  4.39375E+06  5.40680E-07
  4.39415E+06  5.10330E-07
  4.39455E+06  4.79671E-07
  4.39495E+06  4.48916E-07
  4.39535E+06  4.18438E-07
  4.39575E+06  3.88553E-07
  4.39615E+06  3.59386E-07
  4.39655E+06  3.31335E-07
  4.39695E+06  3.04405E-07
  4.39735E+06  2.78970E-07
  4.39775E+06  2.54917E-07
  4.39815E+06  2.32413E-07
  4.39855E+06  2.11805E-07
  4.39895E+06  1.92626E-07
  4.39935E+06  1.75421E-07
  4.39975E+06  1.59564E-07
  4.40015E+06  1.45653E-07
  4.40055E+06  1.32924E-07
  4.40095E+06  1.21569E-07
  4.40135E+06  1.12082E-07
  4.40175E+06  1.03313E-07
  4.40215E+06  9.62001E-08
  4.40255E+06  8.95684E-08
  4.40295E+06  8.43475E-08
  4.40335E+06  7.93845E-08
  4.40375E+06  7.50320E-08
  4.40415E+06  7.18431E-08
  4.40455E+06  6.85084E-08
  4.40495E+06  6.61128E-08
  4.40535E+06  6.34372E-08
  4.40575E+06  6.15080E-08
  4.40615E+06  5.92073E-08
  4.40655E+06  5.69738E-08
  4.40695E+06  5.53663E-08
  4.40735E+06  5.32518E-08
  4.40775E+06  5.16160E-08
  4.40815E+06  4.95386E-08
  4.40855E+06  4.77912E-08
  4.40895E+06  4.57278E-08
  4.40935E+06  4.37273E-08
  4.40975E+06  4.17694E-08
  4.41015E+06  3.97030E-08
  4.41055E+06  3.76220E-08
  4.41095E+06  3.54857E-08
  4.41135E+06  3.33539E-08
  4.41175E+06  3.12091E-08
  4.41215E+06  2.90888E-08
  4.41255E+06  2.70193E-08
  4.41295E+06  2.49869E-08
  4.41335E+06  2.30374E-08
  4.41375E+06  2.11500E-08
  4.41415E+06  1.93693E-08
  4.41455E+06  1.76681E-08
  4.41495E+06  1.60710E-08
  4.41535E+06  1.46046E-08
  4.41575E+06  1.32236E-08
  4.41615E+06  1.19831E-08
  4.41655E+06  1.08268E-08
  4.41695E+06  9.81080E-09
  4.41735E+06  8.87261E-09
  4.41775E+06  8.03626E-09
  4.41815E+06  7.33589E-09
  4.41855E+06  6.69032E-09
  4.41895E+06  6.17125E-09
  4.41935E+06  5.69542E-09
  4.41975E+06  5.33158E-09
  4.42015E+06  4.99973E-09
  4.42055E+06  4.72741E-09
  4.42095E+06  4.55156E-09
  4.42135E+06  4.38405E-09
  4.42175E+06  4.29811E-09
  4.42215E+06  4.21195E-09
  4.42255E+06  4.19263E-09
  4.42295E+06  4.16598E-09
  4.42335E+06  4.15866E-09
  4.42375E+06  4.20502E-09
  4.42415E+06  4.23012E-09
  4.42455E+06  4.29521E-09
  4.42495E+06  4.33797E-09
  4.42535E+06  4.40710E-09
  4.42575E+06  4.45505E-09
  4.42615E+06  4.50567E-09
  4.42655E+06  4.55961E-09
  4.42695E+06  4.59802E-09
  4.42735E+06  4.62948E-09
  4.42775E+06  4.64518E-09
  4.42815E+06  4.64973E-09
  4.42855E+06  4.63753E-09
  4.42895E+06  4.61098E-09
  4.42935E+06  4.57164E-09
  4.42975E+06  4.51529E-09
  4.43015E+06  4.44668E-09
  4.43055E+06  4.36227E-09
  4.43095E+06  4.26643E-09
  4.43135E+06  4.15669E-09
  4.43175E+06  4.03616E-09
  4.43215E+06  3.90690E-09
  4.43255E+06  3.76753E-09
  4.43295E+06  3.62235E-09
  4.43335E+06  3.47006E-09
  4.43375E+06  3.31481E-09
  4.43415E+06  3.15564E-09
  4.43455E+06  2.99531E-09
  4.43495E+06  2.83613E-09
  4.43535E+06  2.67729E-09
  4.43575E+06  2.52210E-09
  4.43615E+06  2.36973E-09
  4.43655E+06  2.22300E-09
  4.43695E+06  2.08075E-09
  4.43735E+06  1.94460E-09
  4.43775E+06  1.81673E-09
  4.43815E+06  1.69433E-09
  4.43855E+06  1.58115E-09
  4.43895E+06  1.47367E-09
  4.43935E+06  1.37574E-09
  4.43975E+06  1.28317E-09
  4.44015E+06  1.19754E-09
  4.44055E+06  1.12170E-09
  4.44095E+06  1.04953E-09
  4.44135E+06  9.86580E-10
  4.44175E+06  9.26289E-10
  4.44215E+06  8.74503E-10
  4.44255E+06  8.24599E-10
  4.44295E+06  7.78966E-10
  4.44335E+06  7.40843E-10
  4.44375E+06  7.02739E-10
  4.44415E+06  6.71209E-10
  4.44455E+06  6.39186E-10
  4.44495E+06  6.12957E-10
  4.44535E+06  5.85795E-10
  4.44575E+06  5.60866E-10
  4.44615E+06  5.40911E-10
  4.44655E+06  5.19144E-10
  4.44695E+06  5.02273E-10
  4.44735E+06  4.83731E-10
  4.44775E+06  4.69467E-10
  4.44815E+06  4.53879E-10
  4.44855E+06  4.40513E-10
  4.44895E+06  4.30281E-10
  4.44935E+06  4.19611E-10
  4.44975E+06  4.11747E-10
  4.45015E+06  4.03918E-10
  4.45055E+06  3.98882E-10
  4.45095E+06  3.94121E-10
  4.45135E+06  3.91684E-10
  4.45175E+06  3.91362E-10
  4.45215E+06  3.91658E-10
  4.45255E+06  3.94785E-10
  4.45295E+06  3.98790E-10
  4.45335E+06  4.05629E-10
  4.45375E+06  4.13486E-10
  4.45415E+06  4.23810E-10
  4.45455E+06  4.36365E-10
  4.45495E+06  4.50071E-10
  4.45535E+06  4.66343E-10
  4.45575E+06  4.83806E-10
  4.45615E+06  5.03515E-10
  4.45655E+06  5.24339E-10
  4.45695E+06  5.46831E-10
  4.45735E+06  5.70950E-10
  4.45775E+06  5.95790E-10
  4.45815E+06  6.22038E-10
  4.45855E+06  6.48550E-10
  4.45895E+06  6.75946E-10
  4.45935E+06  7.03135E-10
  4.45975E+06  7.30295E-10
  4.46015E+06  7.57398E-10
  4.46055E+06  7.83426E-10
  4.46095E+06  8.08809E-10
  4.46135E+06  8.32462E-10
  4.46175E+06  8.54827E-10
  4.46215E+06  8.74907E-10
  4.46255E+06  8.92849E-10
  4.46295E+06  9.08533E-10
  4.46335E+06  9.21173E-10
  4.46375E+06  9.31152E-10
  4.46415E+06  9.37787E-10
  4.46455E+06  9.41543E-10
  4.46495E+06  9.41673E-10
  4.46535E+06  9.38733E-10
  4.46575E+06  9.32628E-10
  4.46615E+06  9.23005E-10
  4.46655E+06  9.10626E-10
  4.46695E+06  8.94970E-10
  4.46735E+06  8.76940E-10
  4.46775E+06  8.56033E-10
  4.46815E+06  8.33392E-10
  4.46855E+06  8.09017E-10
  4.46895E+06  7.82558E-10
  4.46935E+06  7.55687E-10
  4.46975E+06  7.27297E-10
  4.47015E+06  6.99597E-10
  4.47055E+06  6.70882E-10
  4.47095E+06  6.44048E-10
  4.47135E+06  6.18764E-10
  4.47175E+06  5.92991E-10
  4.47215E+06  5.71876E-10
  4.47255E+06  5.50274E-10
  4.47295E+06  5.35450E-10
  4.47335E+06  5.19932E-10
  4.47375E+06  5.13796E-10
  4.47415E+06  5.13521E-10
  4.47455E+06  5.12357E-10
  4.47495E+06  5.25417E-10
  4.47535E+06  5.37081E-10
  4.47575E+06  5.66527E-10
  4.47615E+06  5.94402E-10
  4.47655E+06  6.43507E-10
  4.47695E+06  7.04576E-10
  4.47735E+06  7.66598E-10
  4.47775E+06  8.54354E-10
  4.47815E+06  9.44696E-10
  4.47855E+06  1.06469E-09
  4.47895E+06  1.18939E-09
  4.47935E+06  1.34771E-09
  4.47975E+06  1.52709E-09
  4.48015E+06  1.71745E-09
  4.48055E+06  1.94520E-09
  4.48095E+06  2.18680E-09
  4.48135E+06  2.46980E-09
  4.48175E+06  2.76880E-09
  4.48215E+06  3.11085E-09
  4.48255E+06  3.48364E-09
  4.48295E+06  3.87873E-09
  4.48335E+06  4.31436E-09
  4.48375E+06  4.77448E-09
  4.48415E+06  5.27088E-09
  4.48455E+06  5.79332E-09
  4.48495E+06  6.34608E-09
  4.48535E+06  6.92487E-09
  4.48575E+06  7.52686E-09
  4.48615E+06  8.14990E-09
  4.48655E+06  8.78929E-09
  4.48695E+06  9.44144E-09
  4.48735E+06  1.01008E-08
  4.48775E+06  1.07624E-08
  4.48815E+06  1.14206E-08
  4.48855E+06  1.20687E-08
  4.48895E+06  1.27009E-08
  4.48935E+06  1.33101E-08
  4.48975E+06  1.38902E-08
  4.49015E+06  1.44341E-08
  4.49055E+06  1.49358E-08
  4.49095E+06  1.53891E-08
  4.49135E+06  1.57878E-08
  4.49175E+06  1.61274E-08
  4.49215E+06  1.64023E-08
  4.49255E+06  1.66097E-08
  4.49295E+06  1.67454E-08
  4.49335E+06  1.68082E-08
  4.49375E+06  1.67965E-08
  4.49415E+06  1.67094E-08
  4.49455E+06  1.65486E-08
  4.49495E+06  1.63149E-08
  4.49535E+06  1.60120E-08
  4.49575E+06  1.56425E-08
  4.49615E+06  1.52116E-08
  4.49655E+06  1.47247E-08
  4.49695E+06  1.41868E-08
  4.49735E+06  1.36056E-08
  4.49775E+06  1.29869E-08
  4.49815E+06  1.23390E-08
  4.49855E+06  1.16682E-08
  4.49895E+06  1.09824E-08
  4.49935E+06  1.02896E-08
  4.49975E+06  9.59504E-09
  4.50015E+06  8.90744E-09
  4.50055E+06  8.23042E-09
  4.50095E+06  7.57238E-09
  4.50135E+06  6.93496E-09
  4.50175E+06  6.32345E-09
  4.50215E+06  5.74507E-09
  4.50255E+06  5.19577E-09
  4.50295E+06  4.68539E-09
  4.50335E+06  4.20638E-09
  4.50375E+06  3.76925E-09
  4.50415E+06  3.36320E-09
  4.50455E+06  2.99169E-09
  4.50495E+06  2.66464E-09
  4.50535E+06  2.36190E-09
  4.50575E+06  2.10151E-09
  4.50615E+06  1.86115E-09
  4.50655E+06  1.65940E-09
  4.50695E+06  1.47281E-09
  4.50735E+06  1.30890E-09
  4.50775E+06  1.17952E-09
  4.50815E+06  1.05627E-09
  4.50855E+06  9.62493E-10
  4.50895E+06  8.70994E-10
  4.50935E+06  8.04582E-10
  4.50975E+06  7.37595E-10
  4.51015E+06  6.79467E-10
  4.51055E+06  6.42711E-10
  4.51095E+06  5.99546E-10
  4.51135E+06  5.74838E-10
  4.51175E+06  5.43389E-10
  4.51215E+06  5.26611E-10
  4.51255E+06  5.03041E-10
  4.51295E+06  4.83934E-10
  4.51335E+06  4.74904E-10
  4.51375E+06  4.62328E-10
  4.51415E+06  4.54841E-10
  4.51455E+06  4.46162E-10
  4.51495E+06  4.39326E-10
  4.51535E+06  4.32007E-10
  4.51575E+06  4.25299E-10
  4.51615E+06  4.19173E-10
  4.51655E+06  4.12867E-10
  4.51695E+06  4.07268E-10
  4.51735E+06  4.01582E-10
  4.51775E+06  3.96638E-10
  4.51815E+06  3.91595E-10
  4.51855E+06  3.87126E-10
  4.51895E+06  3.83374E-10
  4.51935E+06  3.79499E-10
  4.51975E+06  3.76519E-10
  4.52015E+06  3.73397E-10
  4.52055E+06  3.71299E-10
  4.52095E+06  3.69069E-10
  4.52135E+06  3.67626E-10
  4.52175E+06  3.67172E-10
  4.52215E+06  3.66351E-10
  4.52255E+06  3.67295E-10
  4.52295E+06  3.67569E-10
  4.52335E+06  3.70380E-10
  4.52375E+06  3.72131E-10
  4.52415E+06  3.77652E-10
  4.52455E+06  3.85890E-10
  4.52495E+06  3.91745E-10
  4.52535E+06  4.05804E-10
  4.52575E+06  4.16111E-10
  4.52615E+06  4.38450E-10
  4.52655E+06  4.55686E-10
  4.52695E+06  4.90787E-10
  4.52735E+06  5.35700E-10
  4.52775E+06  5.73496E-10
  4.52815E+06  6.41103E-10
  4.52855E+06  6.99990E-10
  4.52895E+06  7.99065E-10
  4.52935E+06  8.88285E-10
  4.52975E+06  1.02971E-09
  4.53015E+06  1.19629E-09
  4.53055E+06  1.35924E-09
  4.53095E+06  1.58758E-09
  4.53135E+06  1.81686E-09
  4.53175E+06  2.12567E-09
  4.53215E+06  2.44042E-09
  4.53255E+06  2.84782E-09
  4.53295E+06  3.30963E-09
  4.53335E+06  3.79780E-09
  4.53375E+06  4.39077E-09
  4.53415E+06  5.01967E-09
  4.53455E+06  5.76608E-09
  4.53495E+06  6.55771E-09
  4.53535E+06  7.47836E-09
  4.53575E+06  8.48739E-09
  4.53615E+06  9.56265E-09
  4.53655E+06  1.07639E-08
  4.53695E+06  1.20392E-08
  4.53735E+06  1.34349E-08
  4.53775E+06  1.49102E-08
  4.53815E+06  1.64905E-08
  4.53855E+06  1.81556E-08
  4.53895E+06  1.99035E-08
  4.53935E+06  2.17293E-08
  4.53975E+06  2.36213E-08
  4.54015E+06  2.55700E-08
  4.54055E+06  2.75606E-08
  4.54095E+06  2.95795E-08
  4.54135E+06  3.16103E-08
  4.54175E+06  3.36342E-08
  4.54215E+06  3.56337E-08
  4.54255E+06  3.75877E-08
  4.54295E+06  3.94773E-08
  4.54335E+06  4.12803E-08
  4.54375E+06  4.29778E-08
  4.54415E+06  4.45488E-08
  4.54455E+06  4.59733E-08
  4.54495E+06  4.72345E-08
  4.54535E+06  4.83144E-08
  4.54575E+06  4.91996E-08
  4.54615E+06  4.98761E-08
  4.54655E+06  5.03353E-08
  4.54695E+06  5.05694E-08
  4.54735E+06  5.05733E-08
  4.54775E+06  5.03469E-08
  4.54815E+06  4.98909E-08
  4.54855E+06  4.92114E-08
  4.54895E+06  4.83151E-08
  4.54935E+06  4.72142E-08
  4.54975E+06  4.59220E-08
  4.55015E+06  4.44538E-08
  4.55055E+06  4.28291E-08
  4.55095E+06  4.10663E-08
  4.55135E+06  3.91886E-08
  4.55175E+06  3.72162E-08
  4.55215E+06  3.51731E-08
  4.55255E+06  3.30828E-08
  4.55295E+06  3.09648E-08
  4.55335E+06  2.88448E-08
  4.55375E+06  2.67380E-08
  4.55415E+06  2.46696E-08
  4.55455E+06  2.26494E-08
  4.55495E+06  2.06951E-08
  4.55535E+06  1.88282E-08
  4.55575E+06  1.70440E-08
  4.55615E+06  1.53690E-08
  4.55655E+06  1.37889E-08
  4.55695E+06  1.23316E-08
  4.55735E+06  1.09723E-08
  4.55775E+06  9.72145E-09
  4.55815E+06  8.60527E-09
  4.55855E+06  7.57212E-09
  4.55895E+06  6.67065E-09
  4.55935E+06  5.84033E-09
  4.55975E+06  5.13329E-09
  4.56015E+06  4.48321E-09
  4.56055E+06  3.91047E-09
  4.56095E+06  3.45024E-09
  4.56135E+06  3.01731E-09
  4.56175E+06  2.68399E-09
  4.56215E+06  2.36605E-09
  4.56255E+06  2.13294E-09
  4.56295E+06  1.90455E-09
  4.56335E+06  1.71132E-09
  4.56375E+06  1.59136E-09
  4.56415E+06  1.45682E-09
  4.56455E+06  1.38667E-09
  4.56495E+06  1.29676E-09
  4.56535E+06  1.26400E-09
  4.56575E+06  1.20896E-09
  4.56615E+06  1.17871E-09
  4.56655E+06  1.19256E-09
  4.56695E+06  1.18491E-09
  4.56735E+06  1.22240E-09
  4.56775E+06  1.24482E-09
  4.56815E+06  1.30819E-09
  4.56855E+06  1.35818E-09
  4.56895E+06  1.45427E-09
  4.56935E+06  1.57245E-09
  4.56975E+06  1.67859E-09
  4.57015E+06  1.84720E-09
  4.57055E+06  2.00553E-09
  4.57095E+06  2.24368E-09
  4.57135E+06  2.47314E-09
  4.57175E+06  2.79929E-09
  4.57215E+06  3.17502E-09
  4.57255E+06  3.56199E-09
  4.57295E+06  4.06184E-09
  4.57335E+06  4.58375E-09
  4.57375E+06  5.23646E-09
  4.57415E+06  5.92312E-09
  4.57455E+06  6.75857E-09
  4.57495E+06  7.69183E-09
  4.57535E+06  8.68875E-09
  4.57575E+06  9.84746E-09
  4.57615E+06  1.10812E-08
  4.57655E+06  1.24853E-08
  4.57695E+06  1.39757E-08
  4.57735E+06  1.56349E-08
  4.57775E+06  1.74123E-08
  4.57815E+06  1.93018E-08
  4.57855E+06  2.13248E-08
  4.57895E+06  2.34622E-08
  4.57935E+06  2.57141E-08
  4.57975E+06  2.80677E-08
  4.58015E+06  3.05122E-08
  4.58055E+06  3.30331E-08
  4.58095E+06  3.56124E-08
  4.58135E+06  3.82318E-08
  4.58175E+06  4.08689E-08
  4.58215E+06  4.35014E-08
  4.58255E+06  4.61037E-08
  4.58295E+06  4.86499E-08
  4.58335E+06  5.11140E-08
  4.58375E+06  5.34674E-08
  4.58415E+06  5.56839E-08
  4.58455E+06  5.77357E-08
  4.58495E+06  5.95981E-08
  4.58535E+06  6.12458E-08
  4.58575E+06  6.26569E-08
  4.58615E+06  6.38123E-08
  4.58655E+06  6.46940E-08
  4.58695E+06  6.52896E-08
  4.58735E+06  6.55880E-08
  4.58775E+06  6.55842E-08
  4.58815E+06  6.52751E-08
  4.58855E+06  6.46634E-08
  4.58895E+06  6.37560E-08
  4.58935E+06  6.25622E-08
  4.58975E+06  6.10974E-08
  4.59015E+06  5.93785E-08
  4.59055E+06  5.74276E-08
  4.59095E+06  5.52679E-08
  4.59135E+06  5.29261E-08
  4.59175E+06  5.04314E-08
  4.59215E+06  4.78116E-08
  4.59255E+06  4.50988E-08
  4.59295E+06  4.23209E-08
  4.59335E+06  3.95105E-08
  4.59375E+06  3.66930E-08
  4.59415E+06  3.38960E-08
  4.59455E+06  3.11500E-08
  4.59495E+06  2.84689E-08
  4.59535E+06  2.58837E-08
  4.59575E+06  2.33987E-08
  4.59615E+06  2.10438E-08
  4.59655E+06  1.88121E-08
  4.59695E+06  1.67175E-08
  4.59735E+06  1.47888E-08
  4.59775E+06  1.29888E-08
  4.59815E+06  1.13627E-08
  4.59855E+06  9.85908E-09
  4.59895E+06  8.52825E-09
  4.59935E+06  7.30636E-09
  4.59975E+06  6.21110E-09
  4.60015E+06  5.28393E-09
  4.60055E+06  4.42741E-09
  4.60095E+06  3.72443E-09
  4.60135E+06  3.07311E-09
  4.60175E+06  2.55639E-09
  4.60215E+06  2.07365E-09
  4.60255E+06  1.65725E-09
  4.60295E+06  1.35712E-09
  4.60335E+06  1.05861E-09
  4.60375E+06  8.57702E-10
  4.60415E+06  6.47707E-10
  4.60455E+06  5.19404E-10
  4.60495E+06  3.74562E-10
  4.60535E+06  2.51232E-10
  4.60575E+06  1.99058E-10
  4.60615E+06  1.18060E-10
  4.60655E+06  9.28003E-11
  4.60695E+06  4.38156E-11
  4.60735E+06  3.42128E-11
  4.60775E+06  1.03414E-11
  4.60815E+06  1.53676E-12
  4.60855E+06  1.19971E-12
  4.60895E+06  9.22991E-14
  4.60935E+06  7.24503E-14
  4.60975E+06  1.13347E-14
  4.61015E+06  9.12701E-15
  4.61055E+06  7.29850E-15
  4.61095E+06  5.79597E-15
  4.61135E+06  4.57093E-15
  4.61175E+06  3.57989E-15
  4.61215E+06  2.78434E-15
  4.61255E+06  1.00000E-35
  4.61295E+06  1.00000E-35
  4.61335E+06  1.00000E-35
  4.61375E+06  1.00000E-35
  4.61415E+06  1.00000E-35
  4.61455E+06  1.00000E-35
  4.61495E+06  1.00000E-35
  4.61535E+06  1.00000E-35
  4.61575E+06  1.00000E-35
  4.61615E+06  1.00000E-35
  4.61655E+06  1.00000E-35
  4.61695E+06  1.00000E-35
  4.61735E+06  1.00000E-35
  4.61775E+06  1.00000E-35
  4.61815E+06  1.00000E-35
  4.61855E+06  1.00000E-35
  4.61895E+06  1.00000E-35
  4.61935E+06  1.00000E-35
  4.61975E+06  1.00000E-35
  4.62015E+06  1.00000E-35
  4.62055E+06  1.00000E-35
  4.62095E+06  1.00000E-35
  4.62135E+06  1.00000E-35
  4.62175E+06  1.00000E-35
  4.62215E+06  1.00000E-35
  4.62255E+06  1.00000E-35
  4.62295E+06  1.00000E-35
  4.62335E+06  1.00000E-35
  4.62375E+06  1.00000E-35
  4.62415E+06  1.00000E-35
  4.62455E+06  1.00000E-35
  4.62495E+06  1.00000E-35
  4.62535E+06  1.00000E-35
  4.62575E+06  1.00000E-35
  4.62615E+06  1.00000E-35
  4.62655E+06  1.00000E-35
  4.62695E+06  1.00000E-35
  4.62735E+06  1.00000E-35
  4.62775E+06  1.00000E-35
  4.62815E+06  1.00000E-35
  4.62855E+06  1.00000E-35
  4.62895E+06  1.00000E-35
  4.62935E+06  1.00000E-35
  4.62975E+06  1.00000E-35
  4.63015E+06  1.00000E-35
  4.63055E+06  1.00000E-35
  4.63095E+06  1.00000E-35
  4.63135E+06  1.00000E-35
  4.63175E+06  1.00000E-35
  4.63215E+06  1.00000E-35
  4.63255E+06  1.00000E-35
  4.63295E+06  1.00000E-35
  4.63335E+06  1.00000E-35
  4.63375E+06  1.00000E-35
  4.63415E+06  1.00000E-35
  4.63455E+06  1.00000E-35
  4.63495E+06  1.00000E-35
  4.63535E+06  1.00000E-35
  4.63575E+06  1.00000E-35
  4.63615E+06  1.00000E-35
  4.63655E+06  1.00000E-35
  4.63695E+06  1.00000E-35
  4.63735E+06  1.00000E-35
  4.63775E+06  1.00000E-35
  4.63815E+06  1.00000E-35
  4.63855E+06  1.00000E-35
  4.63895E+06  1.00000E-35
  4.63935E+06  1.00000E-35
  4.63975E+06  1.00000E-35
  4.64015E+06  1.00000E-35
  4.64055E+06  1.00000E-35
  4.64095E+06  1.00000E-35
  4.64135E+06  1.00000E-35
  4.64175E+06  1.00000E-35
  4.64215E+06  1.00000E-35
  4.64255E+06  1.00000E-35
  4.64295E+06  1.00000E-35
  4.64335E+06  1.00000E-35
  4.64375E+06  1.00000E-35
  4.64415E+06  1.00000E-35
  4.64455E+06  1.00000E-35
  4.64495E+06  1.00000E-35
  4.64535E+06  1.00000E-35
  4.64575E+06  1.00000E-35
  4.64615E+06  1.00000E-35
  4.64655E+06  1.00000E-35
  4.64695E+06  1.00000E-35
  4.64735E+06  1.00000E-35
  4.64775E+06  1.00000E-35
  4.64815E+06  1.00000E-35
  4.64855E+06  1.00000E-35
  4.64895E+06  1.00000E-35
  4.64935E+06  1.00000E-35
  4.64975E+06  1.00000E-35
  4.65015E+06  1.00000E-35
  4.65055E+06  1.00000E-35
  4.65095E+06  1.00000E-35
  4.65135E+06  1.00000E-35
  4.65175E+06  1.00000E-35
  4.65215E+06  1.00000E-35
  4.65255E+06  1.00000E-35
  4.65295E+06  1.00000E-35
  4.65335E+06  1.00000E-35
  4.65375E+06  1.00000E-35
  4.65415E+06  1.00000E-35
  4.65455E+06  1.00000E-35
  4.65495E+06  1.00000E-35
  4.65535E+06  1.00000E-35
  4.65575E+06  1.00000E-35
  4.65615E+06  1.00000E-35
  4.65655E+06  1.00000E-35
  4.65695E+06  1.00000E-35
  4.65735E+06  1.00000E-35
  4.65775E+06  1.00000E-35
  4.65815E+06  1.00000E-35
  4.65855E+06  1.00000E-35
  4.65895E+06  1.00000E-35
  4.65935E+06  1.00000E-35
  4.65975E+06  1.00000E-35
  4.66015E+06  1.00000E-35
  4.66055E+06  1.00000E-35
  4.66095E+06  1.00000E-35
  4.66135E+06  1.00000E-35
  4.66175E+06  1.00000E-35
  4.66215E+06  1.00000E-35
  4.66255E+06  1.00000E-35
  4.66295E+06  1.00000E-35
  4.66335E+06  1.00000E-35
  4.66375E+06  1.00000E-35
  4.66415E+06  1.00000E-35
  4.66455E+06  1.00000E-35
  4.66495E+06  1.00000E-35
  4.66535E+06  1.00000E-35
  4.66575E+06  1.00000E-35
  4.66615E+06  1.00000E-35
  4.66655E+06  1.00000E-35
  4.66695E+06  1.00000E-35
  4.66735E+06  1.00000E-35
  4.66775E+06  1.00000E-35
  4.66815E+06  1.00000E-35
  4.66855E+06  1.00000E-35
  4.66895E+06  1.00000E-35
  4.66935E+06  1.00000E-35
  4.66975E+06  1.00000E-35
  4.67015E+06  1.00000E-35
  4.67055E+06  1.00000E-35
  4.67095E+06  1.00000E-35
  4.67135E+06  1.00000E-35
  4.67175E+06  1.00000E-35
  4.67215E+06  1.00000E-35
  4.67255E+06  1.00000E-35
  4.67295E+06  1.00000E-35
  4.67335E+06  1.00000E-35
  4.67375E+06  1.00000E-35
  4.67415E+06  1.00000E-35
  4.67455E+06  1.00000E-35
  4.67495E+06  1.00000E-35
  4.67535E+06  1.00000E-35
  4.67575E+06  1.00000E-35
  4.67615E+06  1.00000E-35
  4.67655E+06  1.00000E-35
  4.67695E+06  1.00000E-35
  4.67735E+06  1.00000E-35
  4.67775E+06  1.00000E-35
  4.67815E+06  1.00000E-35
  4.67855E+06  1.00000E-35
  4.67895E+06  1.00000E-35
  4.67935E+06  1.00000E-35
  4.67975E+06  1.00000E-35
  4.68015E+06  1.00000E-35
  4.68055E+06  1.00000E-35
  4.68095E+06  1.00000E-35
  4.68135E+06  1.00000E-35
  4.68175E+06  1.00000E-35
  4.68215E+06  1.00000E-35
  4.68255E+06  1.00000E-35
  4.68295E+06  1.00000E-35
  4.68335E+06  1.00000E-35
  4.68375E+06  1.00000E-35
  4.68415E+06  1.00000E-35
  4.68455E+06  1.00000E-35
  4.68495E+06  1.00000E-35
  4.68535E+06  1.00000E-35
  4.68575E+06  1.00000E-35
  4.68615E+06  1.00000E-35
  4.68655E+06  1.00000E-35
  4.68695E+06  1.00000E-35
  4.68735E+06  1.00000E-35
  4.68775E+06  1.00000E-35
  4.68815E+06  1.00000E-35
  4.68855E+06  1.00000E-35
  4.68895E+06  1.00000E-35
  4.68935E+06  1.00000E-35
  4.68975E+06  1.00000E-35
  4.69015E+06  1.00000E-35
  4.69055E+06  1.00000E-35
  4.69095E+06  1.00000E-35
  4.69135E+06  1.00000E-35
  4.69175E+06  1.00000E-35
  4.69215E+06  1.00000E-35
  4.69255E+06  1.00000E-35
  4.69295E+06  1.00000E-35
  4.69335E+06  1.00000E-35
  4.69375E+06  1.00000E-35
  4.69415E+06  1.00000E-35
  4.69455E+06  1.00000E-35
  4.69495E+06  1.00000E-35
  4.69535E+06  1.00000E-35
  4.69575E+06  1.00000E-35
  4.69615E+06  1.00000E-35
  4.69655E+06  1.00000E-35
  4.69695E+06  1.00000E-35
  4.69735E+06  1.00000E-35
  4.69775E+06  1.00000E-35
  4.69815E+06  1.00000E-35
  4.69855E+06  1.00000E-35
  4.69895E+06  1.00000E-35
  4.69935E+06  1.00000E-35
  4.69975E+06  1.00000E-35
  4.70015E+06  1.00000E-35
  4.70055E+06  1.00000E-35
  4.70095E+06  1.00000E-35
  4.70135E+06  1.00000E-35
  4.70175E+06  1.00000E-35
  4.70215E+06  1.00000E-35
  4.70255E+06  1.00000E-35
  4.70295E+06  1.00000E-35
  4.70335E+06  1.00000E-35
  4.70375E+06  1.00000E-35
  4.70415E+06  1.00000E-35
  4.70455E+06  1.00000E-35
  4.70495E+06  1.00000E-35
  4.70535E+06  1.00000E-35
  4.70575E+06  1.00000E-35
  4.70615E+06  1.00000E-35
  4.70655E+06  1.00000E-35
  4.70695E+06  1.00000E-35
  4.70735E+06  1.00000E-35
  4.70775E+06  1.00000E-35
  4.70815E+06  1.00000E-35
  4.70855E+06  1.00000E-35
  4.70895E+06  1.00000E-35
  4.70935E+06  1.00000E-35
  4.70975E+06  1.00000E-35
  4.71015E+06  1.00000E-35
  4.71055E+06  1.00000E-35
  4.71095E+06  1.00000E-35
  4.71135E+06  1.00000E-35
  4.71175E+06  1.00000E-35
  4.71215E+06  1.00000E-35
  4.71255E+06  1.00000E-35
  4.71295E+06  1.00000E-35
  4.71335E+06  1.00000E-35
  4.71375E+06  1.00000E-35
  4.71415E+06  1.00000E-35
  4.71455E+06  1.00000E-35
  4.71495E+06  1.00000E-35
  4.71535E+06  1.00000E-35
  4.71575E+06  1.00000E-35
  4.71615E+06  1.00000E-35
  4.71655E+06  1.00000E-35
  4.71695E+06  1.00000E-35
  4.71735E+06  1.00000E-35
  4.71775E+06  1.00000E-35
  4.71815E+06  1.00000E-35
  4.71855E+06  1.00000E-35
  4.71895E+06  1.00000E-35
  4.71935E+06  1.00000E-35
  4.71975E+06  1.00000E-35
  4.72015E+06  1.00000E-35
  4.72055E+06  1.00000E-35
  4.72095E+06  1.00000E-35
  4.72135E+06  1.00000E-35
  4.72175E+06  1.00000E-35
  4.72215E+06  1.00000E-35
  4.72255E+06  1.00000E-35
  4.72295E+06  1.00000E-35
  4.72335E+06  1.00000E-35
  4.72375E+06  1.00000E-35
  4.72415E+06  1.00000E-35
  4.72455E+06  1.00000E-35
  4.72495E+06  1.00000E-35
  4.72535E+06  1.00000E-35
  4.72575E+06  1.00000E-35
  4.72615E+06  1.00000E-35
  4.72655E+06  1.00000E-35
  4.72695E+06  1.00000E-35
  4.72735E+06  1.00000E-35
  4.72775E+06  1.00000E-35
  4.72815E+06  1.00000E-35
  4.72855E+06  1.00000E-35
  4.72895E+06  1.00000E-35
  4.72935E+06  1.00000E-35
  4.72975E+06  1.00000E-35
  4.73015E+06  1.00000E-35
  4.73055E+06  1.00000E-35
  4.73095E+06  1.00000E-35
  4.73135E+06  1.00000E-35
  4.73175E+06  1.00000E-35
  4.73215E+06  1.00000E-35
  4.73255E+06  1.00000E-35
  4.73295E+06  1.00000E-35
  4.73335E+06  1.00000E-35
  4.73375E+06  1.00000E-35
  4.73415E+06  1.00000E-35
  4.73455E+06  1.00000E-35
  4.73495E+06  1.00000E-35
  4.73535E+06  1.00000E-35
  4.73575E+06  1.00000E-35
  4.73615E+06  1.00000E-35
  4.73655E+06  1.00000E-35
  4.73695E+06  1.00000E-35
  4.73735E+06  1.00000E-35
  4.73775E+06  1.00000E-35
  4.73815E+06  1.00000E-35
  4.73855E+06  1.00000E-35
  4.73895E+06  1.00000E-35
  4.73935E+06  1.00000E-35
  4.73975E+06  1.00000E-35
  4.74015E+06  1.00000E-35
  4.74055E+06  1.00000E-35
  4.74095E+06  1.00000E-35
  4.74135E+06  1.00000E-35
  4.74175E+06  1.00000E-35
  4.74215E+06  1.00000E-35
  4.74255E+06  1.00000E-35
  4.74295E+06  1.00000E-35
  4.74335E+06  1.00000E-35
  4.74375E+06  1.00000E-35
  4.74415E+06  1.00000E-35
  4.74455E+06  1.00000E-35
  4.74495E+06  1.00000E-35
