  3.70070E+06  4.00479E-12
  3.70110E+06  4.26177E-12
  3.70150E+06  4.50991E-12
  3.70190E+06  4.75784E-12
  3.70230E+06  4.99646E-12
  3.70270E+06  5.22774E-12
  3.70310E+06  5.45603E-12
  3.70350E+06  5.67058E-12
  3.70390E+06  5.88091E-12
  3.70430E+06  6.07573E-12
  3.70470E+06  6.25914E-12
  3.70510E+06  6.43733E-12
  3.70550E+06  6.59867E-12
  3.70590E+06  6.75404E-12
  3.70630E+06  6.89334E-12
  3.70670E+06  7.02123E-12
  3.70710E+06  7.14412E-12
  3.70750E+06  7.25170E-12
  3.70790E+06  7.35428E-12
  3.70830E+06  7.44344E-12
  3.70870E+06  7.52360E-12
  3.70910E+06  7.60100E-12
  3.70950E+06  7.66622E-12
  3.70990E+06  7.72973E-12
  3.71030E+06  7.78251E-12
  3.71070E+06  7.82927E-12
  3.71110E+06  7.87576E-12
  3.71150E+06  7.91320E-12
  3.71190E+06  7.95185E-12
  3.71230E+06  7.98213E-12
  3.71270E+06  8.00875E-12
  3.71310E+06  8.03841E-12
  3.71350E+06  8.06022E-12
  3.71390E+06  8.08446E-12
  3.71430E+06  8.10242E-12
  3.71470E+06  8.11812E-12
  3.71510E+06  8.13694E-12
  3.71550E+06  8.14621E-12
  3.71590E+06  8.16334E-12
  3.71630E+06  8.16995E-12
  3.71670E+06  8.17989E-12
  3.71710E+06  8.19465E-12
  3.71750E+06  8.19849E-12
  3.71790E+06  8.21011E-12
  3.71830E+06  8.21202E-12
  3.71870E+06  8.21599E-12
  3.71910E+06  8.22327E-12
  3.71950E+06  8.22101E-12
  3.71990E+06  8.22574E-12
  3.72030E+06  8.21929E-12
  3.72070E+06  8.21764E-12
  3.72110E+06  8.22005E-12
  3.72150E+06  8.21224E-12
  3.72190E+06  8.21357E-12
  3.72230E+06  8.20472E-12
  3.72270E+06  8.19989E-12
  3.72310E+06  8.20065E-12
  3.72350E+06  8.19149E-12
  3.72390E+06  8.19290E-12
  3.72430E+06  8.18484E-12
  3.72470E+06  8.18178E-12
  3.72510E+06  8.18625E-12
  3.72550E+06  8.17969E-12
  3.72590E+06  8.18502E-12
  3.72630E+06  8.18297E-12
  3.72670E+06  8.18603E-12
  3.72710E+06  8.19540E-12
  3.72750E+06  8.19639E-12
  3.72790E+06  8.20830E-12
  3.72830E+06  8.21196E-12
  3.72870E+06  8.22248E-12
  3.72910E+06  8.23968E-12
  3.72950E+06  8.24923E-12
  3.72990E+06  8.26848E-12
  3.73030E+06  8.27827E-12
  3.73070E+06  8.29559E-12
  3.73110E+06  8.31879E-12
  3.73150E+06  8.33397E-12
  3.73190E+06  8.35810E-12
  3.73230E+06  8.37385E-12
  3.73270E+06  8.39440E-12
  3.73310E+06  8.41895E-12
  3.73350E+06  8.43384E-12
  3.73390E+06  8.45944E-12
  3.73430E+06  8.47350E-12
  3.73470E+06  8.49185E-12
  3.73510E+06  8.51388E-12
  3.73550E+06  8.52391E-12
  3.73590E+06  8.54262E-12
  3.73630E+06  8.54876E-12
  3.73670E+06  8.55733E-12
  3.73710E+06  8.56867E-12
  3.73750E+06  8.56710E-12
  3.73790E+06  8.57061E-12
  3.73830E+06  8.56260E-12
  3.73870E+06  8.55610E-12
  3.73910E+06  8.55076E-12
  3.73950E+06  8.53333E-12
  3.73990E+06  8.52347E-12
  3.74030E+06  8.50172E-12
  3.74070E+06  8.48207E-12
  3.74110E+06  8.46643E-12
  3.74150E+06  8.43894E-12
  3.74190E+06  8.42196E-12
  3.74230E+06  8.39359E-12
  3.74270E+06  8.37055E-12
  3.74310E+06  8.35212E-12
  3.74350E+06  8.32557E-12
  3.74390E+06  8.30935E-12
  3.74430E+06  8.28565E-12
  3.74470E+06  8.26784E-12
  3.74510E+06  8.25749E-12
  3.74550E+06  8.23893E-12
  3.74590E+06  8.23082E-12
  3.74630E+06  8.21539E-12
  3.74670E+06  8.20794E-12
  3.74710E+06  8.20697E-12
  3.74750E+06  8.19815E-12
  3.74790E+06  8.20096E-12
  3.74830E+06  8.19578E-12
  3.74870E+06  8.19629E-12
  3.74910E+06  8.20243E-12
  3.74950E+06  8.20020E-12
  3.74990E+06  8.20772E-12
  3.75030E+06  8.20591E-12
  3.75070E+06  8.20920E-12
  3.75110E+06  8.21879E-12
  3.75150E+06  8.21682E-12
  3.75190E+06  8.22369E-12
  3.75230E+06  8.22035E-12
  3.75270E+06  8.22185E-12
  3.75310E+06  8.22780E-12
  3.75350E+06  8.22186E-12
  3.75390E+06  8.22551E-12
  3.75430E+06  8.21681E-12
  3.75470E+06  8.21350E-12
  3.75510E+06  8.21323E-12
  3.75550E+06  8.20269E-12
  3.75590E+06  8.20069E-12
  3.75630E+06  8.18786E-12
  3.75670E+06  8.17905E-12
  3.75710E+06  8.17585E-12
  3.75750E+06  8.16192E-12
  3.75790E+06  8.15569E-12
  3.75830E+06  8.14055E-12
  3.75870E+06  8.13095E-12
  3.75910E+06  8.12683E-12
  3.75950E+06  8.11376E-12
  3.75990E+06  8.11028E-12
  3.76030E+06  8.09883E-12
  3.76070E+06  8.09341E-12
  3.76110E+06  8.09494E-12
  3.76150E+06  8.08787E-12
  3.76190E+06  8.08998E-12
  3.76230E+06  8.08546E-12
  3.76270E+06  8.08599E-12
  3.76310E+06  8.09268E-12
  3.76350E+06  8.08969E-12
  3.76390E+06  8.09806E-12
  3.76430E+06  8.09675E-12
  3.76470E+06  8.10071E-12
  3.76510E+06  8.11112E-12
  3.76550E+06  8.10987E-12
  3.76590E+06  8.11895E-12
  3.76630E+06  8.11685E-12
  3.76670E+06  8.11957E-12
  3.76710E+06  8.12532E-12
  3.76750E+06  8.12225E-12
  3.76790E+06  8.12696E-12
  3.76830E+06  8.12141E-12
  3.76870E+06  8.11924E-12
  3.76910E+06  8.12055E-12
  3.76950E+06  8.11178E-12
  3.76990E+06  8.11430E-12
  3.77030E+06  8.10513E-12
  3.77070E+06  8.10168E-12
  3.77110E+06  8.10378E-12
  3.77150E+06  8.09540E-12
  3.77190E+06  8.09914E-12
  3.77230E+06  8.09447E-12
  3.77270E+06  8.09522E-12
  3.77310E+06  8.10285E-12
  3.77350E+06  8.10224E-12
  3.77390E+06  8.11283E-12
  3.77430E+06  8.11510E-12
  3.77470E+06  8.12480E-12
  3.77510E+06  8.13982E-12
  3.77550E+06  8.14911E-12
  3.77590E+06  8.16764E-12
  3.77630E+06  8.17866E-12
  3.77670E+06  8.19551E-12
  3.77710E+06  8.21694E-12
  3.77750E+06  8.23020E-12
  3.77790E+06  8.25256E-12
  3.77830E+06  8.26611E-12
  3.77870E+06  8.28377E-12
  3.77910E+06  8.30574E-12
  3.77950E+06  8.31674E-12
  3.77990E+06  8.33463E-12
  3.78030E+06  8.34056E-12
  3.78070E+06  8.35053E-12
  3.78110E+06  8.36311E-12
  3.78150E+06  8.36353E-12
  3.78190E+06  8.36915E-12
  3.78230E+06  8.36161E-12
  3.78270E+06  8.35596E-12
  3.78310E+06  8.35137E-12
  3.78350E+06  8.33340E-12
  3.78390E+06  8.32331E-12
  3.78430E+06  8.29901E-12
  3.78470E+06  8.27561E-12
  3.78510E+06  8.25219E-12
  3.78550E+06  8.21722E-12
  3.78590E+06  8.18970E-12
  3.78630E+06  8.14899E-12
  3.78670E+06  8.11268E-12
  3.78710E+06  8.07848E-12
  3.78750E+06  8.03587E-12
  3.78790E+06  8.00063E-12
  3.78830E+06  7.95652E-12
  3.78870E+06  7.91832E-12
  3.78910E+06  7.88559E-12
  3.78950E+06  7.84645E-12
  3.78990E+06  7.81905E-12
  3.79030E+06  7.78384E-12
  3.79070E+06  7.75750E-12
  3.79110E+06  7.73958E-12
  3.79150E+06  7.71651E-12
  3.79190E+06  7.70387E-12
  3.79230E+06  7.68616E-12
  3.79270E+06  7.67701E-12
  3.79310E+06  7.67492E-12
  3.79350E+06  7.66657E-12
  3.79390E+06  7.66894E-12
  3.79430E+06  7.66348E-12
  3.79470E+06  7.66589E-12
  3.79510E+06  7.67442E-12
  3.79550E+06  7.67297E-12
  3.79590E+06  7.68017E-12
  3.79630E+06  7.67885E-12
  3.79670E+06  7.68039E-12
  3.79710E+06  7.68496E-12
  3.79750E+06  7.67818E-12
  3.79790E+06  7.67956E-12
  3.79830E+06  7.66958E-12
  3.79870E+06  7.66155E-12
  3.79910E+06  7.65476E-12
  3.79950E+06  7.63590E-12
  3.79990E+06  7.62533E-12
  3.80030E+06  7.60323E-12
  3.80070E+06  7.58449E-12
  3.80110E+06  7.56783E-12
  3.80150E+06  7.54064E-12
  3.80190E+06  7.52194E-12
  3.80230E+06  7.49253E-12
  3.80270E+06  7.46794E-12
  3.80310E+06  7.44720E-12
  3.80350E+06  7.41729E-12
  3.80390E+06  7.39752E-12
  3.80430E+06  7.36950E-12
  3.80470E+06  7.34577E-12
  3.80510E+06  7.32950E-12
  3.80550E+06  7.30422E-12
  3.80590E+06  7.28895E-12
  3.80630E+06  7.26720E-12
  3.80670E+06  7.25099E-12
  3.80710E+06  7.24160E-12
  3.80750E+06  7.22562E-12
  3.80790E+06  7.21980E-12
  3.80830E+06  7.20716E-12
  3.80870E+06  7.20211E-12
  3.80910E+06  7.20411E-12
  3.80950E+06  7.20003E-12
  3.80990E+06  7.20795E-12
  3.81030E+06  7.20786E-12
  3.81070E+06  7.21566E-12
  3.81110E+06  7.23160E-12
  3.81150E+06  7.24023E-12
  3.81190E+06  7.26232E-12
  3.81230E+06  7.27625E-12
  3.81270E+06  7.29746E-12
  3.81310E+06  7.32434E-12
  3.81350E+06  7.34374E-12
  3.81390E+06  7.37735E-12
  3.81430E+06  7.40411E-12
  3.81470E+06  7.43598E-12
  3.81510E+06  7.47530E-12
  3.81550E+06  7.50573E-12
  3.81590E+06  7.54550E-12
  3.81630E+06  7.57925E-12
  3.81670E+06  7.61734E-12
  3.81710E+06  7.66020E-12
  3.81750E+06  7.69482E-12
  3.81790E+06  7.73892E-12
  3.81830E+06  7.77343E-12
  3.81870E+06  7.81153E-12
  3.81910E+06  7.85463E-12
  3.81950E+06  7.88612E-12
  3.81990E+06  7.92535E-12
  3.82030E+06  7.95425E-12
  3.82070E+06  7.98643E-12
  3.82110E+06  8.02194E-12
  3.82150E+06  8.04657E-12
  3.82190E+06  8.07642E-12
  3.82230E+06  8.09541E-12
  3.82270E+06  8.11573E-12
  3.82310E+06  8.13863E-12
  3.82350E+06  8.14998E-12
  3.82390E+06  8.16709E-12
  3.82430E+06  8.17101E-12
  3.82470E+06  8.17736E-12
  3.82510E+06  8.18560E-12
  3.82550E+06  8.18257E-12
  3.82590E+06  8.18491E-12
  3.82630E+06  8.17578E-12
  3.82670E+06  8.16888E-12
  3.82710E+06  8.16459E-12
  3.82750E+06  8.14907E-12
  3.82790E+06  8.14130E-12
  3.82830E+06  8.12431E-12
  3.82870E+06  8.11006E-12
  3.82910E+06  8.09887E-12
  3.82950E+06  8.07951E-12
  3.82990E+06  8.06873E-12
  3.83030E+06  8.04991E-12
  3.83070E+06  8.03547E-12
  3.83110E+06  8.02584E-12
  3.83150E+06  8.00834E-12
  3.83190E+06  8.00154E-12
  3.83230E+06  7.98619E-12
  3.83270E+06  7.97593E-12
  3.83310E+06  7.97124E-12
  3.83350E+06  7.95750E-12
  3.83390E+06  7.95307E-12
  3.83430E+06  7.93890E-12
  3.83470E+06  7.93111E-12
  3.83510E+06  7.92835E-12
  3.83550E+06  7.91568E-12
  3.83590E+06  7.90975E-12
  3.83630E+06  7.89476E-12
  3.83670E+06  7.88351E-12
  3.83710E+06  7.87631E-12
  3.83750E+06  7.85874E-12
  3.83790E+06  7.84934E-12
  3.83830E+06  7.82905E-12
  3.83870E+06  7.81237E-12
  3.83910E+06  7.79815E-12
  3.83950E+06  7.77402E-12
  3.83990E+06  7.76042E-12
  3.84030E+06  7.73579E-12
  3.84070E+06  7.71660E-12
  3.84110E+06  7.70215E-12
  3.84150E+06  7.67745E-12
  3.84190E+06  7.66425E-12
  3.84230E+06  7.64385E-12
  3.84270E+06  7.62782E-12
  3.84310E+06  7.61792E-12
  3.84350E+06  7.59958E-12
  3.84390E+06  7.59271E-12
  3.84430E+06  7.57768E-12
  3.84470E+06  7.57014E-12
  3.84510E+06  7.56902E-12
  3.84550E+06  7.56179E-12
  3.84590E+06  7.56573E-12
  3.84630E+06  7.56126E-12
  3.84670E+06  7.56282E-12
  3.84710E+06  7.57230E-12
  3.84750E+06  7.57255E-12
  3.84790E+06  7.58337E-12
  3.84830E+06  7.58633E-12
  3.84870E+06  7.59636E-12
  3.84910E+06  7.61242E-12
  3.84950E+06  7.62107E-12
  3.84990E+06  7.64012E-12
  3.85030E+06  7.64980E-12
  3.85070E+06  7.66587E-12
  3.85110E+06  7.68759E-12
  3.85150E+06  7.70133E-12
  3.85190E+06  7.72486E-12
  3.85230E+06  7.73953E-12
  3.85270E+06  7.76032E-12
  3.85310E+06  7.78677E-12
  3.85350E+06  7.80390E-12
  3.85390E+06  7.83131E-12
  3.85430E+06  7.85004E-12
  3.85470E+06  7.87389E-12
  3.85510E+06  7.90244E-12
  3.85550E+06  7.92203E-12
  3.85590E+06  7.95086E-12
  3.85630E+06  7.97000E-12
  3.85670E+06  7.99328E-12
  3.85710E+06  8.01991E-12
  3.85750E+06  8.03708E-12
  3.85790E+06  8.06128E-12
  3.85830E+06  8.07613E-12
  3.85870E+06  8.09282E-12
  3.85910E+06  8.11322E-12
  3.85950E+06  8.12175E-12
  3.85990E+06  8.13637E-12
  3.86030E+06  8.14022E-12
  3.86070E+06  8.14557E-12
  3.86110E+06  8.15259E-12
  3.86150E+06  8.14730E-12
  3.86190E+06  8.14829E-12
  3.86230E+06  8.13778E-12
  3.86270E+06  8.12927E-12
  3.86310E+06  8.12272E-12
  3.86350E+06  8.10506E-12
  3.86390E+06  8.09405E-12
  3.86430E+06  8.07072E-12
  3.86470E+06  8.05081E-12
  3.86510E+06  8.03498E-12
  3.86550E+06  8.00887E-12
  3.86590E+06  7.98939E-12
  3.86630E+06  7.95965E-12
  3.86670E+06  7.93465E-12
  3.86710E+06  7.91536E-12
  3.86750E+06  7.88550E-12
  3.86790E+06  7.86628E-12
  3.86830E+06  7.83936E-12
  3.86870E+06  7.81688E-12
  3.86910E+06  7.80135E-12
  3.86950E+06  7.77682E-12
  3.86990E+06  7.76605E-12
  3.87030E+06  7.74684E-12
  3.87070E+06  7.73467E-12
  3.87110E+06  7.72922E-12
  3.87150E+06  7.71789E-12
  3.87190E+06  7.72012E-12
  3.87230E+06  7.71512E-12
  3.87270E+06  7.71824E-12
  3.87310E+06  7.72986E-12
  3.87350E+06  7.73567E-12
  3.87390E+06  7.75427E-12
  3.87430E+06  7.76703E-12
  3.87470E+06  7.78794E-12
  3.87510E+06  7.81546E-12
  3.87550E+06  7.83658E-12
  3.87590E+06  7.87195E-12
  3.87630E+06  7.89921E-12
  3.87670E+06  7.93482E-12
  3.87710E+06  7.97785E-12
  3.87750E+06  8.01314E-12
  3.87790E+06  8.05786E-12
  3.87830E+06  8.09376E-12
  3.87870E+06  8.13452E-12
  3.87910E+06  8.18133E-12
  3.87950E+06  8.21592E-12
  3.87990E+06  8.25896E-12
  3.88030E+06  8.29121E-12
  3.88070E+06  8.32578E-12
  3.88110E+06  8.36101E-12
  3.88150E+06  8.38486E-12
  3.88190E+06  8.41373E-12
  3.88230E+06  8.42998E-12
  3.88270E+06  8.44717E-12
  3.88310E+06  8.46433E-12
  3.88350E+06  8.46868E-12
  3.88390E+06  8.47656E-12
  3.88430E+06  8.47205E-12
  3.88470E+06  8.46790E-12
  3.88510E+06  8.46423E-12
  3.88550E+06  8.44744E-12
  3.88590E+06  8.43709E-12
  3.88630E+06  8.41413E-12
  3.88670E+06  8.39217E-12
  3.88710E+06  8.37049E-12
  3.88750E+06  8.33861E-12
  3.88790E+06  8.31308E-12
  3.88830E+06  8.27535E-12
  3.88870E+06  8.24127E-12
  3.88910E+06  8.20963E-12
  3.88950E+06  8.16796E-12
  3.88990E+06  8.13325E-12
  3.89030E+06  8.08847E-12
  3.89070E+06  8.04694E-12
  3.89110E+06  8.00939E-12
  3.89150E+06  7.96230E-12
  3.89190E+06  7.92402E-12
  3.89230E+06  7.87548E-12
  3.89270E+06  7.83152E-12
  3.89310E+06  7.79268E-12
  3.89350E+06  7.74444E-12
  3.89390E+06  7.70599E-12
  3.89430E+06  7.65922E-12
  3.89470E+06  7.61962E-12
  3.89510E+06  7.58728E-12
  3.89550E+06  7.54739E-12
  3.89590E+06  7.51870E-12
  3.89630E+06  7.48313E-12
  3.89670E+06  7.45663E-12
  3.89710E+06  7.43836E-12
  3.89750E+06  7.41430E-12
  3.89790E+06  7.40419E-12
  3.89830E+06  7.38767E-12
  3.89870E+06  7.38080E-12
  3.89910E+06  7.38359E-12
  3.89950E+06  7.37902E-12
  3.89990E+06  7.38945E-12
  3.90030E+06  7.39465E-12
  3.90070E+06  7.40737E-12
  3.90110E+06  7.42890E-12
  3.90150E+06  7.44225E-12
  3.90190E+06  7.46945E-12
  3.90230E+06  7.48886E-12
  3.90270E+06  7.51520E-12
  3.90310E+06  7.54913E-12
  3.90350E+06  7.57387E-12
  3.90390E+06  7.60919E-12
  3.90430E+06  7.63701E-12
  3.90470E+06  7.66861E-12
  3.90510E+06  7.70518E-12
  3.90550E+06  7.73240E-12
  3.90590E+06  7.76991E-12
  3.90630E+06  7.79679E-12
  3.90670E+06  7.82904E-12
  3.90710E+06  7.86775E-12
  3.90750E+06  7.89536E-12
  3.90790E+06  7.93138E-12
  3.90830E+06  7.95714E-12
  3.90870E+06  7.98907E-12
  3.90910E+06  8.02691E-12
  3.90950E+06  8.05447E-12
  3.90990E+06  8.09136E-12
  3.91030E+06  8.11942E-12
  3.91070E+06  8.15077E-12
  3.91110E+06  8.18899E-12
  3.91150E+06  8.21663E-12
  3.91190E+06  8.25348E-12
  3.91230E+06  8.28071E-12
  3.91270E+06  8.31174E-12
  3.91310E+06  8.34604E-12
  3.91350E+06  8.37227E-12
  3.91390E+06  8.40623E-12
  3.91430E+06  8.43006E-12
  3.91470E+06  8.45752E-12
  3.91510E+06  8.48793E-12
  3.91550E+06  8.50806E-12
  3.91590E+06  8.53688E-12
  3.91630E+06  8.55622E-12
  3.91670E+06  8.57729E-12
  3.91710E+06  8.60209E-12
  3.91750E+06  8.61564E-12
  3.91790E+06  8.63755E-12
  3.91830E+06  8.64844E-12
  3.91870E+06  8.66183E-12
  3.91910E+06  8.67662E-12
  3.91950E+06  8.68147E-12
  3.91990E+06  8.69269E-12
  3.92030E+06  8.69256E-12
  3.92070E+06  8.69490E-12
  3.92110E+06  8.69856E-12
  3.92150E+06  8.68999E-12
  3.92190E+06  8.68949E-12
  3.92230E+06  8.67582E-12
  3.92270E+06  8.66386E-12
  3.92310E+06  8.65425E-12
  3.92350E+06  8.63208E-12
  3.92390E+06  8.61582E-12
  3.92430E+06  8.58605E-12
  3.92470E+06  8.55874E-12
  3.92510E+06  8.53478E-12
  3.92550E+06  8.49830E-12
  3.92590E+06  8.46863E-12
  3.92630E+06  8.42766E-12
  3.92670E+06  8.39009E-12
  3.92710E+06  8.35890E-12
  3.92750E+06  8.31571E-12
  3.92790E+06  8.28272E-12
  3.92830E+06  8.24050E-12
  3.92870E+06  8.20525E-12
  3.92910E+06  8.17643E-12
  3.92950E+06  8.14089E-12
  3.92990E+06  8.11780E-12
  3.93030E+06  8.08813E-12
  3.93070E+06  8.06793E-12
  3.93110E+06  8.05615E-12
  3.93150E+06  8.03947E-12
  3.93190E+06  8.03640E-12
  3.93230E+06  8.02836E-12
  3.93270E+06  8.03096E-12
  3.93310E+06  8.04339E-12
  3.93350E+06  8.05030E-12
  3.93390E+06  8.07070E-12
  3.93430E+06  8.08543E-12
  3.93470E+06  8.10794E-12
  3.93510E+06  8.13907E-12
  3.93550E+06  8.16137E-12
  3.93590E+06  8.19580E-12
  3.93630E+06  8.21941E-12
  3.93670E+06  8.24963E-12
  3.93710E+06  8.28578E-12
  3.93750E+06  8.31031E-12
  3.93790E+06  8.33995E-12
  3.93830E+06  8.35780E-12
  3.93870E+06  8.37876E-12
  3.93910E+06  8.40148E-12
  3.93950E+06  8.41043E-12
  3.93990E+06  8.42674E-12
  3.94030E+06  8.42719E-12
  3.94070E+06  8.43087E-12
  3.94110E+06  8.43633E-12
  3.94150E+06  8.42819E-12
  3.94190E+06  8.42843E-12
  3.94230E+06  8.41711E-12
  3.94270E+06  8.40778E-12
  3.94310E+06  8.40369E-12
  3.94350E+06  8.38842E-12
  3.94390E+06  8.38316E-12
  3.94430E+06  8.36978E-12
  3.94470E+06  8.36163E-12
  3.94510E+06  8.36028E-12
  3.94550E+06  8.35144E-12
  3.94590E+06  8.35522E-12
  3.94630E+06  8.35135E-12
  3.94670E+06  8.35543E-12
  3.94710E+06  8.36607E-12
  3.94750E+06  8.37032E-12
  3.94790E+06  8.38738E-12
  3.94830E+06  8.39820E-12
  3.94870E+06  8.41432E-12
  3.94910E+06  8.43650E-12
  3.94950E+06  8.45139E-12
  3.94990E+06  8.47607E-12
  3.95030E+06  8.49249E-12
  3.95070E+06  8.51294E-12
  3.95110E+06  8.53770E-12
  3.95150E+06  8.55184E-12
  3.95190E+06  8.57560E-12
  3.95230E+06  8.58729E-12
  3.95270E+06  8.60267E-12
  3.95310E+06  8.62300E-12
  3.95350E+06  8.62928E-12
  3.95390E+06  8.64924E-12
  3.95430E+06  8.65168E-12
  3.95470E+06  8.65790E-12
  3.95510E+06  8.68795E-12
  3.95550E+06  8.69120E-12
  3.95590E+06  8.75604E-12
  3.95630E+06  8.77302E-12
  3.95670E+06  8.80212E-12
  3.95710E+06  8.90529E-12
  3.95750E+06  8.96323E-12
  3.95790E+06  9.06918E-12
  3.95830E+06  9.16813E-12
  3.95870E+06  9.29545E-12
  3.95910E+06  9.46151E-12
  3.95950E+06  9.64646E-12
  3.95990E+06  9.87872E-12
  3.96030E+06  1.01439E-11
  3.96070E+06  1.04603E-11
  3.96110E+06  1.08327E-11
  3.96150E+06  1.12519E-11
  3.96190E+06  1.17382E-11
  3.96230E+06  1.22766E-11
  3.96270E+06  1.28837E-11
  3.96310E+06  1.35597E-11
  3.96350E+06  1.42896E-11
  3.96390E+06  1.50908E-11
  3.96430E+06  1.59382E-11
  3.96470E+06  1.68430E-11
  3.96510E+06  1.77975E-11
  3.96550E+06  1.87759E-11
  3.96590E+06  1.97878E-11
  3.96630E+06  2.08001E-11
  3.96670E+06  2.18161E-11
  3.96710E+06  2.28211E-11
  3.96750E+06  2.37826E-11
  3.96790E+06  2.47019E-11
  3.96830E+06  2.55461E-11
  3.96870E+06  2.63143E-11
  3.96910E+06  2.69918E-11
  3.96950E+06  2.75501E-11
  3.96990E+06  2.79989E-11
  3.97030E+06  2.83093E-11
  3.97070E+06  2.84898E-11
  3.97110E+06  2.85359E-11
  3.97150E+06  2.84324E-11
  3.97190E+06  2.82019E-11
  3.97230E+06  2.78281E-11
  3.97270E+06  2.73355E-11
  3.97310E+06  2.67325E-11
  3.97350E+06  2.60168E-11
  3.97390E+06  2.52214E-11
  3.97430E+06  2.43416E-11
  3.97470E+06  2.34078E-11
  3.97510E+06  2.24361E-11
  3.97550E+06  2.14269E-11
  3.97590E+06  2.04147E-11
  3.97630E+06  1.93969E-11
  3.97670E+06  1.83981E-11
  3.97710E+06  1.74330E-11
  3.97750E+06  1.64934E-11
  3.97790E+06  1.56094E-11
  3.97830E+06  1.47674E-11
  3.97870E+06  1.39859E-11
  3.97910E+06  1.32695E-11
  3.97950E+06  1.26038E-11
  3.97990E+06  1.20091E-11
  3.98030E+06  1.14647E-11
  3.98070E+06  1.09829E-11
  3.98110E+06  1.05618E-11
  3.98150E+06  1.01823E-11
  3.98190E+06  9.86088E-12
  3.98230E+06  9.57255E-12
  3.98270E+06  9.33146E-12
  3.98310E+06  9.13151E-12
  3.98350E+06  8.94947E-12
  3.98390E+06  8.81122E-12
  3.98430E+06  8.67218E-12
  3.98470E+06  8.58006E-12
  3.98510E+06  8.51157E-12
  3.98550E+06  8.40895E-12
  3.98590E+06  8.37935E-12
  3.98630E+06  8.30177E-12
  3.98670E+06  8.29698E-12
  3.98710E+06  8.30165E-12
  3.98750E+06  8.28324E-12
  3.98790E+06  8.30182E-12
  3.98830E+06  8.30718E-12
  3.98870E+06  8.32472E-12
  3.98910E+06  8.34930E-12
  3.98950E+06  8.36417E-12
  3.98990E+06  8.39376E-12
  3.99030E+06  8.41091E-12
  3.99070E+06  8.43288E-12
  3.99110E+06  8.59006E-12
  3.99150E+06  8.64563E-12
  3.99190E+06  9.29236E-12
  3.99230E+06  9.54013E-12
  3.99270E+06  9.85070E-12
  3.99310E+06  1.19923E-11
  3.99350E+06  1.29708E-11
  3.99390E+06  1.61822E-11
  3.99430E+06  1.82657E-11
  3.99470E+06  2.08346E-11
  3.99510E+06  2.52591E-11
  3.99550E+06  2.94315E-11
  3.99590E+06  3.48011E-11
  3.99630E+06  4.09246E-11
  3.99670E+06  4.82121E-11
  3.99710E+06  5.68626E-11
  3.99750E+06  6.69267E-11
  3.99790E+06  7.86172E-11
  3.99830E+06  9.20584E-11
  3.99870E+06  1.07403E-10
  3.99910E+06  1.24773E-10
  3.99950E+06  1.44244E-10
  3.99990E+06  1.65903E-10
  4.00030E+06  1.89755E-10
  4.00070E+06  2.15798E-10
  4.00110E+06  2.43965E-10
  4.00150E+06  2.74113E-10
  4.00190E+06  3.06077E-10
  4.00230E+06  3.39591E-10
  4.00270E+06  3.74359E-10
  4.00310E+06  4.10012E-10
  4.00350E+06  4.46106E-10
  4.00390E+06  4.82188E-10
  4.00430E+06  5.17714E-10
  4.00470E+06  5.52156E-10
  4.00510E+06  5.84963E-10
  4.00550E+06  6.15540E-10
  4.00590E+06  6.43383E-10
  4.00630E+06  6.67925E-10
  4.00670E+06  6.88730E-10
  4.00710E+06  7.05405E-10
  4.00750E+06  7.17574E-10
  4.00790E+06  7.25039E-10
  4.00830E+06  7.27606E-10
  4.00870E+06  7.25252E-10
  4.00910E+06  7.18042E-10
  4.00950E+06  7.06086E-10
  4.00990E+06  6.89671E-10
  4.01030E+06  6.69093E-10
  4.01070E+06  6.44785E-10
  4.01110E+06  6.17222E-10
  4.01150E+06  5.86896E-10
  4.01190E+06  5.54381E-10
  4.01230E+06  5.20219E-10
  4.01270E+06  4.84990E-10
  4.01310E+06  4.49242E-10
  4.01350E+06  4.13475E-10
  4.01390E+06  3.78188E-10
  4.01430E+06  3.43787E-10
  4.01470E+06  3.10659E-10
  4.01510E+06  2.79115E-10
  4.01550E+06  2.49381E-10
  4.01590E+06  2.21665E-10
  4.01630E+06  1.96064E-10
  4.01670E+06  1.72660E-10
  4.01710E+06  1.51471E-10
  4.01750E+06  1.32443E-10
  4.01790E+06  1.15533E-10
  4.01830E+06  1.00617E-10
  4.01870E+06  8.75859E-11
  4.01910E+06  7.62993E-11
  4.01950E+06  6.65842E-11
  4.01990E+06  5.83113E-11
  4.02030E+06  5.11976E-11
  4.02070E+06  4.53278E-11
  4.02110E+06  4.04253E-11
  4.02150E+06  3.59021E-11
  4.02190E+06  3.26317E-11
  4.02230E+06  2.85696E-11
  4.02270E+06  2.66469E-11
  4.02310E+06  2.50400E-11
  4.02350E+06  2.21564E-11
  4.02390E+06  2.13729E-11
  4.02430E+06  1.96732E-11
  4.02470E+06  1.92578E-11
  4.02510E+06  1.88409E-11
  4.02550E+06  1.81578E-11
  4.02590E+06  1.77863E-11
  4.02630E+06  1.73462E-11
  4.02670E+06  1.69454E-11
  4.02710E+06  1.65369E-11
  4.02750E+06  1.61099E-11
  4.02790E+06  1.56942E-11
  4.02830E+06  1.52660E-11
  4.02870E+06  1.48495E-11
  4.02910E+06  1.44463E-11
  4.02950E+06  1.40419E-11
  4.02990E+06  1.36627E-11
  4.03030E+06  1.32853E-11
  4.03070E+06  1.29292E-11
  4.03110E+06  1.25977E-11
  4.03150E+06  1.22710E-11
  4.03190E+06  1.19726E-11
  4.03230E+06  1.16792E-11
  4.03270E+06  1.14106E-11
  4.03310E+06  1.11667E-11
  4.03350E+06  1.09258E-11
  4.03390E+06  1.07153E-11
  4.03430E+06  1.05055E-11
  4.03470E+06  1.03271E-11
  4.03510E+06  1.01696E-11
  4.03550E+06  1.00068E-11
  4.03590E+06  9.88441E-12
  4.03630E+06  9.75559E-12
  4.03670E+06  9.66263E-12
  4.03710E+06  9.58945E-12
  4.03750E+06  9.50977E-12
  4.03790E+06  9.46444E-12
  4.03830E+06  9.40981E-12
  4.03870E+06  9.38668E-12
  4.03910E+06  9.37921E-12
  4.03950E+06  9.36302E-12
  4.03990E+06  9.37256E-12
  4.04030E+06  9.37257E-12
  4.04070E+06  9.38962E-12
  4.04110E+06  9.41690E-12
  4.04150E+06  9.43283E-12
  4.04190E+06  9.46027E-12
  4.04230E+06  9.47560E-12
  4.04270E+06  9.49556E-12
  4.04310E+06  9.51912E-12
  4.04350E+06  9.52543E-12
  4.04390E+06  9.53730E-12
  4.04430E+06  9.53036E-12
  4.04470E+06  9.52573E-12
  4.04510E+06  9.51789E-12
  4.04550E+06  9.49163E-12
  4.04590E+06  9.47187E-12
  4.04630E+06  9.43276E-12
  4.04670E+06  9.39622E-12
  4.04710E+06  9.36022E-12
  4.04750E+06  9.30797E-12
  4.04790E+06  9.26487E-12
  4.04830E+06  9.20806E-12
  4.04870E+06  9.15604E-12
  4.04910E+06  9.10833E-12
  4.04950E+06  9.05124E-12
  4.04990E+06  9.00663E-12
  4.05030E+06  8.95458E-12
  4.05070E+06  8.91035E-12
  4.05110E+06  8.87502E-12
  4.05150E+06  8.83401E-12
  4.05190E+06  8.80766E-12
  4.05230E+06  8.77531E-12
  4.05270E+06  8.75206E-12
  4.05310E+06  8.73955E-12
  4.05350E+06  8.72011E-12
  4.05390E+06  8.71452E-12
  4.05430E+06  8.70181E-12
  4.05470E+06  8.69741E-12
  4.05510E+06  8.72472E-12
  4.05550E+06  8.72717E-12
  4.05590E+06  8.88291E-12
  4.05630E+06  8.93481E-12
  4.05670E+06  9.00585E-12
  4.05710E+06  9.61488E-12
  4.05750E+06  9.86883E-12
  4.05790E+06  1.09528E-11
  4.05830E+06  1.15719E-11
  4.05870E+06  1.23427E-11
  4.05910E+06  1.39376E-11
  4.05950E+06  1.52693E-11
  4.05990E+06  1.71013E-11
  4.06030E+06  1.91076E-11
  4.06070E+06  2.15164E-11
  4.06110E+06  2.44213E-11
  4.06150E+06  2.77908E-11
  4.06190E+06  3.17389E-11
  4.06230E+06  3.62989E-11
  4.06270E+06  4.15451E-11
  4.06310E+06  4.75265E-11
  4.06350E+06  5.42719E-11
  4.06390E+06  6.18350E-11
  4.06430E+06  7.02178E-11
  4.06470E+06  7.94421E-11
  4.06510E+06  8.95005E-11
  4.06550E+06  1.00345E-10
  4.06590E+06  1.11945E-10
  4.06630E+06  1.24206E-10
  4.06670E+06  1.37045E-10
  4.06710E+06  1.50342E-10
  4.06750E+06  1.63936E-10
  4.06790E+06  1.77682E-10
  4.06830E+06  1.91372E-10
  4.06870E+06  2.04826E-10
  4.06910E+06  2.17843E-10
  4.06950E+06  2.30180E-10
  4.06990E+06  2.41662E-10
  4.07030E+06  2.52041E-10
  4.07070E+06  2.61152E-10
  4.07110E+06  2.68830E-10
  4.07150E+06  2.74891E-10
  4.07190E+06  2.79250E-10
  4.07230E+06  2.81786E-10
  4.07270E+06  2.82474E-10
  4.07310E+06  2.81309E-10
  4.07350E+06  2.78287E-10
  4.07390E+06  2.73507E-10
  4.07430E+06  2.67035E-10
  4.07470E+06  2.59024E-10
  4.07510E+06  2.49638E-10
  4.07550E+06  2.39038E-10
  4.07590E+06  2.27450E-10
  4.07630E+06  2.15058E-10
  4.07670E+06  2.02096E-10
  4.07710E+06  1.88779E-10
  4.07750E+06  1.75292E-10
  4.07790E+06  1.61856E-10
  4.07830E+06  1.48624E-10
  4.07870E+06  1.35769E-10
  4.07910E+06  1.23431E-10
  4.07950E+06  1.11703E-10
  4.07990E+06  1.00695E-10
  4.08030E+06  9.04494E-11
  4.08070E+06  8.10233E-11
  4.08110E+06  7.24392E-11
  4.08150E+06  6.46757E-11
  4.08190E+06  5.77418E-11
  4.08230E+06  5.15823E-11
  4.08270E+06  4.61739E-11
  4.08310E+06  4.14655E-11
  4.08350E+06  3.73836E-11
  4.08390E+06  3.38897E-11
  4.08430E+06  3.08832E-11
  4.08470E+06  2.83596E-11
  4.08510E+06  2.62367E-11
  4.08550E+06  2.43359E-11
  4.08590E+06  2.28654E-11
  4.08630E+06  2.12246E-11
  4.08670E+06  2.02725E-11
  4.08710E+06  1.94636E-11
  4.08750E+06  1.81776E-11
  4.08790E+06  1.77052E-11
  4.08830E+06  1.67645E-11
  4.08870E+06  1.64700E-11
  4.08910E+06  1.61765E-11
  4.08950E+06  1.57097E-11
  4.08990E+06  1.54427E-11
  4.09030E+06  1.51195E-11
  4.09070E+06  1.48322E-11
  4.09110E+06  1.45449E-11
  4.09150E+06  1.42407E-11
  4.09190E+06  1.39492E-11
  4.09230E+06  1.36474E-11
  4.09270E+06  1.33559E-11
  4.09310E+06  1.30803E-11
  4.09350E+06  1.28008E-11
  4.09390E+06  1.25453E-11
  4.09430E+06  1.22897E-11
  4.09470E+06  1.20552E-11
  4.09510E+06  1.18421E-11
  4.09550E+06  1.16328E-11
  4.09590E+06  1.14517E-11
  4.09630E+06  1.12741E-11
  4.09670E+06  1.11199E-11
  4.09710E+06  1.09880E-11
  4.09750E+06  1.08591E-11
  4.09790E+06  1.07609E-11
  4.09830E+06  1.06605E-11
  4.09870E+06  1.05876E-11
  4.09910E+06  1.05362E-11
  4.09950E+06  1.04776E-11
  4.09990E+06  1.04529E-11
  4.10030E+06  1.04202E-11
  4.10070E+06  1.04154E-11
  4.10110E+06  1.04269E-11
  4.10150E+06  1.04292E-11
  4.10190E+06  1.04565E-11
  4.10230E+06  1.04727E-11
  4.10270E+06  1.05082E-11
  4.10310E+06  1.05520E-11
  4.10350E+06  1.05813E-11
  4.10390E+06  1.06310E-11
  4.10430E+06  1.06667E-11
  4.10470E+06  1.07090E-11
  4.10510E+06  1.07539E-11
  4.10550E+06  1.07827E-11
  4.10590E+06  1.08188E-11
  4.10630E+06  1.08372E-11
  4.10670E+06  1.08571E-11
  4.10710E+06  1.08752E-11
  4.10750E+06  1.08736E-11
  4.10790E+06  1.08764E-11
  4.10830E+06  1.08599E-11
  4.10870E+06  1.08423E-11
  4.10910E+06  1.08206E-11
  4.10950E+06  1.07814E-11
  4.10990E+06  1.07444E-11
  4.11030E+06  1.06882E-11
  4.11070E+06  1.06335E-11
  4.11110E+06  1.05775E-11
  4.11150E+06  1.05044E-11
  4.11190E+06  1.04373E-11
  4.11230E+06  1.03547E-11
  4.11270E+06  1.02740E-11
  4.11310E+06  1.01940E-11
  4.11350E+06  1.01013E-11
  4.11390E+06  1.00180E-11
  4.11430E+06  9.92121E-12
  4.11470E+06  9.82882E-12
  4.11510E+06  9.74079E-12
  4.11550E+06  9.64248E-12
  4.11590E+06  9.55309E-12
  4.11630E+06  9.45468E-12
  4.11670E+06  9.36344E-12
  4.11710E+06  9.27882E-12
  4.11750E+06  9.18594E-12
  4.11790E+06  9.10548E-12
  4.11830E+06  9.01619E-12
  4.11870E+06  8.93689E-12
  4.11910E+06  8.86622E-12
  4.11950E+06  8.78779E-12
  4.11990E+06  8.72535E-12
  4.12030E+06  8.65419E-12
  4.12070E+06  8.59513E-12
  4.12110E+06  8.54516E-12
  4.12150E+06  8.48780E-12
  4.12190E+06  8.44829E-12
  4.12230E+06  8.40047E-12
  4.12270E+06  8.36565E-12
  4.12310E+06  8.33923E-12
  4.12350E+06  8.30681E-12
  4.12390E+06  8.29062E-12
  4.12430E+06  8.26718E-12
  4.12470E+06  8.25426E-12
  4.12510E+06  8.25009E-12
  4.12550E+06  8.23808E-12
  4.12590E+06  8.24095E-12
  4.12630E+06  8.23553E-12
  4.12670E+06  8.23858E-12
  4.12710E+06  8.25007E-12
  4.12750E+06  8.25082E-12
  4.12790E+06  8.26732E-12
  4.12830E+06  8.27152E-12
  4.12870E+06  8.28420E-12
  4.12910E+06  8.39347E-12
  4.12950E+06  8.42957E-12
  4.12990E+06  9.41116E-12
  4.13030E+06  9.74087E-12
  4.13070E+06  1.01601E-11
  4.13110E+06  1.60336E-11
  4.13150E+06  1.82496E-11
  4.13190E+06  3.26065E-11
  4.13230E+06  3.94997E-11
  4.13270E+06  4.80723E-11
  4.13310E+06  7.42162E-11
  4.13350E+06  9.17467E-11
  4.13390E+06  1.20591E-10
  4.13430E+06  1.48878E-10
  4.13470E+06  1.83091E-10
  4.13510E+06  2.26401E-10
  4.13550E+06  2.75918E-10
  4.13590E+06  3.34683E-10
  4.13630E+06  4.03343E-10
  4.13670E+06  4.83181E-10
  4.13710E+06  5.75273E-10
  4.13750E+06  6.80551E-10
  4.13790E+06  7.99947E-10
  4.13830E+06  9.34133E-10
  4.13870E+06  1.08365E-09
  4.13910E+06  1.24878E-09
  4.13950E+06  1.42943E-09
  4.13990E+06  1.62527E-09
  4.14030E+06  1.83545E-09
  4.14070E+06  2.05880E-09
  4.14110E+06  2.29372E-09
  4.14150E+06  2.53805E-09
  4.14190E+06  2.78937E-09
  4.14230E+06  3.04465E-09
  4.14270E+06  3.30065E-09
  4.14310E+06  3.55385E-09
  4.14350E+06  3.80029E-09
  4.14390E+06  4.03623E-09
  4.14430E+06  4.25741E-09
  4.14470E+06  4.46005E-09
  4.14510E+06  4.64065E-09
  4.14550E+06  4.79541E-09
  4.14590E+06  4.92170E-09
  4.14630E+06  5.01670E-09
  4.14670E+06  5.07866E-09
  4.14710E+06  5.10655E-09
  4.14750E+06  5.09951E-09
  4.14790E+06  5.05802E-09
  4.14830E+06  4.98272E-09
  4.14870E+06  4.87532E-09
  4.14910E+06  4.73817E-09
  4.14950E+06  4.57378E-09
  4.14990E+06  4.38559E-09
  4.15030E+06  4.17704E-09
  4.15070E+06  3.95206E-09
  4.15110E+06  3.71465E-09
  4.15150E+06  3.46874E-09
  4.15190E+06  3.21831E-09
  4.15230E+06  2.96702E-09
  4.15270E+06  2.71835E-09
  4.15310E+06  2.47545E-09
  4.15350E+06  2.24096E-09
  4.15390E+06  2.01724E-09
  4.15430E+06  1.80606E-09
  4.15470E+06  1.60884E-09
  4.15510E+06  1.42656E-09
  4.15550E+06  1.25968E-09
  4.15590E+06  1.10843E-09
  4.15630E+06  9.72561E-10
  4.15670E+06  8.51657E-10
  4.15710E+06  7.45046E-10
  4.15750E+06  6.51787E-10
  4.15790E+06  5.70944E-10
  4.15830E+06  5.01280E-10
  4.15870E+06  4.41849E-10
  4.15910E+06  3.91451E-10
  4.15950E+06  3.48182E-10
  4.15990E+06  3.12630E-10
  4.16030E+06  2.78713E-10
  4.16070E+06  2.54731E-10
  4.16110E+06  2.34582E-10
  4.16150E+06  2.08687E-10
  4.16190E+06  1.96327E-10
  4.16230E+06  1.73551E-10
  4.16270E+06  1.66760E-10
  4.16310E+06  1.60281E-10
  4.16350E+06  1.48350E-10
  4.16390E+06  1.43566E-10
  4.16430E+06  1.36811E-10
  4.16470E+06  1.32031E-10
  4.16510E+06  1.27057E-10
  4.16550E+06  1.21718E-10
  4.16590E+06  1.16550E-10
  4.16630E+06  1.11307E-10
  4.16670E+06  1.06118E-10
  4.16710E+06  1.01038E-10
  4.16750E+06  9.60441E-11
  4.16790E+06  9.12696E-11
  4.16830E+06  8.66537E-11
  4.16870E+06  8.22901E-11
  4.16910E+06  7.81945E-11
  4.16950E+06  7.43182E-11
  4.16990E+06  7.07570E-11
  4.17030E+06  6.74181E-11
  4.17070E+06  6.43630E-11
  4.17110E+06  6.15863E-11
  4.17150E+06  5.89976E-11
  4.17190E+06  5.66945E-11
  4.17230E+06  5.45252E-11
  4.17270E+06  5.26317E-11
  4.17310E+06  5.09384E-11
  4.17350E+06  4.92734E-11
  4.17390E+06  4.79322E-11
  4.17430E+06  4.65176E-11
  4.17470E+06  4.54460E-11
  4.17510E+06  4.45263E-11
  4.17550E+06  4.34993E-11
  4.17590E+06  4.28416E-11
  4.17630E+06  4.20465E-11
  4.17670E+06  4.14998E-11
  4.17710E+06  4.11370E-11
  4.17750E+06  4.06289E-11
  4.17790E+06  4.03942E-11
  4.17830E+06  4.00620E-11
  4.17870E+06  3.99347E-11
  4.17910E+06  3.99079E-11
  4.17950E+06  3.98605E-11
  4.17990E+06  3.99786E-11
  4.18030E+06  4.01149E-11
  4.18070E+06  4.03771E-11
  4.18110E+06  4.07396E-11
  4.18150E+06  4.11413E-11
  4.18190E+06  4.16814E-11
  4.18230E+06  4.22693E-11
  4.18270E+06  4.29805E-11
  4.18310E+06  4.37975E-11
  4.18350E+06  4.46634E-11
  4.18390E+06  4.56573E-11
  4.18430E+06  4.66848E-11
  4.18470E+06  4.78252E-11
  4.18510E+06  4.90387E-11
  4.18550E+06  5.02640E-11
  4.18590E+06  5.15649E-11
  4.18630E+06  5.28439E-11
  4.18670E+06  5.41497E-11
  4.18710E+06  5.54463E-11
  4.18750E+06  5.66530E-11
  4.18790E+06  5.78357E-11
  4.18830E+06  5.88762E-11
  4.18870E+06  5.98355E-11
  4.18910E+06  6.06693E-11
  4.18950E+06  6.13006E-11
  4.18990E+06  6.18037E-11
  4.19030E+06  6.20691E-11
  4.19070E+06  6.21493E-11
  4.19110E+06  6.21201E-11
  4.19150E+06  6.17787E-11
  4.19190E+06  6.45778E-11
  4.19230E+06  6.48209E-11
  4.19270E+06  6.51542E-11
  4.19310E+06  1.01601E-10
  4.19350E+06  1.12916E-10
  4.19390E+06  2.58706E-10
  4.19430E+06  3.16231E-10
  4.19470E+06  3.88462E-10
  4.19510E+06  7.85452E-10
  4.19550E+06  9.87213E-10
  4.19590E+06  1.49501E-09
  4.19630E+06  1.87900E-09
  4.19670E+06  2.34971E-09
  4.19710E+06  3.05574E-09
  4.19750E+06  3.78554E-09
  4.19790E+06  4.68684E-09
  4.19830E+06  5.73614E-09
  4.19870E+06  6.97515E-09
  4.19910E+06  8.42956E-09
  4.19950E+06  1.01160E-08
  4.19990E+06  1.20598E-08
  4.20030E+06  1.42793E-08
  4.20070E+06  1.67931E-08
  4.20110E+06  1.96167E-08
  4.20150E+06  2.27581E-08
  4.20190E+06  2.62234E-08
  4.20230E+06  3.00097E-08
  4.20270E+06  3.41084E-08
  4.20310E+06  3.85022E-08
  4.20350E+06  4.31646E-08
  4.20390E+06  4.80610E-08
  4.20430E+06  5.31463E-08
  4.20470E+06  5.83676E-08
  4.20510E+06  6.36638E-08
  4.20550E+06  6.89645E-08
  4.20590E+06  7.41973E-08
  4.20630E+06  7.92789E-08
  4.20670E+06  8.41290E-08
  4.20710E+06  8.86706E-08
  4.20750E+06  9.28134E-08
  4.20790E+06  9.64937E-08
  4.20830E+06  9.96280E-08
  4.20870E+06  1.02162E-07
  4.20910E+06  1.04054E-07
  4.20950E+06  1.05253E-07
  4.20990E+06  1.05745E-07
  4.21030E+06  1.05515E-07
  4.21070E+06  1.04572E-07
  4.21110E+06  1.02939E-07
  4.21150E+06  1.00647E-07
  4.21190E+06  9.77462E-08
  4.21230E+06  9.42938E-08
  4.21270E+06  9.03587E-08
  4.21310E+06  8.60173E-08
  4.21350E+06  8.13482E-08
  4.21390E+06  7.64351E-08
  4.21430E+06  7.13601E-08
  4.21470E+06  6.62038E-08
  4.21510E+06  6.10432E-08
  4.21550E+06  5.59479E-08
  4.21590E+06  5.09818E-08
  4.21630E+06  4.61989E-08
  4.21670E+06  4.16454E-08
  4.21710E+06  3.73579E-08
  4.21750E+06  3.33624E-08
  4.21790E+06  2.96777E-08
  4.21830E+06  2.63120E-08
  4.21870E+06  2.32673E-08
  4.21910E+06  2.05387E-08
  4.21950E+06  1.81141E-08
  4.21990E+06  1.59787E-08
  4.22030E+06  1.41122E-08
  4.22070E+06  1.24931E-08
  4.22110E+06  1.10985E-08
  4.22150E+06  9.90033E-09
  4.22190E+06  8.88131E-09
  4.22230E+06  7.98631E-09
  4.22270E+06  7.25530E-09
  4.22310E+06  6.63257E-09
  4.22350E+06  5.99888E-09
  4.22390E+06  5.56346E-09
  4.22430E+06  4.94639E-09
  4.22470E+06  4.66375E-09
  4.22510E+06  4.40259E-09
  4.22550E+06  3.96049E-09
  4.22590E+06  3.77607E-09
  4.22630E+06  3.48792E-09
  4.22670E+06  3.32607E-09
  4.22710E+06  3.16027E-09
  4.22750E+06  2.97029E-09
  4.22790E+06  2.80653E-09
  4.22830E+06  2.63787E-09
  4.22870E+06  2.47436E-09
  4.22910E+06  2.31876E-09
  4.22950E+06  2.16489E-09
  4.22990E+06  2.02146E-09
  4.23030E+06  1.88411E-09
  4.23070E+06  1.75739E-09
  4.23110E+06  1.64195E-09
  4.23150E+06  1.53635E-09
  4.23190E+06  1.44297E-09
  4.23230E+06  1.36056E-09
  4.23270E+06  1.28997E-09
  4.23310E+06  1.23117E-09
  4.23350E+06  1.18297E-09
  4.23390E+06  1.14621E-09
  4.23430E+06  1.11898E-09
  4.23470E+06  1.10233E-09
  4.23510E+06  1.09542E-09
  4.23550E+06  1.09542E-09
  4.23590E+06  1.10584E-09
  4.23630E+06  1.11887E-09
  4.23670E+06  1.14394E-09
  4.23710E+06  1.17519E-09
  4.23750E+06  1.20461E-09
  4.23790E+06  1.24613E-09
  4.23830E+06  1.28370E-09
  4.23870E+06  1.33120E-09
  4.23910E+06  1.37952E-09
  4.23950E+06  1.42427E-09
  4.23990E+06  1.47179E-09
  4.24030E+06  1.51483E-09
  4.24070E+06  1.55705E-09
  4.24110E+06  1.59515E-09
  4.24150E+06  1.62690E-09
  4.24190E+06  1.65436E-09
  4.24230E+06  1.67449E-09
  4.24270E+06  1.68838E-09
  4.24310E+06  1.69503E-09
  4.24350E+06  1.69349E-09
  4.24390E+06  1.68537E-09
  4.24430E+06  1.66874E-09
  4.24470E+06  1.64513E-09
  4.24510E+06  1.61835E-09
  4.24550E+06  1.58210E-09
  4.24590E+06  1.54893E-09
  4.24630E+06  1.50474E-09
  4.24670E+06  1.45785E-09
  4.24710E+06  1.42050E-09
  4.24750E+06  1.37323E-09
  4.24790E+06  1.33334E-09
  4.24830E+06  1.29095E-09
  4.24870E+06  1.25290E-09
  4.24910E+06  1.22211E-09
  4.24950E+06  1.19602E-09
  4.24990E+06  1.17870E-09
  4.25030E+06  1.16983E-09
  4.25070E+06  1.17200E-09
  4.25110E+06  1.18579E-09
  4.25150E+06  1.21148E-09
  4.25190E+06  1.25098E-09
  4.25230E+06  1.30391E-09
  4.25270E+06  1.37145E-09
  4.25310E+06  1.45357E-09
  4.25350E+06  1.54975E-09
  4.25390E+06  1.66033E-09
  4.25430E+06  1.78397E-09
  4.25470E+06  1.92028E-09
  4.25510E+06  2.06782E-09
  4.25550E+06  2.22439E-09
  4.25590E+06  2.38900E-09
  4.25630E+06  2.55763E-09
  4.25670E+06  2.73036E-09
  4.25710E+06  2.90321E-09
  4.25750E+06  3.07067E-09
  4.25790E+06  3.23536E-09
  4.25830E+06  3.38727E-09
  4.25870E+06  3.53094E-09
  4.25910E+06  3.66088E-09
  4.25950E+06  3.77032E-09
  4.25990E+06  3.86368E-09
  4.26030E+06  3.93300E-09
  4.26070E+06  3.97983E-09
  4.26110E+06  4.00385E-09
  4.26150E+06  4.00163E-09
  4.26190E+06  3.97575E-09
  4.26230E+06  3.92505E-09
  4.26270E+06  3.85191E-09
  4.26310E+06  3.75793E-09
  4.26350E+06  3.64425E-09
  4.26390E+06  3.51445E-09
  4.26430E+06  3.37016E-09
  4.26470E+06  3.21523E-09
  4.26510E+06  3.05266E-09
  4.26550E+06  2.88438E-09
  4.26590E+06  2.71581E-09
  4.26630E+06  2.54666E-09
  4.26670E+06  2.38152E-09
  4.26710E+06  2.22577E-09
  4.26750E+06  2.07505E-09
  4.26790E+06  1.93841E-09
  4.26830E+06  1.80987E-09
  4.26870E+06  1.69389E-09
  4.26910E+06  1.59390E-09
  4.26950E+06  1.50504E-09
  4.26990E+06  1.43098E-09
  4.27030E+06  1.36938E-09
  4.27070E+06  1.32092E-09
  4.27110E+06  1.28543E-09
  4.27150E+06  1.26093E-09
  4.27190E+06  1.24777E-09
  4.27230E+06  1.24392E-09
  4.27270E+06  1.24915E-09
  4.27310E+06  1.26256E-09
  4.27350E+06  1.28216E-09
  4.27390E+06  1.30866E-09
  4.27430E+06  1.33730E-09
  4.27470E+06  1.37398E-09
  4.27510E+06  1.41424E-09
  4.27550E+06  1.45090E-09
  4.27590E+06  1.49761E-09
  4.27630E+06  1.53634E-09
  4.27670E+06  1.58683E-09
  4.27710E+06  1.63688E-09
  4.27750E+06  1.68119E-09
  4.27790E+06  1.72962E-09
  4.27830E+06  1.77384E-09
  4.27870E+06  1.81681E-09
  4.27910E+06  1.85595E-09
  4.27950E+06  1.89008E-09
  4.27990E+06  1.91935E-09
  4.28030E+06  1.94234E-09
  4.28070E+06  1.95880E-09
  4.28110E+06  1.96829E-09
  4.28150E+06  1.96970E-09
  4.28190E+06  1.96361E-09
  4.28230E+06  1.94867E-09
  4.28270E+06  1.92542E-09
  4.28310E+06  1.89444E-09
  4.28350E+06  1.85471E-09
  4.28390E+06  1.80779E-09
  4.28430E+06  1.75324E-09
  4.28470E+06  1.69235E-09
  4.28510E+06  1.62609E-09
  4.28550E+06  1.55475E-09
  4.28590E+06  1.48038E-09
  4.28630E+06  1.40272E-09
  4.28670E+06  1.32370E-09
  4.28710E+06  1.24587E-09
  4.28750E+06  1.16691E-09
  4.28790E+06  1.09212E-09
  4.28830E+06  1.01730E-09
  4.28870E+06  9.47358E-10
  4.28910E+06  8.83070E-10
  4.28950E+06  8.21167E-10
  4.28990E+06  7.66924E-10
  4.29030E+06  7.16962E-10
  4.29070E+06  6.74654E-10
  4.29110E+06  6.38768E-10
  4.29150E+06  6.08690E-10
  4.29190E+06  5.85705E-10
  4.29230E+06  5.68684E-10
  4.29270E+06  5.58125E-10
  4.29310E+06  5.53510E-10
  4.29350E+06  5.54213E-10
  4.29390E+06  5.60376E-10
  4.29430E+06  5.70886E-10
  4.29470E+06  5.86097E-10
  4.29510E+06  6.05149E-10
  4.29550E+06  6.26383E-10
  4.29590E+06  6.51583E-10
  4.29630E+06  6.76009E-10
  4.29670E+06  7.05302E-10
  4.29710E+06  7.35365E-10
  4.29750E+06  7.62388E-10
  4.29790E+06  7.92829E-10
  4.29830E+06  8.19668E-10
  4.29870E+06  8.47533E-10
  4.29910E+06  8.73688E-10
  4.29950E+06  8.95551E-10
  4.29990E+06  9.23428E-10
  4.30030E+06  9.41208E-10
  4.30070E+06  9.56135E-10
  4.30110E+06  1.02087E-09
  4.30150E+06  1.04402E-09
  4.30190E+06  1.19038E-09
  4.30230E+06  1.25241E-09
  4.30270E+06  1.32694E-09
  4.30310E+06  1.59766E-09
  4.30350E+06  1.76076E-09
  4.30390E+06  2.05547E-09
  4.30430E+06  2.32968E-09
  4.30470E+06  2.66491E-09
  4.30510E+06  3.10359E-09
  4.30550E+06  3.60255E-09
  4.30590E+06  4.20366E-09
  4.30630E+06  4.91111E-09
  4.30670E+06  5.74174E-09
  4.30710E+06  6.71593E-09
  4.30750E+06  7.83231E-09
  4.30790E+06  9.12415E-09
  4.30830E+06  1.05731E-08
  4.30870E+06  1.21990E-08
  4.30910E+06  1.40284E-08
  4.30950E+06  1.60249E-08
  4.30990E+06  1.82142E-08
  4.31030E+06  2.05709E-08
  4.31070E+06  2.30929E-08
  4.31110E+06  2.57675E-08
  4.31150E+06  2.85672E-08
  4.31190E+06  3.14707E-08
  4.31230E+06  3.44449E-08
  4.31270E+06  3.74567E-08
  4.31310E+06  4.04680E-08
  4.31350E+06  4.34349E-08
  4.31390E+06  4.63172E-08
  4.31430E+06  4.90666E-08
  4.31470E+06  5.16406E-08
  4.31510E+06  5.39992E-08
  4.31550E+06  5.60966E-08
  4.31590E+06  5.79024E-08
  4.31630E+06  5.93791E-08
  4.31670E+06  6.05063E-08
  4.31710E+06  6.12661E-08
  4.31750E+06  6.16414E-08
  4.31790E+06  6.16358E-08
  4.31830E+06  6.12464E-08
  4.31870E+06  6.04886E-08
  4.31910E+06  5.93810E-08
  4.31950E+06  5.79443E-08
  4.31990E+06  5.62117E-08
  4.32030E+06  5.42151E-08
  4.32070E+06  5.19930E-08
  4.32110E+06  4.95861E-08
  4.32150E+06  4.70335E-08
  4.32190E+06  4.43775E-08
  4.32230E+06  4.16562E-08
  4.32270E+06  3.89080E-08
  4.32310E+06  3.61691E-08
  4.32350E+06  3.34683E-08
  4.32390E+06  3.08360E-08
  4.32430E+06  2.82933E-08
  4.32470E+06  2.58607E-08
  4.32510E+06  2.35547E-08
  4.32550E+06  2.13843E-08
  4.32590E+06  1.93586E-08
  4.32630E+06  1.74805E-08
  4.32670E+06  1.57514E-08
  4.32710E+06  1.41703E-08
  4.32750E+06  1.27322E-08
  4.32790E+06  1.14325E-08
  4.32830E+06  1.02626E-08
  4.32870E+06  9.21631E-09
  4.32910E+06  8.28454E-09
  4.32950E+06  7.45102E-09
  4.32990E+06  6.72161E-09
  4.33030E+06  6.03742E-09
  4.33070E+06  5.48163E-09
  4.33110E+06  4.99330E-09
  4.33150E+06  4.47105E-09
  4.33190E+06  4.11774E-09
  4.33230E+06  3.66715E-09
  4.33270E+06  3.42428E-09
  4.33310E+06  3.20615E-09
  4.33350E+06  2.93794E-09
  4.33390E+06  2.77842E-09
  4.33430E+06  2.60722E-09
  4.33470E+06  2.47809E-09
  4.33510E+06  2.35852E-09
  4.33550E+06  2.24306E-09
  4.33590E+06  2.13990E-09
  4.33630E+06  2.03679E-09
  4.33670E+06  1.94665E-09
  4.33710E+06  1.86153E-09
  4.33750E+06  1.76782E-09
  4.33790E+06  1.69352E-09
  4.33830E+06  1.60468E-09
  4.33870E+06  1.53914E-09
  4.33910E+06  1.47565E-09
  4.33950E+06  1.40488E-09
  4.33990E+06  1.34722E-09
  4.34030E+06  1.28720E-09
  4.34070E+06  1.23208E-09
  4.34110E+06  1.18282E-09
  4.34150E+06  1.13168E-09
  4.34190E+06  1.09195E-09
  4.34230E+06  1.04792E-09
  4.34270E+06  1.00836E-09
  4.34310E+06  9.86448E-10
  4.34350E+06  9.57348E-10
  4.34390E+06  9.76774E-10
  4.34430E+06  9.71180E-10
  4.34470E+06  9.78227E-10
  4.34510E+06  1.25567E-09
  4.34550E+06  1.36113E-09
  4.34590E+06  2.14705E-09
  4.34630E+06  2.51946E-09
  4.34670E+06  2.98975E-09
  4.34710E+06  4.62094E-09
  4.34750E+06  5.64467E-09
  4.34790E+06  7.50292E-09
  4.34830E+06  9.21122E-09
  4.34870E+06  1.12825E-08
  4.34910E+06  1.39950E-08
  4.34950E+06  1.70256E-08
  4.34990E+06  2.06426E-08
  4.35030E+06  2.48644E-08
  4.35070E+06  2.97842E-08
  4.35110E+06  3.54727E-08
  4.35150E+06  4.19905E-08
  4.35190E+06  4.94024E-08
  4.35230E+06  5.77560E-08
  4.35270E+06  6.70945E-08
  4.35310E+06  7.74431E-08
  4.35350E+06  8.88049E-08
  4.35390E+06  1.01171E-07
  4.35430E+06  1.14498E-07
  4.35470E+06  1.28725E-07
  4.35510E+06  1.43761E-07
  4.35550E+06  1.59482E-07
  4.35590E+06  1.75742E-07
  4.35630E+06  1.92360E-07
  4.35670E+06  2.09136E-07
  4.35710E+06  2.25852E-07
  4.35750E+06  2.42256E-07
  4.35790E+06  2.58109E-07
  4.35830E+06  2.73133E-07
  4.35870E+06  2.87079E-07
  4.35910E+06  2.99712E-07
  4.35950E+06  3.10770E-07
  4.35990E+06  3.20069E-07
  4.36030E+06  3.27404E-07
  4.36070E+06  3.32640E-07
  4.36110E+06  3.35689E-07
  4.36150E+06  3.36461E-07
  4.36190E+06  3.34973E-07
  4.36230E+06  3.31230E-07
  4.36270E+06  3.25322E-07
  4.36310E+06  3.17387E-07
  4.36350E+06  3.07561E-07
  4.36390E+06  2.96057E-07
  4.36430E+06  2.83085E-07
  4.36470E+06  2.68896E-07
  4.36510E+06  2.53748E-07
  4.36550E+06  2.37898E-07
  4.36590E+06  2.21610E-07
  4.36630E+06  2.05133E-07
  4.36670E+06  1.88706E-07
  4.36710E+06  1.72547E-07
  4.36750E+06  1.56847E-07
  4.36790E+06  1.41774E-07
  4.36830E+06  1.27464E-07
  4.36870E+06  1.14024E-07
  4.36910E+06  1.01537E-07
  4.36950E+06  9.00455E-08
  4.36990E+06  7.95802E-08
  4.37030E+06  7.01332E-08
  4.37070E+06  6.16928E-08
  4.37110E+06  5.42184E-08
  4.37150E+06  4.76484E-08
  4.37190E+06  4.19380E-08
  4.37230E+06  3.69944E-08
  4.37270E+06  3.27686E-08
  4.37310E+06  2.91736E-08
  4.37350E+06  2.60966E-08
  4.37390E+06  2.35404E-08
  4.37430E+06  2.11906E-08
  4.37470E+06  1.94303E-08
  4.37510E+06  1.79653E-08
  4.37550E+06  1.62179E-08
  4.37590E+06  1.54673E-08
  4.37630E+06  1.38889E-08
  4.37670E+06  1.34131E-08
  4.37710E+06  1.41455E-08
  4.37750E+06  1.36441E-08
  4.37790E+06  1.62291E-08
  4.37830E+06  1.70931E-08
  4.37870E+06  1.85073E-08
  4.37910E+06  2.34522E-08
  4.37950E+06  2.66526E-08
  4.37990E+06  3.21596E-08
  4.38030E+06  3.75871E-08
  4.38070E+06  4.42421E-08
  4.38110E+06  5.27620E-08
  4.38150E+06  6.25886E-08
  4.38190E+06  7.43307E-08
  4.38230E+06  8.81318E-08
  4.38270E+06  1.04253E-07
  4.38310E+06  1.22914E-07
  4.38350E+06  1.44305E-07
  4.38390E+06  1.68614E-07
  4.38430E+06  1.95975E-07
  4.38470E+06  2.26497E-07
  4.38510E+06  2.60226E-07
  4.38550E+06  2.97140E-07
  4.38590E+06  3.37160E-07
  4.38630E+06  3.80107E-07
  4.38670E+06  4.25739E-07
  4.38710E+06  4.73707E-07
  4.38750E+06  5.23567E-07
  4.38790E+06  5.74817E-07
  4.38830E+06  6.26825E-07
  4.38870E+06  6.78942E-07
  4.38910E+06  7.30420E-07
  4.38950E+06  7.80453E-07
  4.38990E+06  8.28273E-07
  4.39030E+06  8.73016E-07
  4.39070E+06  9.13924E-07
  4.39110E+06  9.50249E-07
  4.39150E+06  9.81247E-07
  4.39190E+06  1.00638E-06
  4.39230E+06  1.02509E-06
  4.39270E+06  1.03703E-06
  4.39310E+06  1.04199E-06
  4.39350E+06  1.03980E-06
  4.39390E+06  1.03062E-06
  4.39430E+06  1.01451E-06
  4.39470E+06  9.91866E-07
  4.39510E+06  9.63301E-07
  4.39550E+06  9.29121E-07
  4.39590E+06  8.90272E-07
  4.39630E+06  8.47224E-07
  4.39670E+06  8.00892E-07
  4.39710E+06  7.52198E-07
  4.39750E+06  7.01785E-07
  4.39790E+06  6.50570E-07
  4.39830E+06  5.99268E-07
  4.39870E+06  5.48617E-07
  4.39910E+06  4.99265E-07
  4.39950E+06  4.51761E-07
  4.39990E+06  4.06594E-07
  4.40030E+06  3.64135E-07
  4.40070E+06  3.24683E-07
  4.40110E+06  2.88443E-07
  4.40150E+06  2.55521E-07
  4.40190E+06  2.25967E-07
  4.40230E+06  1.99737E-07
  4.40270E+06  1.76747E-07
  4.40310E+06  1.56856E-07
  4.40350E+06  1.39868E-07
  4.40390E+06  1.25582E-07
  4.40430E+06  1.13732E-07
  4.40470E+06  1.04107E-07
  4.40510E+06  9.64299E-08
  4.40550E+06  9.02814E-08
  4.40590E+06  8.57625E-08
  4.40630E+06  8.15360E-08
  4.40670E+06  7.93689E-08
  4.40710E+06  7.79007E-08
  4.40750E+06  7.51225E-08
  4.40790E+06  7.49593E-08
  4.40830E+06  7.24997E-08
  4.40870E+06  7.30086E-08
  4.40910E+06  7.32949E-08
  4.40950E+06  7.21850E-08
  4.40990E+06  7.21612E-08
  4.41030E+06  7.13974E-08
  4.41070E+06  7.06596E-08
  4.41110E+06  6.95133E-08
  4.41150E+06  6.79416E-08
  4.41190E+06  6.60515E-08
  4.41230E+06  6.38244E-08
  4.41270E+06  6.13095E-08
  4.41310E+06  5.85462E-08
  4.41350E+06  5.55746E-08
  4.41390E+06  5.24502E-08
  4.41430E+06  4.92125E-08
  4.41470E+06  4.59149E-08
  4.41510E+06  4.26006E-08
  4.41550E+06  3.93060E-08
  4.41590E+06  3.60773E-08
  4.41630E+06  3.29385E-08
  4.41670E+06  2.99235E-08
  4.41710E+06  2.70612E-08
  4.41750E+06  2.43553E-08
  4.41790E+06  2.18398E-08
  4.41830E+06  1.94967E-08
  4.41870E+06  1.73518E-08
  4.41910E+06  1.54113E-08
  4.41950E+06  1.36390E-08
  4.41990E+06  1.20707E-08
  4.42030E+06  1.06550E-08
  4.42070E+06  9.42871E-09
  4.42110E+06  8.36145E-09
  4.42150E+06  7.41984E-09
  4.42190E+06  6.63576E-09
  4.42230E+06  5.94630E-09
  4.42270E+06  5.40213E-09
  4.42310E+06  4.95967E-09
  4.42350E+06  4.55318E-09
  4.42390E+06  4.29633E-09
  4.42430E+06  3.99029E-09
  4.42470E+06  3.89548E-09
  4.42510E+06  3.85159E-09
  4.42550E+06  3.73237E-09
  4.42590E+06  3.80310E-09
  4.42630E+06  3.82277E-09
  4.42670E+06  3.96642E-09
  4.42710E+06  4.12763E-09
  4.42750E+06  4.28090E-09
  4.42790E+06  4.47226E-09
  4.42830E+06  4.66357E-09
  4.42870E+06  4.86349E-09
  4.42910E+06  5.06177E-09
  4.42950E+06  5.24975E-09
  4.42990E+06  5.43245E-09
  4.43030E+06  5.59553E-09
  4.43070E+06  5.74650E-09
  4.43110E+06  5.87648E-09
  4.43150E+06  5.97801E-09
  4.43190E+06  6.05698E-09
  4.43230E+06  6.10271E-09
  4.43270E+06  6.12134E-09
  4.43310E+06  6.10900E-09
  4.43350E+06  6.06053E-09
  4.43390E+06  5.98533E-09
  4.43430E+06  5.87586E-09
  4.43470E+06  5.74174E-09
  4.43510E+06  5.58130E-09
  4.43550E+06  5.39525E-09
  4.43590E+06  5.19040E-09
  4.43630E+06  4.96730E-09
  4.43670E+06  4.73117E-09
  4.43710E+06  4.48505E-09
  4.43750E+06  4.23186E-09
  4.43790E+06  3.97639E-09
  4.43830E+06  3.72074E-09
  4.43870E+06  3.46913E-09
  4.43910E+06  3.22400E-09
  4.43950E+06  2.98700E-09
  4.43990E+06  2.76139E-09
  4.44030E+06  2.54719E-09
  4.44070E+06  2.34739E-09
  4.44110E+06  2.16211E-09
  4.44150E+06  1.99024E-09
  4.44190E+06  1.83472E-09
  4.44230E+06  1.69206E-09
  4.44270E+06  1.56523E-09
  4.44310E+06  1.45187E-09
  4.44350E+06  1.34967E-09
  4.44390E+06  1.26034E-09
  4.44430E+06  1.17957E-09
  4.44470E+06  1.10990E-09
  4.44510E+06  1.04843E-09
  4.44550E+06  9.91065E-10
  4.44590E+06  9.43075E-10
  4.44630E+06  8.94252E-10
  4.44670E+06  8.56313E-10
  4.44710E+06  8.21530E-10
  4.44750E+06  7.81063E-10
  4.44790E+06  7.52600E-10
  4.44830E+06  7.14750E-10
  4.44870E+06  6.90664E-10
  4.44910E+06  6.66952E-10
  4.44950E+06  6.37875E-10
  4.44990E+06  6.15944E-10
  4.45030E+06  5.91623E-10
  4.45070E+06  5.70348E-10
  4.45110E+06  5.49445E-10
  4.45150E+06  5.27776E-10
  4.45190E+06  5.08207E-10
  4.45230E+06  4.87852E-10
  4.45270E+06  4.69648E-10
  4.45310E+06  4.53563E-10
  4.45350E+06  4.36688E-10
  4.45390E+06  4.24384E-10
  4.45430E+06  4.10868E-10
  4.45470E+06  3.99130E-10
  4.45510E+06  3.92338E-10
  4.45550E+06  3.84186E-10
  4.45590E+06  3.79888E-10
  4.45630E+06  3.75819E-10
  4.45670E+06  3.74130E-10
  4.45710E+06  3.75387E-10
  4.45750E+06  3.78109E-10
  4.45790E+06  3.84081E-10
  4.45830E+06  3.92049E-10
  4.45870E+06  4.03577E-10
  4.45910E+06  4.18411E-10
  4.45950E+06  4.35888E-10
  4.45990E+06  4.57503E-10
  4.46030E+06  4.81982E-10
  4.46070E+06  5.10869E-10
  4.46110E+06  5.43529E-10
  4.46150E+06  5.79123E-10
  4.46190E+06  6.19216E-10
  4.46230E+06  6.61935E-10
  4.46270E+06  7.08677E-10
  4.46310E+06  7.58259E-10
  4.46350E+06  8.09676E-10
  4.46390E+06  8.63435E-10
  4.46430E+06  9.17948E-10
  4.46470E+06  9.73181E-10
  4.46510E+06  1.02808E-09
  4.46550E+06  1.08144E-09
  4.46590E+06  1.13294E-09
  4.46630E+06  1.18110E-09
  4.46670E+06  1.22546E-09
  4.46710E+06  1.26518E-09
  4.46750E+06  1.29895E-09
  4.46790E+06  1.32678E-09
  4.46830E+06  1.34732E-09
  4.46870E+06  1.36067E-09
  4.46910E+06  1.36658E-09
  4.46950E+06  1.36423E-09
  4.46990E+06  1.35453E-09
  4.47030E+06  1.33670E-09
  4.47070E+06  1.31174E-09
  4.47110E+06  1.28034E-09
  4.47150E+06  1.24215E-09
  4.47190E+06  1.19905E-09
  4.47230E+06  1.15073E-09
  4.47270E+06  1.09882E-09
  4.47310E+06  1.04449E-09
  4.47350E+06  9.87691E-10
  4.47390E+06  9.30557E-10
  4.47430E+06  8.72805E-10
  4.47470E+06  8.16025E-10
  4.47510E+06  7.61197E-10
  4.47550E+06  7.08175E-10
  4.47590E+06  6.58330E-10
  4.47630E+06  6.11571E-10
  4.47670E+06  5.68714E-10
  4.47710E+06  5.29958E-10
  4.47750E+06  4.95212E-10
  4.47790E+06  4.64956E-10
  4.47830E+06  4.38787E-10
  4.47870E+06  4.16976E-10
  4.47910E+06  3.99269E-10
  4.47950E+06  3.85180E-10
  4.47990E+06  3.75682E-10
  4.48030E+06  3.68602E-10
  4.48070E+06  3.64624E-10
  4.48110E+06  3.72795E-10
  4.48150E+06  3.76186E-10
  4.48190E+06  4.14207E-10
  4.48230E+06  4.31358E-10
  4.48270E+06  4.54426E-10
  4.48310E+06  5.50111E-10
  4.48350E+06  6.01584E-10
  4.48390E+06  7.19186E-10
  4.48430E+06  8.10153E-10
  4.48470E+06  9.23483E-10
  4.48510E+06  1.08474E-09
  4.48550E+06  1.25162E-09
  4.48590E+06  1.45600E-09
  4.48630E+06  1.69198E-09
  4.48670E+06  1.96909E-09
  4.48710E+06  2.29186E-09
  4.48750E+06  2.66399E-09
  4.48790E+06  3.09110E-09
  4.48830E+06  3.57680E-09
  4.48870E+06  4.12529E-09
  4.48910E+06  4.73948E-09
  4.48950E+06  5.42100E-09
  4.48990E+06  6.17112E-09
  4.49030E+06  6.98875E-09
  4.49070E+06  7.87191E-09
  4.49110E+06  8.81662E-09
  4.49150E+06  9.81663E-09
  4.49190E+06  1.08644E-08
  4.49230E+06  1.19497E-08
  4.49270E+06  1.30610E-08
  4.49310E+06  1.41849E-08
  4.49350E+06  1.53058E-08
  4.49390E+06  1.64082E-08
  4.49430E+06  1.74740E-08
  4.49470E+06  1.84862E-08
  4.49510E+06  1.94275E-08
  4.49550E+06  2.02799E-08
  4.49590E+06  2.10286E-08
  4.49630E+06  2.16578E-08
  4.49670E+06  2.21558E-08
  4.49710E+06  2.25129E-08
  4.49750E+06  2.27208E-08
  4.49790E+06  2.27762E-08
  4.49830E+06  2.26770E-08
  4.49870E+06  2.24259E-08
  4.49910E+06  2.20283E-08
  4.49950E+06  2.14912E-08
  4.49990E+06  2.08267E-08
  4.50030E+06  2.00465E-08
  4.50070E+06  1.91666E-08
  4.50110E+06  1.82035E-08
  4.50150E+06  1.71734E-08
  4.50190E+06  1.60953E-08
  4.50230E+06  1.49855E-08
  4.50270E+06  1.38622E-08
  4.50310E+06  1.27412E-08
  4.50350E+06  1.16364E-08
  4.50390E+06  1.05623E-08
  4.50430E+06  9.52893E-09
  4.50470E+06  8.54671E-09
  4.50510E+06  7.62306E-09
  4.50550E+06  6.76256E-09
  4.50590E+06  5.96980E-09
  4.50630E+06  5.24570E-09
  4.50670E+06  4.59095E-09
  4.50710E+06  4.00463E-09
  4.50750E+06  3.48380E-09
  4.50790E+06  3.02585E-09
  4.50830E+06  2.62617E-09
  4.50870E+06  2.28065E-09
  4.50910E+06  1.98480E-09
  4.50950E+06  1.73229E-09
  4.50990E+06  1.52036E-09
  4.51030E+06  1.33549E-09
  4.51070E+06  1.18976E-09
  4.51110E+06  1.06967E-09
  4.51150E+06  9.46777E-10
  4.51190E+06  8.72334E-10
  4.51230E+06  7.59637E-10
  4.51270E+06  7.22507E-10
  4.51310E+06  6.92067E-10
  4.51350E+06  6.26641E-10
  4.51390E+06  6.15237E-10
  4.51430E+06  5.84881E-10
  4.51470E+06  5.80030E-10
  4.51510E+06  5.74833E-10
  4.51550E+06  5.65561E-10
  4.51590E+06  5.60499E-10
  4.51630E+06  5.54312E-10
  4.51670E+06  5.48160E-10
  4.51710E+06  5.42084E-10
  4.51750E+06  5.35246E-10
  4.51790E+06  5.28779E-10
  4.51830E+06  5.21663E-10
  4.51870E+06  5.14584E-10
  4.51910E+06  5.07857E-10
  4.51950E+06  5.00658E-10
  4.51990E+06  4.93981E-10
  4.52030E+06  4.86930E-10
  4.52070E+06  4.80088E-10
  4.52110E+06  4.73898E-10
  4.52150E+06  4.67292E-10
  4.52190E+06  4.61428E-10
  4.52230E+06  4.55272E-10
  4.52270E+06  4.49601E-10
  4.52310E+06  4.44517E-10
  4.52350E+06  4.39302E-10
  4.52390E+06  4.34983E-10
  4.52430E+06  4.30556E-10
  4.52470E+06  4.27217E-10
  4.52510E+06  4.24558E-10
  4.52550E+06  4.21908E-10
  4.52590E+06  4.20621E-10
  4.52630E+06  4.19404E-10
  4.52670E+06  4.19446E-10
  4.52710E+06  4.20285E-10
  4.52750E+06  4.21305E-10
  4.52790E+06  4.23504E-10
  4.52830E+06  4.25737E-10
  4.52870E+06  4.28924E-10
  4.52910E+06  4.32652E-10
  4.52950E+06  4.36211E-10
  4.52990E+06  4.40438E-10
  4.53030E+06  4.44293E-10
  4.53070E+06  4.48384E-10
  4.53110E+06  4.52340E-10
  4.53150E+06  4.55519E-10
  4.53190E+06  4.58618E-10
  4.53230E+06  4.60637E-10
  4.53270E+06  4.62152E-10
  4.53310E+06  4.63405E-10
  4.53350E+06  4.62938E-10
  4.53390E+06  4.68674E-10
  4.53430E+06  4.68097E-10
  4.53470E+06  4.67375E-10
  4.53510E+06  5.18449E-10
  4.53550E+06  5.32160E-10
  4.53590E+06  6.80197E-10
  4.53630E+06  7.41887E-10
  4.53670E+06  8.20147E-10
  4.53710E+06  1.13182E-09
  4.53750E+06  1.31640E-09
  4.53790E+06  1.67064E-09
  4.53830E+06  1.98889E-09
  4.53870E+06  2.37807E-09
  4.53910E+06  2.89786E-09
  4.53950E+06  3.47772E-09
  4.53990E+06  4.17501E-09
  4.54030E+06  4.99344E-09
  4.54070E+06  5.95261E-09
  4.54110E+06  7.06735E-09
  4.54150E+06  8.35047E-09
  4.54190E+06  9.81595E-09
  4.54230E+06  1.14740E-08
  4.54270E+06  1.33341E-08
  4.54310E+06  1.54024E-08
  4.54350E+06  1.76801E-08
  4.54390E+06  2.01663E-08
  4.54430E+06  2.28527E-08
  4.54470E+06  2.57277E-08
  4.54510E+06  2.87737E-08
  4.54550E+06  3.19654E-08
  4.54590E+06  3.52743E-08
  4.54630E+06  3.86634E-08
  4.54670E+06  4.20928E-08
  4.54710E+06  4.55171E-08
  4.54750E+06  4.88856E-08
  4.54790E+06  5.21485E-08
  4.54830E+06  5.52500E-08
  4.54870E+06  5.81384E-08
  4.54910E+06  6.07626E-08
  4.54950E+06  6.30716E-08
  4.54990E+06  6.50239E-08
  4.55030E+06  6.65788E-08
  4.55070E+06  6.77071E-08
  4.55110E+06  6.83867E-08
  4.55150E+06  6.86019E-08
  4.55190E+06  6.83508E-08
  4.55230E+06  6.76371E-08
  4.55270E+06  6.64767E-08
  4.55310E+06  6.48939E-08
  4.55350E+06  6.29192E-08
  4.55390E+06  6.05930E-08
  4.55430E+06  5.79591E-08
  4.55470E+06  5.50671E-08
  4.55510E+06  5.19693E-08
  4.55550E+06  4.87184E-08
  4.55590E+06  4.53682E-08
  4.55630E+06  4.19696E-08
  4.55670E+06  3.85718E-08
  4.55710E+06  3.52199E-08
  4.55750E+06  3.19531E-08
  4.55790E+06  2.88077E-08
  4.55830E+06  2.58106E-08
  4.55870E+06  2.29857E-08
  4.55910E+06  2.03518E-08
  4.55950E+06  1.79169E-08
  4.55990E+06  1.56903E-08
  4.56030E+06  1.36703E-08
  4.56070E+06  1.18556E-08
  4.56110E+06  1.02408E-08
  4.56150E+06  8.81414E-09
  4.56190E+06  7.56685E-09
  4.56230E+06  6.48290E-09
  4.56270E+06  5.55047E-09
  4.56310E+06  4.75598E-09
  4.56350E+06  4.07696E-09
  4.56390E+06  3.51326E-09
  4.56430E+06  3.00319E-09
  4.56470E+06  2.62450E-09
  4.56510E+06  2.31424E-09
  4.56550E+06  1.96267E-09
  4.56590E+06  1.78379E-09
  4.56630E+06  1.47719E-09
  4.56670E+06  1.40377E-09
  4.56710E+06  1.34696E-09
  4.56750E+06  1.20846E-09
  4.56790E+06  1.20066E-09
  4.56830E+06  1.16032E-09
  4.56870E+06  1.17013E-09
  4.56910E+06  1.18145E-09
  4.56950E+06  1.18953E-09
  4.56990E+06  1.20437E-09
  4.57030E+06  1.21929E-09
  4.57070E+06  1.23494E-09
  4.57110E+06  1.25041E-09
  4.57150E+06  1.26496E-09
  4.57190E+06  1.27873E-09
  4.57230E+06  1.29029E-09
  4.57270E+06  1.30022E-09
  4.57310E+06  1.30778E-09
  4.57350E+06  1.31125E-09
  4.57390E+06  1.31523E-09
  4.57430E+06  1.31210E-09
  4.57470E+06  1.30541E-09
  4.57510E+06  1.32910E-09
  4.57550E+06  1.32354E-09
  4.57590E+06  1.43440E-09
  4.57630E+06  1.46124E-09
  4.57670E+06  1.49757E-09
  4.57710E+06  1.80420E-09
  4.57750E+06  1.94351E-09
  4.57790E+06  2.33189E-09
  4.57830E+06  2.61947E-09
  4.57870E+06  2.98054E-09
  4.57910E+06  3.53588E-09
  4.57950E+06  4.11398E-09
  4.57990E+06  4.83696E-09
  4.58030E+06  5.68713E-09
  4.58070E+06  6.70037E-09
  4.58110E+06  7.89676E-09
  4.58150E+06  9.29204E-09
  4.58190E+06  1.09072E-08
  4.58230E+06  1.27578E-08
  4.58270E+06  1.48602E-08
  4.58310E+06  1.72252E-08
  4.58350E+06  1.98604E-08
  4.58390E+06  2.27698E-08
  4.58430E+06  2.59501E-08
  4.58470E+06  2.93933E-08
  4.58510E+06  3.30832E-08
  4.58550E+06  3.69966E-08
  4.58590E+06  4.11030E-08
  4.58630E+06  4.53633E-08
  4.58670E+06  4.97322E-08
  4.58710E+06  5.41565E-08
  4.58750E+06  5.85764E-08
  4.58790E+06  6.29298E-08
  4.58830E+06  6.71469E-08
  4.58870E+06  7.11617E-08
  4.58910E+06  7.49031E-08
  4.58950E+06  7.83026E-08
  4.58990E+06  8.12994E-08
  4.59030E+06  8.38334E-08
  4.59070E+06  8.58571E-08
  4.59110E+06  8.73284E-08
  4.59150E+06  8.82164E-08
  4.59190E+06  8.85051E-08
  4.59230E+06  8.81859E-08
  4.59270E+06  8.72679E-08
  4.59310E+06  8.57683E-08
  4.59350E+06  8.37167E-08
  4.59390E+06  8.11554E-08
  4.59430E+06  7.81335E-08
  4.59470E+06  7.47092E-08
  4.59510E+06  7.09458E-08
  4.59550E+06  6.69104E-08
  4.59590E+06  6.26724E-08
  4.59630E+06  5.83006E-08
  4.59670E+06  5.38623E-08
  4.59710E+06  4.94209E-08
  4.59750E+06  4.50351E-08
  4.59790E+06  4.07573E-08
  4.59830E+06  3.66330E-08
  4.59870E+06  3.27005E-08
  4.59910E+06  2.89900E-08
  4.59950E+06  2.55244E-08
  4.59990E+06  2.23191E-08
  4.60030E+06  1.93825E-08
  4.60070E+06  1.67169E-08
  4.60110E+06  1.43191E-08
  4.60150E+06  1.21811E-08
  4.60190E+06  1.02913E-08
  4.60230E+06  8.63472E-09
  4.60270E+06  7.19542E-09
  4.60310E+06  5.95490E-09
  4.60350E+06  4.89174E-09
  4.60390E+06  3.99318E-09
  4.60430E+06  3.21065E-09
  4.60470E+06  2.58621E-09
  4.60510E+06  2.06886E-09
  4.60550E+06  1.55366E-09
  4.60590E+06  1.22861E-09
  4.60630E+06  7.66828E-10
  4.60670E+06  6.01805E-10
  4.60710E+06  4.68951E-10
  4.60750E+06  2.02830E-10
  4.60790E+06  1.57512E-10
  4.60830E+06  3.81860E-11
  4.60870E+06  2.96459E-11
  4.60910E+06  2.28493E-11
  4.60950E+06  2.26635E-12
  4.60990E+06  1.75107E-12
  4.61030E+06  3.72804E-14
  4.61070E+06  2.98163E-14
  4.61110E+06  2.36976E-14
  4.61150E+06  1.16558E-14
  4.61190E+06  9.34095E-15
  4.61230E+06  6.46446E-15
  4.61270E+06  5.14009E-15
  4.61310E+06  4.05869E-15
  4.61350E+06  2.52353E-15
  4.61390E+06  1.97891E-15
  4.61430E+06  1.00151E-15
  4.61470E+06  7.81092E-16
  4.61510E+06  6.04797E-16
  4.61550E+06  1.82470E-16
  4.61590E+06  1.40806E-16
  4.61630E+06  1.00000E-35
  4.61670E+06  1.00000E-35
  4.61710E+06  1.00000E-35
  4.61750E+06  1.00000E-35
  4.61790E+06  1.00000E-35
  4.61830E+06  1.00000E-35
  4.61870E+06  1.00000E-35
  4.61910E+06  1.00000E-35
  4.61950E+06  1.00000E-35
  4.61990E+06  1.00000E-35
  4.62030E+06  1.00000E-35
  4.62070E+06  1.00000E-35
  4.62110E+06  1.00000E-35
  4.62150E+06  1.00000E-35
  4.62190E+06  1.00000E-35
  4.62230E+06  1.00000E-35
  4.62270E+06  1.00000E-35
  4.62310E+06  1.00000E-35
  4.62350E+06  1.00000E-35
  4.62390E+06  1.00000E-35
  4.62430E+06  1.00000E-35
  4.62470E+06  1.00000E-35
  4.62510E+06  1.00000E-35
  4.62550E+06  1.00000E-35
  4.62590E+06  1.00000E-35
  4.62630E+06  1.00000E-35
  4.62670E+06  1.00000E-35
  4.62710E+06  1.00000E-35
  4.62750E+06  1.00000E-35
  4.62790E+06  1.00000E-35
  4.62830E+06  1.00000E-35
  4.62870E+06  1.00000E-35
  4.62910E+06  1.00000E-35
  4.62950E+06  1.00000E-35
  4.62990E+06  1.00000E-35
  4.63030E+06  1.00000E-35
  4.63070E+06  1.00000E-35
  4.63110E+06  1.00000E-35
  4.63150E+06  1.00000E-35
  4.63190E+06  1.00000E-35
  4.63230E+06  1.00000E-35
  4.63270E+06  1.00000E-35
  4.63310E+06  1.00000E-35
  4.63350E+06  1.00000E-35
  4.63390E+06  1.00000E-35
  4.63430E+06  1.00000E-35
  4.63470E+06  1.00000E-35
  4.63510E+06  1.00000E-35
  4.63550E+06  1.00000E-35
  4.63590E+06  1.00000E-35
  4.63630E+06  1.00000E-35
  4.63670E+06  1.00000E-35
  4.63710E+06  1.00000E-35
  4.63750E+06  1.00000E-35
  4.63790E+06  1.00000E-35
  4.63830E+06  1.00000E-35
  4.63870E+06  1.00000E-35
  4.63910E+06  1.00000E-35
  4.63950E+06  1.00000E-35
  4.63990E+06  1.00000E-35
  4.64030E+06  1.00000E-35
  4.64070E+06  1.00000E-35
  4.64110E+06  1.00000E-35
  4.64150E+06  1.00000E-35
  4.64190E+06  1.00000E-35
  4.64230E+06  1.00000E-35
  4.64270E+06  1.00000E-35
  4.64310E+06  1.00000E-35
  4.64350E+06  1.00000E-35
  4.64390E+06  1.00000E-35
  4.64430E+06  1.00000E-35
  4.64470E+06  1.00000E-35
  4.64510E+06  1.00000E-35
  4.64550E+06  1.00000E-35
  4.64590E+06  1.00000E-35
  4.64630E+06  1.00000E-35
  4.64670E+06  1.00000E-35
  4.64710E+06  1.00000E-35
  4.64750E+06  1.00000E-35
  4.64790E+06  1.00000E-35
  4.64830E+06  1.00000E-35
  4.64870E+06  1.00000E-35
  4.64910E+06  1.00000E-35
  4.64950E+06  1.00000E-35
  4.64990E+06  1.00000E-35
  4.65030E+06  1.00000E-35
  4.65070E+06  1.00000E-35
  4.65110E+06  1.00000E-35
  4.65150E+06  1.00000E-35
  4.65190E+06  1.00000E-35
  4.65230E+06  1.00000E-35
  4.65270E+06  1.00000E-35
  4.65310E+06  1.00000E-35
  4.65350E+06  1.00000E-35
  4.65390E+06  1.00000E-35
  4.65430E+06  1.00000E-35
  4.65470E+06  1.00000E-35
  4.65510E+06  1.00000E-35
  4.65550E+06  1.00000E-35
  4.65590E+06  1.00000E-35
  4.65630E+06  1.00000E-35
  4.65670E+06  1.00000E-35
  4.65710E+06  1.00000E-35
  4.65750E+06  1.00000E-35
  4.65790E+06  1.00000E-35
  4.65830E+06  1.00000E-35
  4.65870E+06  1.00000E-35
  4.65910E+06  1.00000E-35
  4.65950E+06  1.00000E-35
  4.65990E+06  1.00000E-35
  4.66030E+06  1.00000E-35
  4.66070E+06  1.00000E-35
  4.66110E+06  1.00000E-35
  4.66150E+06  1.00000E-35
  4.66190E+06  1.00000E-35
  4.66230E+06  1.00000E-35
  4.66270E+06  1.00000E-35
  4.66310E+06  1.00000E-35
  4.66350E+06  1.00000E-35
  4.66390E+06  1.00000E-35
  4.66430E+06  1.00000E-35
  4.66470E+06  1.00000E-35
  4.66510E+06  1.00000E-35
  4.66550E+06  1.00000E-35
  4.66590E+06  1.00000E-35
  4.66630E+06  1.00000E-35
  4.66670E+06  1.00000E-35
  4.66710E+06  1.00000E-35
  4.66750E+06  1.00000E-35
  4.66790E+06  1.00000E-35
  4.66830E+06  1.00000E-35
  4.66870E+06  1.00000E-35
  4.66910E+06  1.00000E-35
  4.66950E+06  1.00000E-35
  4.66990E+06  1.00000E-35
  4.67030E+06  1.00000E-35
  4.67070E+06  1.00000E-35
  4.67110E+06  1.00000E-35
  4.67150E+06  1.00000E-35
  4.67190E+06  1.00000E-35
  4.67230E+06  1.00000E-35
  4.67270E+06  1.00000E-35
  4.67310E+06  1.00000E-35
  4.67350E+06  1.00000E-35
  4.67390E+06  1.00000E-35
  4.67430E+06  1.00000E-35
  4.67470E+06  1.00000E-35
  4.67510E+06  1.00000E-35
  4.67550E+06  1.00000E-35
  4.67590E+06  1.00000E-35
  4.67630E+06  1.00000E-35
  4.67670E+06  1.00000E-35
  4.67710E+06  1.00000E-35
  4.67750E+06  1.00000E-35
  4.67790E+06  1.00000E-35
  4.67830E+06  1.00000E-35
  4.67870E+06  1.00000E-35
  4.67910E+06  1.00000E-35
  4.67950E+06  1.00000E-35
  4.67990E+06  1.00000E-35
  4.68030E+06  1.00000E-35
  4.68070E+06  1.00000E-35
  4.68110E+06  1.00000E-35
  4.68150E+06  1.00000E-35
  4.68190E+06  1.00000E-35
  4.68230E+06  1.00000E-35
  4.68270E+06  1.00000E-35
  4.68310E+06  1.00000E-35
  4.68350E+06  1.00000E-35
  4.68390E+06  1.00000E-35
  4.68430E+06  1.00000E-35
  4.68470E+06  1.00000E-35
  4.68510E+06  1.00000E-35
  4.68550E+06  1.00000E-35
  4.68590E+06  1.00000E-35
  4.68630E+06  1.00000E-35
  4.68670E+06  1.00000E-35
  4.68710E+06  1.00000E-35
  4.68750E+06  1.00000E-35
  4.68790E+06  1.00000E-35
  4.68830E+06  1.00000E-35
  4.68870E+06  1.00000E-35
  4.68910E+06  1.00000E-35
  4.68950E+06  1.00000E-35
  4.68990E+06  1.00000E-35
  4.69030E+06  1.00000E-35
  4.69070E+06  1.00000E-35
  4.69110E+06  1.00000E-35
  4.69150E+06  1.00000E-35
  4.69190E+06  1.00000E-35
  4.69230E+06  1.00000E-35
  4.69270E+06  1.00000E-35
  4.69310E+06  1.00000E-35
  4.69350E+06  1.00000E-35
  4.69390E+06  1.00000E-35
  4.69430E+06  1.00000E-35
  4.69470E+06  1.00000E-35
  4.69510E+06  1.00000E-35
  4.69550E+06  1.00000E-35
  4.69590E+06  1.00000E-35
  4.69630E+06  1.00000E-35
  4.69670E+06  1.00000E-35
  4.69710E+06  1.00000E-35
  4.69750E+06  1.00000E-35
  4.69790E+06  1.00000E-35
  4.69830E+06  1.00000E-35
  4.69870E+06  1.00000E-35
  4.69910E+06  1.00000E-35
  4.69950E+06  1.00000E-35
  4.69990E+06  1.00000E-35
  4.70030E+06  1.00000E-35
  4.70070E+06  1.00000E-35
  4.70110E+06  1.00000E-35
  4.70150E+06  1.00000E-35
  4.70190E+06  1.00000E-35
  4.70230E+06  1.00000E-35
  4.70270E+06  1.00000E-35
  4.70310E+06  1.00000E-35
  4.70350E+06  1.00000E-35
  4.70390E+06  1.00000E-35
  4.70430E+06  1.00000E-35
  4.70470E+06  1.00000E-35
  4.70510E+06  1.00000E-35
  4.70550E+06  1.00000E-35
  4.70590E+06  1.00000E-35
  4.70630E+06  1.00000E-35
  4.70670E+06  1.00000E-35
  4.70710E+06  1.00000E-35
  4.70750E+06  1.00000E-35
  4.70790E+06  1.00000E-35
  4.70830E+06  1.00000E-35
  4.70870E+06  1.00000E-35
  4.70910E+06  1.00000E-35
  4.70950E+06  1.00000E-35
  4.70990E+06  1.00000E-35
  4.71030E+06  1.00000E-35
  4.71070E+06  1.00000E-35
  4.71110E+06  1.00000E-35
  4.71150E+06  1.00000E-35
  4.71190E+06  1.00000E-35
  4.71230E+06  1.00000E-35
  4.71270E+06  1.00000E-35
  4.71310E+06  1.00000E-35
  4.71350E+06  1.00000E-35
  4.71390E+06  1.00000E-35
  4.71430E+06  1.00000E-35
  4.71470E+06  1.00000E-35
  4.71510E+06  1.00000E-35
  4.71550E+06  1.00000E-35
  4.71590E+06  1.00000E-35
  4.71630E+06  1.00000E-35
  4.71670E+06  1.00000E-35
  4.71710E+06  1.00000E-35
  4.71750E+06  1.00000E-35
  4.71790E+06  1.00000E-35
  4.71830E+06  1.00000E-35
  4.71870E+06  1.00000E-35
  4.71910E+06  1.00000E-35
  4.71950E+06  1.00000E-35
  4.71990E+06  1.00000E-35
  4.72030E+06  1.00000E-35
  4.72070E+06  1.00000E-35
  4.72110E+06  1.00000E-35
  4.72150E+06  1.00000E-35
  4.72190E+06  1.00000E-35
  4.72230E+06  1.00000E-35
  4.72270E+06  1.00000E-35
  4.72310E+06  1.00000E-35
  4.72350E+06  1.00000E-35
  4.72390E+06  1.00000E-35
  4.72430E+06  1.00000E-35
  4.72470E+06  1.00000E-35
  4.72510E+06  1.00000E-35
  4.72550E+06  1.00000E-35
  4.72590E+06  1.00000E-35
  4.72630E+06  1.00000E-35
  4.72670E+06  1.00000E-35
  4.72710E+06  1.00000E-35
  4.72750E+06  1.00000E-35
  4.72790E+06  1.00000E-35
  4.72830E+06  1.00000E-35
  4.72870E+06  1.00000E-35
  4.72910E+06  1.00000E-35
  4.72950E+06  1.00000E-35
  4.72990E+06  1.00000E-35
  4.73030E+06  1.00000E-35
  4.73070E+06  1.00000E-35
  4.73110E+06  1.00000E-35
  4.73150E+06  1.00000E-35
  4.73190E+06  1.00000E-35
  4.73230E+06  1.00000E-35
  4.73270E+06  1.00000E-35
  4.73310E+06  1.00000E-35
  4.73350E+06  1.00000E-35
  4.73390E+06  1.00000E-35
  4.73430E+06  1.00000E-35
  4.73470E+06  1.00000E-35
  4.73510E+06  1.00000E-35
  4.73550E+06  1.00000E-35
  4.73590E+06  1.00000E-35
  4.73630E+06  1.00000E-35
  4.73670E+06  1.00000E-35
  4.73710E+06  1.00000E-35
  4.73750E+06  1.00000E-35
  4.73790E+06  1.00000E-35
  4.73830E+06  1.00000E-35
  4.73870E+06  1.00000E-35
  4.73910E+06  1.00000E-35
  4.73950E+06  1.00000E-35
  4.73990E+06  1.00000E-35
  4.74030E+06  1.00000E-35
  4.74070E+06  1.00000E-35
  4.74110E+06  1.00000E-35
  4.74150E+06  1.00000E-35
  4.74190E+06  1.00000E-35
  4.74230E+06  1.00000E-35
  4.74270E+06  1.00000E-35
  4.74310E+06  1.00000E-35
  4.74350E+06  1.00000E-35
