  3.70070E+06  4.51037E-12
  3.70110E+06  4.70225E-12
  3.70150E+06  4.83569E-12
  3.70190E+06  4.94486E-12
  3.70230E+06  5.02871E-12
  3.70270E+06  5.08681E-12
  3.70310E+06  5.13498E-12
  3.70350E+06  5.14760E-12
  3.70390E+06  5.13842E-12
  3.70430E+06  5.10993E-12
  3.70470E+06  5.06526E-12
  3.70510E+06  5.02368E-12
  3.70550E+06  4.96280E-12
  3.70590E+06  4.89925E-12
  3.70630E+06  4.83797E-12
  3.70670E+06  4.78396E-12
  3.70710E+06  4.74217E-12
  3.70750E+06  4.71729E-12
  3.70790E+06  4.71358E-12
  3.70830E+06  4.73477E-12
  3.70870E+06  4.78382E-12
  3.70910E+06  4.86291E-12
  3.70950E+06  4.97323E-12
  3.70990E+06  5.11497E-12
  3.71030E+06  5.28724E-12
  3.71070E+06  5.48810E-12
  3.71110E+06  5.71454E-12
  3.71150E+06  5.96257E-12
  3.71190E+06  6.22733E-12
  3.71230E+06  6.50317E-12
  3.71270E+06  6.78386E-12
  3.71310E+06  7.06273E-12
  3.71350E+06  7.33291E-12
  3.71390E+06  7.58747E-12
  3.71430E+06  7.81969E-12
  3.71470E+06  8.02324E-12
  3.71510E+06  8.19236E-12
  3.71550E+06  8.31164E-12
  3.71590E+06  8.41398E-12
  3.71630E+06  8.45958E-12
  3.71670E+06  8.45711E-12
  3.71710E+06  8.42155E-12
  3.71750E+06  8.32693E-12
  3.71790E+06  8.20069E-12
  3.71830E+06  8.01066E-12
  3.71870E+06  7.79805E-12
  3.71910E+06  7.56799E-12
  3.71950E+06  7.28937E-12
  3.71990E+06  7.01769E-12
  3.72030E+06  6.72325E-12
  3.72070E+06  6.42394E-12
  3.72110E+06  6.14290E-12
  3.72150E+06  5.86101E-12
  3.72190E+06  5.59751E-12
  3.72230E+06  5.35931E-12
  3.72270E+06  5.15272E-12
  3.72310E+06  4.98335E-12
  3.72350E+06  4.85600E-12
  3.72390E+06  4.77453E-12
  3.72430E+06  4.74180E-12
  3.72470E+06  4.75960E-12
  3.72510E+06  4.82862E-12
  3.72550E+06  4.94838E-12
  3.72590E+06  5.11730E-12
  3.72630E+06  5.33265E-12
  3.72670E+06  5.59063E-12
  3.72710E+06  5.88642E-12
  3.72750E+06  6.21425E-12
  3.72790E+06  6.58119E-12
  3.72830E+06  6.95677E-12
  3.72870E+06  7.34377E-12
  3.72910E+06  7.73421E-12
  3.72950E+06  8.11992E-12
  3.72990E+06  8.49280E-12
  3.73030E+06  8.80915E-12
  3.73070E+06  9.14166E-12
  3.73110E+06  9.45277E-12
  3.73150E+06  9.71022E-12
  3.73190E+06  9.93497E-12
  3.73230E+06  1.00883E-11
  3.73270E+06  1.02050E-11
  3.73310E+06  1.02688E-11
  3.73350E+06  1.02798E-11
  3.73390E+06  1.02398E-11
  3.73430E+06  1.01395E-11
  3.73470E+06  1.00095E-11
  3.73510E+06  9.83902E-12
  3.73550E+06  9.63385E-12
  3.73590E+06  9.40018E-12
  3.73630E+06  9.14462E-12
  3.73670E+06  8.87392E-12
  3.73710E+06  8.61032E-12
  3.73750E+06  8.33369E-12
  3.73790E+06  8.06207E-12
  3.73830E+06  7.80099E-12
  3.73870E+06  7.55517E-12
  3.73910E+06  7.32848E-12
  3.73950E+06  7.12383E-12
  3.73990E+06  6.94313E-12
  3.74030E+06  6.78729E-12
  3.74070E+06  6.65627E-12
  3.74110E+06  6.56470E-12
  3.74150E+06  6.48428E-12
  3.74190E+06  6.42470E-12
  3.74230E+06  6.38322E-12
  3.74270E+06  6.35670E-12
  3.74310E+06  6.34179E-12
  3.74350E+06  6.33501E-12
  3.74390E+06  6.33298E-12
  3.74430E+06  6.33245E-12
  3.74470E+06  6.33048E-12
  3.74510E+06  6.32446E-12
  3.74550E+06  6.30181E-12
  3.74590E+06  6.28415E-12
  3.74630E+06  6.24475E-12
  3.74670E+06  6.20963E-12
  3.74710E+06  6.16305E-12
  3.74750E+06  6.09475E-12
  3.74790E+06  6.02850E-12
  3.74830E+06  5.93953E-12
  3.74870E+06  5.85543E-12
  3.74910E+06  5.76176E-12
  3.74950E+06  5.64917E-12
  3.74990E+06  5.54201E-12
  3.75030E+06  5.41574E-12
  3.75070E+06  5.29794E-12
  3.75110E+06  5.17386E-12
  3.75150E+06  5.04416E-12
  3.75190E+06  4.90928E-12
  3.75230E+06  4.76953E-12
  3.75270E+06  4.62505E-12
  3.75310E+06  4.47592E-12
  3.75350E+06  4.32218E-12
  3.75390E+06  4.16385E-12
  3.75430E+06  4.00099E-12
  3.75470E+06  3.83373E-12
  3.75510E+06  3.66232E-12
  3.75550E+06  3.48711E-12
  3.75590E+06  3.30861E-12
  3.75630E+06  3.12746E-12
  3.75670E+06  2.94442E-12
  3.75710E+06  2.76041E-12
  3.75750E+06  2.56600E-12
  3.75790E+06  2.39929E-12
  3.75830E+06  2.22470E-12
  3.75870E+06  2.05410E-12
  3.75910E+06  1.88892E-12
  3.75950E+06  1.73057E-12
  3.75990E+06  1.58037E-12
  3.76030E+06  1.42764E-12
  3.76070E+06  1.30023E-12
  3.76110E+06  1.19929E-12
  3.76150E+06  1.08887E-12
  3.76190E+06  1.00527E-12
  3.76230E+06  9.35858E-13
  3.76270E+06  8.81489E-13
  3.76310E+06  8.58413E-13
  3.76350E+06  8.40607E-13
  3.76390E+06  8.67844E-13
  3.76430E+06  8.94179E-13
  3.76470E+06  9.41111E-13
  3.76510E+06  1.00923E-12
  3.76550E+06  1.09905E-12
  3.76590E+06  1.22461E-12
  3.76630E+06  1.35108E-12
  3.76670E+06  1.51594E-12
  3.76710E+06  1.71957E-12
  3.76750E+06  1.93558E-12
  3.76790E+06  2.17611E-12
  3.76830E+06  2.44111E-12
  3.76870E+06  2.73031E-12
  3.76910E+06  3.04318E-12
  3.76950E+06  3.37889E-12
  3.76990E+06  3.73627E-12
  3.77030E+06  4.10186E-12
  3.77070E+06  4.50050E-12
  3.77110E+06  4.91447E-12
  3.77150E+06  5.34119E-12
  3.77190E+06  5.77765E-12
  3.77230E+06  6.22043E-12
  3.77270E+06  6.66570E-12
  3.77310E+06  7.12483E-12
  3.77350E+06  7.56674E-12
  3.77390E+06  7.99874E-12
  3.77430E+06  8.41608E-12
  3.77470E+06  8.81387E-12
  3.77510E+06  9.20284E-12
  3.77550E+06  9.55170E-12
  3.77590E+06  9.86806E-12
  3.77630E+06  1.01479E-11
  3.77670E+06  1.03878E-11
  3.77710E+06  1.06004E-11
  3.77750E+06  1.07568E-11
  3.77790E+06  1.08814E-11
  3.77830E+06  1.09504E-11
  3.77870E+06  1.09749E-11
  3.77910E+06  1.09564E-11
  3.77950E+06  1.08971E-11
  3.77990E+06  1.08140E-11
  3.78030E+06  1.06878E-11
  3.78070E+06  1.05337E-11
  3.78110E+06  1.03726E-11
  3.78150E+06  1.01837E-11
  3.78190E+06  9.98493E-12
  3.78230E+06  9.78254E-12
  3.78270E+06  9.58256E-12
  3.78310E+06  9.39074E-12
  3.78350E+06  9.21234E-12
  3.78390E+06  9.07932E-12
  3.78430E+06  8.94918E-12
  3.78470E+06  8.84616E-12
  3.78510E+06  8.77277E-12
  3.78550E+06  8.73060E-12
  3.78590E+06  8.73393E-12
  3.78630E+06  8.75929E-12
  3.78670E+06  8.81609E-12
  3.78710E+06  8.91814E-12
  3.78750E+06  9.02600E-12
  3.78790E+06  9.17208E-12
  3.78830E+06  9.33954E-12
  3.78870E+06  9.52480E-12
  3.78910E+06  9.73965E-12
  3.78950E+06  9.95363E-12
  3.78990E+06  1.01749E-11
  3.79030E+06  1.03880E-11
  3.79070E+06  1.06160E-11
  3.79110E+06  1.08404E-11
  3.79150E+06  1.10582E-11
  3.79190E+06  1.12807E-11
  3.79230E+06  1.14704E-11
  3.79270E+06  1.16626E-11
  3.79310E+06  1.18404E-11
  3.79350E+06  1.19817E-11
  3.79390E+06  1.21459E-11
  3.79430E+06  1.22821E-11
  3.79470E+06  1.24002E-11
  3.79510E+06  1.25001E-11
  3.79550E+06  1.25711E-11
  3.79590E+06  1.26500E-11
  3.79630E+06  1.26880E-11
  3.79670E+06  1.27222E-11
  3.79710E+06  1.27372E-11
  3.79750E+06  1.27334E-11
  3.79790E+06  1.27108E-11
  3.79830E+06  1.26698E-11
  3.79870E+06  1.26106E-11
  3.79910E+06  1.25336E-11
  3.79950E+06  1.24392E-11
  3.79990E+06  1.23417E-11
  3.80030E+06  1.22185E-11
  3.80070E+06  1.20811E-11
  3.80110E+06  1.19462E-11
  3.80150E+06  1.17885E-11
  3.80190E+06  1.16216E-11
  3.80230E+06  1.14350E-11
  3.80270E+06  1.12572E-11
  3.80310E+06  1.10744E-11
  3.80350E+06  1.08886E-11
  3.80390E+06  1.07149E-11
  3.80430E+06  1.05198E-11
  3.80470E+06  1.03420E-11
  3.80510E+06  1.01985E-11
  3.80550E+06  1.00376E-11
  3.80590E+06  9.88465E-12
  3.80630E+06  9.72897E-12
  3.80670E+06  9.59845E-12
  3.80710E+06  9.47862E-12
  3.80750E+06  9.36000E-12
  3.80790E+06  9.26669E-12
  3.80830E+06  9.18577E-12
  3.80870E+06  9.11779E-12
  3.80910E+06  9.06311E-12
  3.80950E+06  9.01145E-12
  3.80990E+06  8.98610E-12
  3.81030E+06  8.96135E-12
  3.81070E+06  8.96352E-12
  3.81110E+06  8.99206E-12
  3.81150E+06  9.01954E-12
  3.81190E+06  9.05685E-12
  3.81230E+06  9.10267E-12
  3.81270E+06  9.15530E-12
  3.81310E+06  9.21276E-12
  3.81350E+06  9.25193E-12
  3.81390E+06  9.35791E-12
  3.81430E+06  9.43138E-12
  3.81470E+06  9.50149E-12
  3.81510E+06  9.56612E-12
  3.81550E+06  9.61280E-12
  3.81590E+06  9.66296E-12
  3.81630E+06  9.68948E-12
  3.81670E+06  9.71784E-12
  3.81710E+06  9.73173E-12
  3.81750E+06  9.73083E-12
  3.81790E+06  9.74254E-12
  3.81830E+06  9.70913E-12
  3.81870E+06  9.67957E-12
  3.81910E+06  9.64033E-12
  3.81950E+06  9.59387E-12
  3.81990E+06  9.54296E-12
  3.82030E+06  9.49060E-12
  3.82070E+06  9.43987E-12
  3.82110E+06  9.39383E-12
  3.82150E+06  9.34499E-12
  3.82190E+06  9.33293E-12
  3.82230E+06  9.32310E-12
  3.82270E+06  9.32782E-12
  3.82310E+06  9.36392E-12
  3.82350E+06  9.39499E-12
  3.82390E+06  9.45628E-12
  3.82430E+06  9.53356E-12
  3.82470E+06  9.62547E-12
  3.82510E+06  9.73001E-12
  3.82550E+06  9.83414E-12
  3.82590E+06  9.97174E-12
  3.82630E+06  1.01026E-11
  3.82670E+06  1.02338E-11
  3.82710E+06  1.03616E-11
  3.82750E+06  1.04827E-11
  3.82790E+06  1.05936E-11
  3.82830E+06  1.06913E-11
  3.82870E+06  1.07732E-11
  3.82910E+06  1.08368E-11
  3.82950E+06  1.08701E-11
  3.82990E+06  1.08952E-11
  3.83030E+06  1.08856E-11
  3.83070E+06  1.08681E-11
  3.83110E+06  1.08430E-11
  3.83150E+06  1.07844E-11
  3.83190E+06  1.07189E-11
  3.83230E+06  1.06249E-11
  3.83270E+06  1.05143E-11
  3.83310E+06  1.04202E-11
  3.83350E+06  1.02809E-11
  3.83390E+06  1.01594E-11
  3.83430E+06  9.99751E-12
  3.83470E+06  9.86153E-12
  3.83510E+06  9.73873E-12
  3.83550E+06  9.60525E-12
  3.83590E+06  9.48949E-12
  3.83630E+06  9.37101E-12
  3.83670E+06  9.26310E-12
  3.83710E+06  9.16859E-12
  3.83750E+06  9.09025E-12
  3.83790E+06  9.03078E-12
  3.83830E+06  8.99272E-12
  3.83870E+06  8.97845E-12
  3.83910E+06  8.99006E-12
  3.83950E+06  9.02932E-12
  3.83990E+06  9.09754E-12
  3.84030E+06  9.18359E-12
  3.84070E+06  9.31433E-12
  3.84110E+06  9.48933E-12
  3.84150E+06  9.68079E-12
  3.84190E+06  9.91233E-12
  3.84230E+06  1.01579E-11
  3.84270E+06  1.04246E-11
  3.84310E+06  1.07078E-11
  3.84350E+06  1.09714E-11
  3.84390E+06  1.12934E-11
  3.84430E+06  1.16037E-11
  3.84470E+06  1.19068E-11
  3.84510E+06  1.22121E-11
  3.84550E+06  1.24868E-11
  3.84590E+06  1.27643E-11
  3.84630E+06  1.29932E-11
  3.84670E+06  1.31898E-11
  3.84710E+06  1.33510E-11
  3.84750E+06  1.34537E-11
  3.84790E+06  1.35569E-11
  3.84830E+06  1.36107E-11
  3.84870E+06  1.36269E-11
  3.84910E+06  1.36083E-11
  3.84950E+06  1.35586E-11
  3.84990E+06  1.34824E-11
  3.85030E+06  1.33850E-11
  3.85070E+06  1.32719E-11
  3.85110E+06  1.31648E-11
  3.85150E+06  1.30325E-11
  3.85190E+06  1.29296E-11
  3.85230E+06  1.28129E-11
  3.85270E+06  1.27243E-11
  3.85310E+06  1.26523E-11
  3.85350E+06  1.26001E-11
  3.85390E+06  1.25968E-11
  3.85430E+06  1.25968E-11
  3.85470E+06  1.26210E-11
  3.85510E+06  1.26993E-11
  3.85550E+06  1.27662E-11
  3.85590E+06  1.28663E-11
  3.85630E+06  1.29830E-11
  3.85670E+06  1.31128E-11
  3.85710E+06  1.32675E-11
  3.85750E+06  1.34165E-11
  3.85790E+06  1.35683E-11
  3.85830E+06  1.37194E-11
  3.85870E+06  1.38669E-11
  3.85910E+06  1.40081E-11
  3.85950E+06  1.41413E-11
  3.85990E+06  1.42648E-11
  3.86030E+06  1.43658E-11
  3.86070E+06  1.44707E-11
  3.86110E+06  1.45641E-11
  3.86150E+06  1.46357E-11
  3.86190E+06  1.47095E-11
  3.86230E+06  1.47487E-11
  3.86270E+06  1.48070E-11
  3.86310E+06  1.48695E-11
  3.86350E+06  1.48992E-11
  3.86390E+06  1.49584E-11
  3.86430E+06  1.49745E-11
  3.86470E+06  1.49942E-11
  3.86510E+06  1.50008E-11
  3.86550E+06  1.49823E-11
  3.86590E+06  1.49602E-11
  3.86630E+06  1.49189E-11
  3.86670E+06  1.48564E-11
  3.86710E+06  1.47707E-11
  3.86750E+06  1.46601E-11
  3.86790E+06  1.45233E-11
  3.86830E+06  1.43595E-11
  3.86870E+06  1.41685E-11
  3.86910E+06  1.39819E-11
  3.86950E+06  1.37477E-11
  3.86990E+06  1.34922E-11
  3.87030E+06  1.32062E-11
  3.87070E+06  1.29202E-11
  3.87110E+06  1.26226E-11
  3.87150E+06  1.23077E-11
  3.87190E+06  1.20034E-11
  3.87230E+06  1.17008E-11
  3.87270E+06  1.14044E-11
  3.87310E+06  1.11339E-11
  3.87350E+06  1.08559E-11
  3.87390E+06  1.06224E-11
  3.87430E+06  1.03870E-11
  3.87470E+06  1.01888E-11
  3.87510E+06  1.00134E-11
  3.87550E+06  9.84020E-12
  3.87590E+06  9.72918E-12
  3.87630E+06  9.62903E-12
  3.87670E+06  9.54885E-12
  3.87710E+06  9.51803E-12
  3.87750E+06  9.47093E-12
  3.87790E+06  9.45283E-12
  3.87830E+06  9.44823E-12
  3.87870E+06  9.45533E-12
  3.87910E+06  9.47246E-12
  3.87950E+06  9.49812E-12
  3.87990E+06  9.53109E-12
  3.88030E+06  9.55846E-12
  3.88070E+06  9.60624E-12
  3.88110E+06  9.65851E-12
  3.88150E+06  9.70462E-12
  3.88190E+06  9.78143E-12
  3.88230E+06  9.85210E-12
  3.88270E+06  9.92713E-12
  3.88310E+06  1.00064E-11
  3.88350E+06  1.00690E-11
  3.88390E+06  1.01608E-11
  3.88430E+06  1.02303E-11
  3.88470E+06  1.03298E-11
  3.88510E+06  1.04270E-11
  3.88550E+06  1.05205E-11
  3.88590E+06  1.06219E-11
  3.88630E+06  1.06937E-11
  3.88670E+06  1.07708E-11
  3.88710E+06  1.08350E-11
  3.88750E+06  1.08840E-11
  3.88790E+06  1.09152E-11
  3.88830E+06  1.09261E-11
  3.88870E+06  1.09148E-11
  3.88910E+06  1.08792E-11
  3.88950E+06  1.08180E-11
  3.88990E+06  1.07301E-11
  3.89030E+06  1.06152E-11
  3.89070E+06  1.04733E-11
  3.89110E+06  1.03050E-11
  3.89150E+06  1.01116E-11
  3.89190E+06  9.89462E-12
  3.89230E+06  9.64425E-12
  3.89270E+06  9.38963E-12
  3.89310E+06  9.13361E-12
  3.89350E+06  8.83181E-12
  3.89390E+06  8.54612E-12
  3.89430E+06  8.25275E-12
  3.89470E+06  7.95505E-12
  3.89510E+06  7.65616E-12
  3.89550E+06  7.35892E-12
  3.89590E+06  7.07951E-12
  3.89630E+06  6.79690E-12
  3.89670E+06  6.52352E-12
  3.89710E+06  6.26104E-12
  3.89750E+06  6.01080E-12
  3.89790E+06  5.77384E-12
  3.89830E+06  5.52710E-12
  3.89870E+06  5.32459E-12
  3.89910E+06  5.13584E-12
  3.89950E+06  4.96134E-12
  3.89990E+06  4.80139E-12
  3.90030E+06  4.65616E-12
  3.90070E+06  4.52571E-12
  3.90110E+06  4.40995E-12
  3.90150E+06  4.30868E-12
  3.90190E+06  4.23523E-12
  3.90230E+06  4.15402E-12
  3.90270E+06  4.10175E-12
  3.90310E+06  4.06243E-12
  3.90350E+06  4.02504E-12
  3.90390E+06  4.03942E-12
  3.90430E+06  4.04468E-12
  3.90470E+06  4.06098E-12
  3.90510E+06  4.08749E-12
  3.90550E+06  4.11288E-12
  3.90590E+06  4.15951E-12
  3.90630E+06  4.18897E-12
  3.90670E+06  4.25383E-12
  3.90710E+06  4.32235E-12
  3.90750E+06  4.39403E-12
  3.90790E+06  4.46839E-12
  3.90830E+06  4.54505E-12
  3.90870E+06  4.62372E-12
  3.90910E+06  4.70426E-12
  3.90950E+06  4.78661E-12
  3.90990E+06  4.88443E-12
  3.91030E+06  4.97458E-12
  3.91070E+06  5.06772E-12
  3.91110E+06  5.16404E-12
  3.91150E+06  5.25322E-12
  3.91190E+06  5.37217E-12
  3.91230E+06  5.48395E-12
  3.91270E+06  5.59873E-12
  3.91310E+06  5.73160E-12
  3.91350E+06  5.85523E-12
  3.91390E+06  5.98068E-12
  3.91430E+06  6.10684E-12
  3.91470E+06  6.23242E-12
  3.91510E+06  6.35599E-12
  3.91550E+06  6.46559E-12
  3.91590E+06  6.58307E-12
  3.91630E+06  6.69345E-12
  3.91670E+06  6.79552E-12
  3.91710E+06  6.88824E-12
  3.91750E+06  6.97075E-12
  3.91790E+06  7.04247E-12
  3.91830E+06  7.10309E-12
  3.91870E+06  7.15259E-12
  3.91910E+06  7.19114E-12
  3.91950E+06  7.21909E-12
  3.91990E+06  7.23695E-12
  3.92030E+06  7.24529E-12
  3.92070E+06  7.24468E-12
  3.92110E+06  7.25116E-12
  3.92150E+06  7.23852E-12
  3.92190E+06  7.21903E-12
  3.92230E+06  7.18086E-12
  3.92270E+06  7.15064E-12
  3.92310E+06  7.11259E-12
  3.92350E+06  7.06628E-12
  3.92390E+06  7.01112E-12
  3.92430E+06  6.94634E-12
  3.92470E+06  6.87118E-12
  3.92510E+06  6.78484E-12
  3.92550E+06  6.67623E-12
  3.92590E+06  6.56819E-12
  3.92630E+06  6.44696E-12
  3.92670E+06  6.31270E-12
  3.92710E+06  6.16587E-12
  3.92750E+06  6.00726E-12
  3.92790E+06  5.83795E-12
  3.92830E+06  5.65935E-12
  3.92870E+06  5.47308E-12
  3.92910E+06  5.28098E-12
  3.92950E+06  5.08497E-12
  3.92990E+06  4.90067E-12
  3.93030E+06  4.70680E-12
  3.93070E+06  4.51577E-12
  3.93110E+06  4.34496E-12
  3.93150E+06  4.15902E-12
  3.93190E+06  3.99475E-12
  3.93230E+06  3.83995E-12
  3.93270E+06  3.69575E-12
  3.93310E+06  3.56301E-12
  3.93350E+06  3.42153E-12
  3.93390E+06  3.33204E-12
  3.93430E+06  3.24457E-12
  3.93470E+06  3.17005E-12
  3.93510E+06  3.10887E-12
  3.93550E+06  3.06141E-12
  3.93590E+06  3.02796E-12
  3.93630E+06  3.00883E-12
  3.93670E+06  3.00430E-12
  3.93710E+06  3.01462E-12
  3.93750E+06  3.04004E-12
  3.93790E+06  3.08067E-12
  3.93830E+06  3.13654E-12
  3.93870E+06  3.20745E-12
  3.93910E+06  3.29300E-12
  3.93950E+06  3.38208E-12
  3.93990E+06  3.49702E-12
  3.94030E+06  3.62293E-12
  3.94070E+06  3.75815E-12
  3.94110E+06  3.90065E-12
  3.94150E+06  4.03760E-12
  3.94190E+06  4.18958E-12
  3.94230E+06  4.32813E-12
  3.94270E+06  4.47684E-12
  3.94310E+06  4.61701E-12
  3.94350E+06  4.74546E-12
  3.94390E+06  4.87270E-12
  3.94430E+06  4.97255E-12
  3.94470E+06  5.05288E-12
  3.94510E+06  5.11154E-12
  3.94550E+06  5.14684E-12
  3.94590E+06  5.17126E-12
  3.94630E+06  5.16102E-12
  3.94670E+06  5.12677E-12
  3.94710E+06  5.06938E-12
  3.94750E+06  4.99032E-12
  3.94790E+06  4.89168E-12
  3.94830E+06  4.77607E-12
  3.94870E+06  4.64655E-12
  3.94910E+06  4.50651E-12
  3.94950E+06  4.35961E-12
  3.94990E+06  4.20962E-12
  3.95030E+06  4.04841E-12
  3.95070E+06  3.90639E-12
  3.95110E+06  3.77160E-12
  3.95150E+06  3.64731E-12
  3.95190E+06  3.53632E-12
  3.95230E+06  3.44091E-12
  3.95270E+06  3.36277E-12
  3.95310E+06  3.30295E-12
  3.95350E+06  3.26183E-12
  3.95390E+06  3.23914E-12
  3.95430E+06  3.23394E-12
  3.95470E+06  3.24472E-12
  3.95510E+06  3.30052E-12
  3.95550E+06  3.34573E-12
  3.95590E+06  3.42898E-12
  3.95630E+06  3.50115E-12
  3.95670E+06  3.58063E-12
  3.95710E+06  3.78963E-12
  3.95750E+06  3.91365E-12
  3.95790E+06  4.11612E-12
  3.95830E+06  4.28153E-12
  3.95870E+06  4.46407E-12
  3.95910E+06  4.66675E-12
  3.95950E+06  4.88313E-12
  3.95990E+06  5.14142E-12
  3.96030E+06  5.42193E-12
  3.96070E+06  5.75794E-12
  3.96110E+06  6.14107E-12
  3.96150E+06  6.57878E-12
  3.96190E+06  7.07847E-12
  3.96230E+06  7.64722E-12
  3.96270E+06  8.29136E-12
  3.96310E+06  9.01617E-12
  3.96350E+06  9.81503E-12
  3.96390E+06  1.07132E-11
  3.96430E+06  1.16971E-11
  3.96470E+06  1.27639E-11
  3.96510E+06  1.39397E-11
  3.96550E+06  1.51630E-11
  3.96590E+06  1.64470E-11
  3.96630E+06  1.77783E-11
  3.96670E+06  1.91406E-11
  3.96710E+06  2.05154E-11
  3.96750E+06  2.18823E-11
  3.96790E+06  2.32331E-11
  3.96830E+06  2.45217E-11
  3.96870E+06  2.57358E-11
  3.96910E+06  2.68530E-11
  3.96950E+06  2.78523E-11
  3.96990E+06  2.87282E-11
  3.97030E+06  2.94408E-11
  3.97070E+06  2.99871E-11
  3.97110E+06  3.03729E-11
  3.97150E+06  3.05659E-11
  3.97190E+06  3.05902E-11
  3.97230E+06  3.04250E-11
  3.97270E+06  3.00877E-11
  3.97310E+06  2.96045E-11
  3.97350E+06  2.89524E-11
  3.97390E+06  2.81838E-11
  3.97430E+06  2.73046E-11
  3.97470E+06  2.63361E-11
  3.97510E+06  2.53158E-11
  3.97550E+06  2.42290E-11
  3.97590E+06  2.31465E-11
  3.97630E+06  2.20526E-11
  3.97670E+06  2.09771E-11
  3.97710E+06  1.99376E-11
  3.97750E+06  1.89491E-11
  3.97790E+06  1.80239E-11
  3.97830E+06  1.71717E-11
  3.97870E+06  1.63992E-11
  3.97910E+06  1.57105E-11
  3.97950E+06  1.51069E-11
  3.97990E+06  1.45876E-11
  3.98030E+06  1.41494E-11
  3.98070E+06  1.37873E-11
  3.98110E+06  1.34950E-11
  3.98150E+06  1.32649E-11
  3.98190E+06  1.30883E-11
  3.98230E+06  1.29563E-11
  3.98270E+06  1.28595E-11
  3.98310E+06  1.27886E-11
  3.98350E+06  1.27342E-11
  3.98390E+06  1.27148E-11
  3.98430E+06  1.26518E-11
  3.98470E+06  1.26125E-11
  3.98510E+06  1.25749E-11
  3.98550E+06  1.24867E-11
  3.98590E+06  1.24023E-11
  3.98630E+06  1.21963E-11
  3.98670E+06  1.20808E-11
  3.98710E+06  1.19315E-11
  3.98750E+06  1.16978E-11
  3.98790E+06  1.15120E-11
  3.98830E+06  1.12864E-11
  3.98870E+06  1.10353E-11
  3.98910E+06  1.07637E-11
  3.98950E+06  1.04766E-11
  3.98990E+06  1.01795E-11
  3.99030E+06  9.87798E-12
  3.99070E+06  9.57758E-12
  3.99110E+06  9.51741E-12
  3.99150E+06  9.30451E-12
  3.99190E+06  9.65778E-12
  3.99230E+06  9.68066E-12
  3.99270E+06  9.79428E-12
  3.99310E+06  1.18989E-11
  3.99350E+06  1.27998E-11
  3.99390E+06  1.59477E-11
  3.99430E+06  1.80270E-11
  3.99470E+06  2.06698E-11
  3.99510E+06  2.51943E-11
  3.99550E+06  2.95470E-11
  3.99590E+06  3.51694E-11
  3.99630E+06  4.15882E-11
  3.99670E+06  4.92158E-11
  3.99710E+06  5.82619E-11
  3.99750E+06  6.87599E-11
  3.99790E+06  8.09303E-11
  3.99830E+06  9.49031E-11
  3.99870E+06  1.10811E-10
  3.99910E+06  1.28799E-10
  3.99950E+06  1.48894E-10
  3.99990E+06  1.71216E-10
  4.00030E+06  1.95738E-10
  4.00070E+06  2.22472E-10
  4.00110E+06  2.51344E-10
  4.00150E+06  2.82184E-10
  4.00190E+06  3.14835E-10
  4.00230E+06  3.49018E-10
  4.00270E+06  3.84440E-10
  4.00310E+06  4.20723E-10
  4.00350E+06  4.57405E-10
  4.00390E+06  4.94015E-10
  4.00430E+06  5.30016E-10
  4.00470E+06  5.64882E-10
  4.00510E+06  5.98062E-10
  4.00550E+06  6.28925E-10
  4.00590E+06  6.57036E-10
  4.00630E+06  6.81747E-10
  4.00670E+06  7.02643E-10
  4.00710E+06  7.19317E-10
  4.00750E+06  7.31441E-10
  4.00790E+06  7.38789E-10
  4.00830E+06  7.41192E-10
  4.00870E+06  7.38616E-10
  4.00910E+06  7.31136E-10
  4.00950E+06  7.18884E-10
  4.00990E+06  7.02165E-10
  4.01030E+06  6.81252E-10
  4.01070E+06  6.56590E-10
  4.01110E+06  6.28689E-10
  4.01150E+06  5.98020E-10
  4.01190E+06  5.65161E-10
  4.01230E+06  5.30681E-10
  4.01270E+06  4.95147E-10
  4.01310E+06  4.59110E-10
  4.01350E+06  4.23068E-10
  4.01390E+06  3.87547E-10
  4.01430E+06  3.52935E-10
  4.01470E+06  3.19628E-10
  4.01510E+06  2.87949E-10
  4.01550E+06  2.58090E-10
  4.01590E+06  2.30282E-10
  4.01630E+06  2.04597E-10
  4.01670E+06  1.81119E-10
  4.01710E+06  1.59860E-10
  4.01750E+06  1.40774E-10
  4.01790E+06  1.23824E-10
  4.01830E+06  1.08872E-10
  4.01870E+06  9.58001E-11
  4.01910E+06  8.44634E-11
  4.01950E+06  7.47075E-11
  4.01990E+06  6.63725E-11
  4.02030E+06  5.91198E-11
  4.02070E+06  5.31946E-11
  4.02110E+06  4.82327E-11
  4.02150E+06  4.36649E-11
  4.02190E+06  4.02885E-11
  4.02230E+06  3.60203E-11
  4.02270E+06  3.39973E-11
  4.02310E+06  3.22696E-11
  4.02350E+06  2.92806E-11
  4.02390E+06  2.83438E-11
  4.02430E+06  2.65073E-11
  4.02470E+06  2.59182E-11
  4.02510E+06  2.53134E-11
  4.02550E+06  2.44219E-11
  4.02590E+06  2.38512E-11
  4.02630E+06  2.32035E-11
  4.02670E+06  2.25901E-11
  4.02710E+06  2.19691E-11
  4.02750E+06  2.13184E-11
  4.02790E+06  2.06539E-11
  4.02830E+06  1.99553E-11
  4.02870E+06  1.92790E-11
  4.02910E+06  1.85968E-11
  4.02950E+06  1.79008E-11
  4.02990E+06  1.72301E-11
  4.03030E+06  1.65379E-11
  4.03070E+06  1.58633E-11
  4.03110E+06  1.51927E-11
  4.03150E+06  1.45280E-11
  4.03190E+06  1.38713E-11
  4.03230E+06  1.32125E-11
  4.03270E+06  1.25806E-11
  4.03310E+06  1.19623E-11
  4.03350E+06  1.13599E-11
  4.03390E+06  1.07759E-11
  4.03430E+06  1.01888E-11
  4.03470E+06  9.65434E-12
  4.03510E+06  9.14372E-12
  4.03550E+06  8.60707E-12
  4.03590E+06  8.16293E-12
  4.03630E+06  7.74517E-12
  4.03670E+06  7.35529E-12
  4.03710E+06  6.99420E-12
  4.03750E+06  6.65181E-12
  4.03790E+06  6.35116E-12
  4.03830E+06  6.06593E-12
  4.03870E+06  5.82154E-12
  4.03910E+06  5.60074E-12
  4.03950E+06  5.37016E-12
  4.03990E+06  5.19736E-12
  4.04030E+06  5.01517E-12
  4.04070E+06  4.87441E-12
  4.04110E+06  4.75704E-12
  4.04150E+06  4.63402E-12
  4.04190E+06  4.51497E-12
  4.04230E+06  4.39778E-12
  4.04270E+06  4.28056E-12
  4.04310E+06  4.16176E-12
  4.04350E+06  4.04022E-12
  4.04390E+06  3.94249E-12
  4.04430E+06  3.79802E-12
  4.04470E+06  3.68161E-12
  4.04510E+06  3.57896E-12
  4.04550E+06  3.44437E-12
  4.04590E+06  3.35233E-12
  4.04630E+06  3.25517E-12
  4.04670E+06  3.16649E-12
  4.04710E+06  3.08961E-12
  4.04750E+06  3.01747E-12
  4.04790E+06  2.99038E-12
  4.04830E+06  2.97484E-12
  4.04870E+06  2.98452E-12
  4.04910E+06  3.02234E-12
  4.04950E+06  3.09082E-12
  4.04990E+06  3.20564E-12
  4.05030E+06  3.33315E-12
  4.05070E+06  3.51148E-12
  4.05110E+06  3.74116E-12
  4.05150E+06  3.99541E-12
  4.05190E+06  4.29906E-12
  4.05230E+06  4.62741E-12
  4.05270E+06  4.98885E-12
  4.05310E+06  5.38067E-12
  4.05350E+06  5.79950E-12
  4.05390E+06  6.24142E-12
  4.05430E+06  6.70195E-12
  4.05470E+06  7.17618E-12
  4.05510E+06  7.65887E-12
  4.05550E+06  8.14449E-12
  4.05590E+06  8.81838E-12
  4.05630E+06  9.33830E-12
  4.05670E+06  9.87380E-12
  4.05710E+06  1.08432E-11
  4.05750E+06  1.15018E-11
  4.05790E+06  1.29391E-11
  4.05830E+06  1.38868E-11
  4.05870E+06  1.49369E-11
  4.05910E+06  1.68130E-11
  4.05950E+06  1.83365E-11
  4.05990E+06  2.02975E-11
  4.06030E+06  2.24013E-11
  4.06070E+06  2.48439E-11
  4.06110E+06  2.77725E-11
  4.06150E+06  3.10846E-11
  4.06190E+06  3.49246E-11
  4.06230E+06  3.93289E-11
  4.06270E+06  4.43660E-11
  4.06310E+06  5.00901E-11
  4.06350E+06  5.65489E-11
  4.06390E+06  6.37817E-11
  4.06430E+06  7.18161E-11
  4.06470E+06  8.06655E-11
  4.06510E+06  9.03419E-11
  4.06550E+06  1.00796E-10
  4.06590E+06  1.11996E-10
  4.06630E+06  1.23875E-10
  4.06670E+06  1.36343E-10
  4.06710E+06  1.49300E-10
  4.06750E+06  1.62584E-10
  4.06790E+06  1.76060E-10
  4.06830E+06  1.89527E-10
  4.06870E+06  2.02803E-10
  4.06910E+06  2.15683E-10
  4.06950E+06  2.27955E-10
  4.06990E+06  2.39422E-10
  4.07030E+06  2.49841E-10
  4.07070E+06  2.59056E-10
  4.07110E+06  2.66903E-10
  4.07150E+06  2.73176E-10
  4.07190E+06  2.77771E-10
  4.07230E+06  2.80596E-10
  4.07270E+06  2.81592E-10
  4.07310E+06  2.80753E-10
  4.07350E+06  2.78050E-10
  4.07390E+06  2.73595E-10
  4.07430E+06  2.67442E-10
  4.07470E+06  2.59740E-10
  4.07510E+06  2.50642E-10
  4.07550E+06  2.40285E-10
  4.07590E+06  2.28928E-10
  4.07630E+06  2.16715E-10
  4.07670E+06  2.03880E-10
  4.07710E+06  1.90634E-10
  4.07750E+06  1.77174E-10
  4.07790E+06  1.63730E-10
  4.07830E+06  1.50446E-10
  4.07870E+06  1.37495E-10
  4.07910E+06  1.25016E-10
  4.07950E+06  1.13117E-10
  4.07990E+06  1.01926E-10
  4.08030E+06  9.14651E-11
  4.08070E+06  8.18181E-11
  4.08110E+06  7.30103E-11
  4.08150E+06  6.50106E-11
  4.08190E+06  5.78434E-11
  4.08230E+06  5.14694E-11
  4.08270E+06  4.58515E-11
  4.08310E+06  4.09586E-11
  4.08350E+06  3.67111E-11
  4.08390E+06  3.30639E-11
  4.08430E+06  2.99576E-11
  4.08470E+06  2.73328E-11
  4.08510E+06  2.51469E-11
  4.08550E+06  2.31717E-11
  4.08590E+06  2.16940E-11
  4.08630E+06  2.01425E-11
  4.08670E+06  1.92232E-11
  4.08710E+06  1.84666E-11
  4.08750E+06  1.72702E-11
  4.08790E+06  1.69055E-11
  4.08830E+06  1.60471E-11
  4.08870E+06  1.58949E-11
  4.08910E+06  1.57437E-11
  4.08950E+06  1.54445E-11
  4.08990E+06  1.53212E-11
  4.09030E+06  1.51108E-11
  4.09070E+06  1.49736E-11
  4.09110E+06  1.48325E-11
  4.09150E+06  1.46516E-11
  4.09190E+06  1.44672E-11
  4.09230E+06  1.42670E-11
  4.09270E+06  1.40522E-11
  4.09310E+06  1.38396E-11
  4.09350E+06  1.36040E-11
  4.09390E+06  1.33586E-11
  4.09430E+06  1.30929E-11
  4.09470E+06  1.28352E-11
  4.09510E+06  1.25714E-11
  4.09550E+06  1.23030E-11
  4.09590E+06  1.20316E-11
  4.09630E+06  1.17467E-11
  4.09670E+06  1.14763E-11
  4.09710E+06  1.12064E-11
  4.09750E+06  1.09278E-11
  4.09790E+06  1.06787E-11
  4.09830E+06  1.04234E-11
  4.09870E+06  1.01736E-11
  4.09910E+06  9.93008E-12
  4.09950E+06  9.68330E-12
  4.09990E+06  9.45717E-12
  4.10030E+06  9.21467E-12
  4.10070E+06  9.00950E-12
  4.10110E+06  8.81083E-12
  4.10150E+06  8.61875E-12
  4.10190E+06  8.43305E-12
  4.10230E+06  8.24141E-12
  4.10270E+06  8.06994E-12
  4.10310E+06  7.91805E-12
  4.10350E+06  7.75843E-12
  4.10390E+06  7.60236E-12
  4.10430E+06  7.43724E-12
  4.10470E+06  7.28910E-12
  4.10510E+06  7.17306E-12
  4.10550E+06  7.01481E-12
  4.10590E+06  6.88500E-12
  4.10630E+06  6.75689E-12
  4.10670E+06  6.63115E-12
  4.10710E+06  6.50860E-12
  4.10750E+06  6.37981E-12
  4.10790E+06  6.26924E-12
  4.10830E+06  6.16459E-12
  4.10870E+06  6.06726E-12
  4.10910E+06  5.97866E-12
  4.10950E+06  5.88973E-12
  4.10990E+06  5.82510E-12
  4.11030E+06  5.76044E-12
  4.11070E+06  5.72349E-12
  4.11110E+06  5.69955E-12
  4.11150E+06  5.68914E-12
  4.11190E+06  5.69236E-12
  4.11230E+06  5.69695E-12
  4.11270E+06  5.72888E-12
  4.11310E+06  5.77147E-12
  4.11350E+06  5.82314E-12
  4.11390E+06  5.88187E-12
  4.11430E+06  5.93328E-12
  4.11470E+06  6.00129E-12
  4.11510E+06  6.06739E-12
  4.11550E+06  6.12842E-12
  4.11590E+06  6.18108E-12
  4.11630E+06  6.22206E-12
  4.11670E+06  6.24812E-12
  4.11710E+06  6.27181E-12
  4.11750E+06  6.25347E-12
  4.11790E+06  6.23991E-12
  4.11830E+06  6.19286E-12
  4.11870E+06  6.12205E-12
  4.11910E+06  6.02744E-12
  4.11950E+06  5.90972E-12
  4.11990E+06  5.77026E-12
  4.12030E+06  5.59916E-12
  4.12070E+06  5.42576E-12
  4.12110E+06  5.23785E-12
  4.12150E+06  5.03923E-12
  4.12190E+06  4.84764E-12
  4.12230E+06  4.63226E-12
  4.12270E+06  4.43478E-12
  4.12310E+06  4.24428E-12
  4.12350E+06  4.06519E-12
  4.12390E+06  3.90161E-12
  4.12430E+06  3.75718E-12
  4.12470E+06  3.63499E-12
  4.12510E+06  3.53745E-12
  4.12550E+06  3.46628E-12
  4.12590E+06  3.42245E-12
  4.12630E+06  3.40614E-12
  4.12670E+06  3.41676E-12
  4.12710E+06  3.45299E-12
  4.12750E+06  3.50237E-12
  4.12790E+06  3.59927E-12
  4.12830E+06  3.70379E-12
  4.12870E+06  3.82304E-12
  4.12910E+06  4.06238E-12
  4.12950E+06  4.23219E-12
  4.12990E+06  5.05476E-12
  4.13030E+06  5.43818E-12
  4.13070E+06  5.87915E-12
  4.13110E+06  1.14484E-11
  4.13150E+06  1.35317E-11
  4.13190E+06  2.75619E-11
  4.13230E+06  3.41215E-11
  4.13270E+06  4.22639E-11
  4.13310E+06  6.69509E-11
  4.13350E+06  8.35275E-11
  4.13390E+06  1.11288E-10
  4.13430E+06  1.38146E-10
  4.13470E+06  1.70673E-10
  4.13510E+06  2.11975E-10
  4.13550E+06  2.59145E-10
  4.13590E+06  3.15188E-10
  4.13630E+06  3.80710E-10
  4.13670E+06  4.56961E-10
  4.13710E+06  5.44986E-10
  4.13750E+06  6.45724E-10
  4.13790E+06  7.60077E-10
  4.13830E+06  8.88714E-10
  4.13870E+06  1.03218E-09
  4.13910E+06  1.19075E-09
  4.13950E+06  1.36441E-09
  4.13990E+06  1.55285E-09
  4.14030E+06  1.75526E-09
  4.14070E+06  1.97055E-09
  4.14110E+06  2.19721E-09
  4.14150E+06  2.43318E-09
  4.14190E+06  2.67608E-09
  4.14230E+06  2.92311E-09
  4.14270E+06  3.17109E-09
  4.14310E+06  3.41667E-09
  4.14350E+06  3.65598E-09
  4.14390E+06  3.88543E-09
  4.14430E+06  4.10087E-09
  4.14470E+06  4.29864E-09
  4.14510E+06  4.47544E-09
  4.14550E+06  4.62737E-09
  4.14590E+06  4.75204E-09
  4.14630E+06  4.84651E-09
  4.14670E+06  4.90914E-09
  4.14710E+06  4.93895E-09
  4.14750E+06  4.93493E-09
  4.14790E+06  4.89766E-09
  4.14830E+06  4.82757E-09
  4.14870E+06  4.72634E-09
  4.14910E+06  4.59617E-09
  4.14950E+06  4.43955E-09
  4.14990E+06  4.25973E-09
  4.15030E+06  4.06007E-09
  4.15070E+06  3.84434E-09
  4.15110E+06  3.61645E-09
  4.15150E+06  3.38015E-09
  4.15190E+06  3.13937E-09
  4.15230E+06  2.89763E-09
  4.15270E+06  2.65833E-09
  4.15310E+06  2.42451E-09
  4.15350E+06  2.19879E-09
  4.15390E+06  1.98346E-09
  4.15430E+06  1.78023E-09
  4.15470E+06  1.59049E-09
  4.15510E+06  1.41521E-09
  4.15550E+06  1.25481E-09
  4.15590E+06  1.10950E-09
  4.15630E+06  9.79077E-10
  4.15670E+06  8.63093E-10
  4.15710E+06  7.60884E-10
  4.15750E+06  6.71517E-10
  4.15790E+06  5.94051E-10
  4.15830E+06  5.27281E-10
  4.15870E+06  4.70276E-10
  4.15910E+06  4.21843E-10
  4.15950E+06  3.80308E-10
  4.15990E+06  3.45830E-10
  4.16030E+06  3.12773E-10
  4.16070E+06  2.88992E-10
  4.16110E+06  2.68687E-10
  4.16150E+06  2.42411E-10
  4.16190E+06  2.29268E-10
  4.16230E+06  2.06132E-10
  4.16270E+06  1.97890E-10
  4.16310E+06  1.89789E-10
  4.16350E+06  1.76031E-10
  4.16390E+06  1.69413E-10
  4.16430E+06  1.60748E-10
  4.16470E+06  1.54003E-10
  4.16510E+06  1.47051E-10
  4.16550E+06  1.39739E-10
  4.16590E+06  1.32629E-10
  4.16630E+06  1.25539E-10
  4.16670E+06  1.18579E-10
  4.16710E+06  1.11806E-10
  4.16750E+06  1.05261E-10
  4.16790E+06  9.90692E-11
  4.16830E+06  9.31837E-11
  4.16870E+06  8.76811E-11
  4.16910E+06  8.26417E-11
  4.16950E+06  7.78989E-11
  4.16990E+06  7.36464E-11
  4.17030E+06  6.97165E-11
  4.17070E+06  6.62065E-11
  4.17110E+06  6.30817E-11
  4.17150E+06  6.02656E-11
  4.17190E+06  5.77831E-11
  4.17230E+06  5.54764E-11
  4.17270E+06  5.35248E-11
  4.17310E+06  5.18233E-11
  4.17350E+06  5.01675E-11
  4.17390E+06  4.88779E-11
  4.17430E+06  4.74379E-11
  4.17470E+06  4.64487E-11
  4.17510E+06  4.56020E-11
  4.17550E+06  4.45890E-11
  4.17590E+06  4.40101E-11
  4.17630E+06  4.32337E-11
  4.17670E+06  4.27761E-11
  4.17710E+06  4.24844E-11
  4.17750E+06  4.19993E-11
  4.17790E+06  4.18608E-11
  4.17830E+06  4.16798E-11
  4.17870E+06  4.16656E-11
  4.17910E+06  4.17319E-11
  4.17950E+06  4.18427E-11
  4.17990E+06  4.21230E-11
  4.18030E+06  4.24272E-11
  4.18070E+06  4.28843E-11
  4.18110E+06  4.34321E-11
  4.18150E+06  4.40372E-11
  4.18190E+06  4.47926E-11
  4.18230E+06  4.55933E-11
  4.18270E+06  4.64792E-11
  4.18310E+06  4.74254E-11
  4.18350E+06  4.83794E-11
  4.18390E+06  4.94353E-11
  4.18430E+06  5.04662E-11
  4.18470E+06  5.15477E-11
  4.18510E+06  5.26332E-11
  4.18550E+06  5.36797E-11
  4.18590E+06  5.46956E-11
  4.18630E+06  5.56164E-11
  4.18670E+06  5.64881E-11
  4.18710E+06  5.72624E-11
  4.18750E+06  5.79120E-11
  4.18790E+06  5.84577E-11
  4.18830E+06  5.88120E-11
  4.18870E+06  5.90523E-11
  4.18910E+06  5.91209E-11
  4.18950E+06  5.89466E-11
  4.18990E+06  5.87176E-11
  4.19030E+06  5.82447E-11
  4.19070E+06  5.75971E-11
  4.19110E+06  5.68879E-11
  4.19150E+06  5.58909E-11
  4.19190E+06  5.84438E-11
  4.19230E+06  5.82625E-11
  4.19270E+06  5.82557E-11
  4.19310E+06  9.37172E-11
  4.19350E+06  1.04685E-10
  4.19390E+06  2.51476E-10
  4.19430E+06  3.09170E-10
  4.19470E+06  3.81730E-10
  4.19510E+06  7.81247E-10
  4.19550E+06  9.84314E-10
  4.19590E+06  1.49566E-09
  4.19630E+06  1.88229E-09
  4.19670E+06  2.35622E-09
  4.19710E+06  3.06531E-09
  4.19750E+06  3.79958E-09
  4.19790E+06  4.70506E-09
  4.19830E+06  5.76025E-09
  4.19870E+06  7.00615E-09
  4.19910E+06  8.46852E-09
  4.19950E+06  1.01641E-08
  4.19990E+06  1.21179E-08
  4.20030E+06  1.43489E-08
  4.20070E+06  1.68755E-08
  4.20110E+06  1.97133E-08
  4.20150E+06  2.28701E-08
  4.20190E+06  2.63521E-08
  4.20230E+06  3.01563E-08
  4.20270E+06  3.42738E-08
  4.20310E+06  3.86874E-08
  4.20350E+06  4.33702E-08
  4.20390E+06  4.82872E-08
  4.20430E+06  5.33935E-08
  4.20470E+06  5.86354E-08
  4.20510E+06  6.39518E-08
  4.20550E+06  6.92717E-08
  4.20590E+06  7.45222E-08
  4.20630E+06  7.96198E-08
  4.20670E+06  8.44838E-08
  4.20710E+06  8.90371E-08
  4.20750E+06  9.31886E-08
  4.20790E+06  9.68747E-08
  4.20830E+06  1.00012E-07
  4.20870E+06  1.02545E-07
  4.20910E+06  1.04432E-07
  4.20950E+06  1.05623E-07
  4.20990E+06  1.06104E-07
  4.21030E+06  1.05860E-07
  4.21070E+06  1.04901E-07
  4.21110E+06  1.03249E-07
  4.21150E+06  1.00935E-07
  4.21190E+06  9.80115E-08
  4.21230E+06  9.45348E-08
  4.21270E+06  9.05747E-08
  4.21310E+06  8.62078E-08
  4.21350E+06  8.15133E-08
  4.21390E+06  7.65752E-08
  4.21430E+06  7.14758E-08
  4.21470E+06  6.62963E-08
  4.21510E+06  6.11138E-08
  4.21550E+06  5.59979E-08
  4.21590E+06  5.10128E-08
  4.21630E+06  4.62126E-08
  4.21670E+06  4.16433E-08
  4.21710E+06  3.73417E-08
  4.21750E+06  3.33336E-08
  4.21790E+06  2.96377E-08
  4.21830E+06  2.62622E-08
  4.21870E+06  2.32089E-08
  4.21910E+06  2.04727E-08
  4.21950E+06  1.80416E-08
  4.21990E+06  1.59004E-08
  4.22030E+06  1.40289E-08
  4.22070E+06  1.24054E-08
  4.22110E+06  1.10068E-08
  4.22150E+06  9.80506E-09
  4.22190E+06  8.78323E-09
  4.22230E+06  7.88641E-09
  4.22270E+06  7.15327E-09
  4.22310E+06  6.52886E-09
  4.22350E+06  5.89289E-09
  4.22390E+06  5.45687E-09
  4.22430E+06  4.83793E-09
  4.22470E+06  4.55570E-09
  4.22510E+06  4.29514E-09
  4.22550E+06  3.85248E-09
  4.22590E+06  3.66961E-09
  4.22630E+06  3.38376E-09
  4.22670E+06  3.22355E-09
  4.22710E+06  3.05927E-09
  4.22750E+06  2.87199E-09
  4.22790E+06  2.71017E-09
  4.22830E+06  2.54334E-09
  4.22870E+06  2.38172E-09
  4.22910E+06  2.22781E-09
  4.22950E+06  2.07600E-09
  4.22990E+06  1.93415E-09
  4.23030E+06  1.79829E-09
  4.23070E+06  1.67316E-09
  4.23110E+06  1.55927E-09
  4.23150E+06  1.45517E-09
  4.23190E+06  1.36310E-09
  4.23230E+06  1.28211E-09
  4.23270E+06  1.21284E-09
  4.23310E+06  1.15531E-09
  4.23350E+06  1.10856E-09
  4.23390E+06  1.07325E-09
  4.23430E+06  1.04732E-09
  4.23470E+06  1.03223E-09
  4.23510E+06  1.02694E-09
  4.23550E+06  1.02868E-09
  4.23590E+06  1.04083E-09
  4.23630E+06  1.05548E-09
  4.23670E+06  1.08241E-09
  4.23710E+06  1.11535E-09
  4.23750E+06  1.14657E-09
  4.23790E+06  1.18981E-09
  4.23830E+06  1.22953E-09
  4.23870E+06  1.27846E-09
  4.23910E+06  1.32816E-09
  4.23950E+06  1.37423E-09
  4.23990E+06  1.42292E-09
  4.24030E+06  1.46695E-09
  4.24070E+06  1.51004E-09
  4.24110E+06  1.54894E-09
  4.24150E+06  1.58154E-09
  4.24190E+06  1.60950E-09
  4.24230E+06  1.63011E-09
  4.24270E+06  1.64443E-09
  4.24310E+06  1.65156E-09
  4.24350E+06  1.65044E-09
  4.24390E+06  1.64281E-09
  4.24430E+06  1.62665E-09
  4.24470E+06  1.60368E-09
  4.24510E+06  1.57812E-09
  4.24550E+06  1.54285E-09
  4.24590E+06  1.51106E-09
  4.24630E+06  1.46835E-09
  4.24670E+06  1.42304E-09
  4.24710E+06  1.38748E-09
  4.24750E+06  1.34231E-09
  4.24790E+06  1.30508E-09
  4.24830E+06  1.26540E-09
  4.24870E+06  1.23028E-09
  4.24910E+06  1.20246E-09
  4.24950E+06  1.17994E-09
  4.24990E+06  1.16638E-09
  4.25030E+06  1.16172E-09
  4.25070E+06  1.16824E-09
  4.25110E+06  1.18665E-09
  4.25150E+06  1.21730E-09
  4.25190E+06  1.26207E-09
  4.25230E+06  1.32051E-09
  4.25270E+06  1.39383E-09
  4.25310E+06  1.48203E-09
  4.25350E+06  1.58438E-09
  4.25390E+06  1.70133E-09
  4.25430E+06  1.83147E-09
  4.25470E+06  1.97425E-09
  4.25510E+06  2.12823E-09
  4.25550E+06  2.29109E-09
  4.25590E+06  2.46184E-09
  4.25630E+06  2.63658E-09
  4.25670E+06  2.81483E-09
  4.25710E+06  2.99286E-09
  4.25750E+06  3.16478E-09
  4.25790E+06  3.33367E-09
  4.25830E+06  3.48927E-09
  4.25870E+06  3.63578E-09
  4.25910E+06  3.76777E-09
  4.25950E+06  3.87867E-09
  4.25990E+06  3.97258E-09
  4.26030E+06  4.04168E-09
  4.26070E+06  4.08757E-09
  4.26110E+06  4.10969E-09
  4.26150E+06  4.10512E-09
  4.26190E+06  4.07616E-09
  4.26230E+06  4.02181E-09
  4.26270E+06  3.94446E-09
  4.26310E+06  3.84573E-09
  4.26350E+06  3.72692E-09
  4.26390E+06  3.59174E-09
  4.26430E+06  3.44188E-09
  4.26470E+06  3.28117E-09
  4.26510E+06  3.11268E-09
  4.26550E+06  2.93850E-09
  4.26590E+06  2.76403E-09
  4.26630E+06  2.58918E-09
  4.26670E+06  2.41828E-09
  4.26710E+06  2.25683E-09
  4.26750E+06  2.10061E-09
  4.26790E+06  1.95852E-09
  4.26830E+06  1.82474E-09
  4.26870E+06  1.70373E-09
  4.26910E+06  1.59885E-09
  4.26950E+06  1.50521E-09
  4.26990E+06  1.42658E-09
  4.27030E+06  1.36051E-09
  4.27070E+06  1.30774E-09
  4.27110E+06  1.26826E-09
  4.27150E+06  1.23978E-09
  4.27190E+06  1.22274E-09
  4.27230E+06  1.21511E-09
  4.27270E+06  1.21678E-09
  4.27310E+06  1.22695E-09
  4.27350E+06  1.24339E-09
  4.27390E+06  1.26698E-09
  4.27430E+06  1.29257E-09
  4.27470E+06  1.32692E-09
  4.27510E+06  1.36507E-09
  4.27550E+06  1.39979E-09
  4.27590E+06  1.44504E-09
  4.27630E+06  1.48272E-09
  4.27670E+06  1.53249E-09
  4.27710E+06  1.58217E-09
  4.27750E+06  1.62623E-09
  4.27790E+06  1.67517E-09
  4.27830E+06  1.72048E-09
  4.27870E+06  1.76470E-09
  4.27910E+06  1.80546E-09
  4.27950E+06  1.84161E-09
  4.27990E+06  1.87319E-09
  4.28030E+06  1.89891E-09
  4.28070E+06  1.91836E-09
  4.28110E+06  1.93121E-09
  4.28150E+06  1.93611E-09
  4.28190E+06  1.93370E-09
  4.28230E+06  1.92249E-09
  4.28270E+06  1.90313E-09
  4.28310E+06  1.87599E-09
  4.28350E+06  1.84009E-09
  4.28390E+06  1.79686E-09
  4.28430E+06  1.74589E-09
  4.28470E+06  1.68834E-09
  4.28510E+06  1.62511E-09
  4.28550E+06  1.55659E-09
  4.28590E+06  1.48495E-09
  4.28630E+06  1.40943E-09
  4.28670E+06  1.33225E-09
  4.28710E+06  1.25571E-09
  4.28750E+06  1.17782E-09
  4.28790E+06  1.10383E-09
  4.28830E+06  1.02952E-09
  4.28870E+06  9.59724E-10
  4.28910E+06  8.95200E-10
  4.28950E+06  8.32962E-10
  4.28990E+06  7.78213E-10
  4.29030E+06  7.27744E-10
  4.29070E+06  6.84617E-10
  4.29110E+06  6.47900E-10
  4.29150E+06  6.16932E-10
  4.29190E+06  5.93100E-10
  4.29230E+06  5.75310E-10
  4.29270E+06  5.63981E-10
  4.29310E+06  5.58666E-10
  4.29350E+06  5.58782E-10
  4.29390E+06  5.64473E-10
  4.29430E+06  5.74633E-10
  4.29470E+06  5.89528E-10
  4.29510E+06  6.08371E-10
  4.29550E+06  6.29482E-10
  4.29590E+06  6.54608E-10
  4.29630E+06  6.79093E-10
  4.29670E+06  7.08409E-10
  4.29710E+06  7.38529E-10
  4.29750E+06  7.65739E-10
  4.29790E+06  7.96293E-10
  4.29830E+06  8.23251E-10
  4.29870E+06  8.51224E-10
  4.29910E+06  8.77414E-10
  4.29950E+06  8.99357E-10
  4.29990E+06  9.27517E-10
  4.30030E+06  9.45297E-10
  4.30070E+06  9.60413E-10
  4.30110E+06  1.02578E-09
  4.30150E+06  1.04928E-09
  4.30190E+06  1.19446E-09
  4.30230E+06  1.25639E-09
  4.30270E+06  1.33091E-09
  4.30310E+06  1.60326E-09
  4.30350E+06  1.76672E-09
  4.30390E+06  2.06049E-09
  4.30430E+06  2.33478E-09
  4.30470E+06  2.66999E-09
  4.30510E+06  3.10963E-09
  4.30550E+06  3.60873E-09
  4.30590E+06  4.20936E-09
  4.30630E+06  4.91664E-09
  4.30670E+06  5.74695E-09
  4.30710E+06  6.72037E-09
  4.30750E+06  7.83600E-09
  4.30790E+06  9.12641E-09
  4.30830E+06  1.05740E-08
  4.30870E+06  1.21983E-08
  4.30910E+06  1.40259E-08
  4.30950E+06  1.60201E-08
  4.30990E+06  1.82065E-08
  4.31030E+06  2.05600E-08
  4.31070E+06  2.30784E-08
  4.31110E+06  2.57487E-08
  4.31150E+06  2.85439E-08
  4.31190E+06  3.14422E-08
  4.31230E+06  3.44110E-08
  4.31270E+06  3.74170E-08
  4.31310E+06  4.04220E-08
  4.31350E+06  4.33821E-08
  4.31390E+06  4.62576E-08
  4.31430E+06  4.89996E-08
  4.31470E+06  5.15661E-08
  4.31510E+06  5.39171E-08
  4.31550E+06  5.60065E-08
  4.31590E+06  5.78042E-08
  4.31630E+06  5.92732E-08
  4.31670E+06  6.03924E-08
  4.31710E+06  6.11443E-08
  4.31750E+06  6.15120E-08
  4.31790E+06  6.14996E-08
  4.31830E+06  6.11035E-08
  4.31870E+06  6.03394E-08
  4.31910E+06  5.92262E-08
  4.31950E+06  5.77843E-08
  4.31990E+06  5.60474E-08
  4.32030E+06  5.40473E-08
  4.32070E+06  5.18226E-08
  4.32110E+06  4.94140E-08
  4.32150E+06  4.68607E-08
  4.32190E+06  4.42050E-08
  4.32230E+06  4.14852E-08
  4.32270E+06  3.87395E-08
  4.32310E+06  3.60042E-08
  4.32350E+06  3.33082E-08
  4.32390E+06  3.06819E-08
  4.32430E+06  2.81461E-08
  4.32470E+06  2.57214E-08
  4.32510E+06  2.34241E-08
  4.32550E+06  2.12633E-08
  4.32590E+06  1.92478E-08
  4.32630E+06  1.73804E-08
  4.32670E+06  1.56625E-08
  4.32710E+06  1.40928E-08
  4.32750E+06  1.26662E-08
  4.32790E+06  1.13780E-08
  4.32830E+06  1.02194E-08
  4.32870E+06  9.18391E-09
  4.32910E+06  8.26254E-09
  4.32950E+06  7.43853E-09
  4.32990E+06  6.71817E-09
  4.33030E+06  6.04172E-09
  4.33070E+06  5.49313E-09
  4.33110E+06  5.01107E-09
  4.33150E+06  4.49520E-09
  4.33190E+06  4.14565E-09
  4.33230E+06  3.69663E-09
  4.33270E+06  3.45600E-09
  4.33310E+06  3.23904E-09
  4.33350E+06  2.97228E-09
  4.33390E+06  2.81217E-09
  4.33430E+06  2.63898E-09
  4.33470E+06  2.50838E-09
  4.33510E+06  2.38686E-09
  4.33550E+06  2.26962E-09
  4.33590E+06  2.16398E-09
  4.33630E+06  2.05862E-09
  4.33670E+06  1.96600E-09
  4.33710E+06  1.87866E-09
  4.33750E+06  1.78323E-09
  4.33790E+06  1.70710E-09
  4.33830E+06  1.61649E-09
  4.33870E+06  1.54985E-09
  4.33910E+06  1.48555E-09
  4.33950E+06  1.41455E-09
  4.33990E+06  1.35667E-09
  4.34030E+06  1.29694E-09
  4.34070E+06  1.24199E-09
  4.34110E+06  1.19291E-09
  4.34150E+06  1.14231E-09
  4.34190E+06  1.10319E-09
  4.34230E+06  1.05964E-09
  4.34270E+06  1.02042E-09
  4.34310E+06  9.98706E-10
  4.34350E+06  9.69574E-10
  4.34390E+06  9.89947E-10
  4.34430E+06  9.84132E-10
  4.34470E+06  9.91155E-10
  4.34510E+06  1.26729E-09
  4.34550E+06  1.37229E-09
  4.34590E+06  2.15736E-09
  4.34630E+06  2.52902E-09
  4.34670E+06  2.99843E-09
  4.34710E+06  4.62974E-09
  4.34750E+06  5.65253E-09
  4.34790E+06  7.50590E-09
  4.34830E+06  9.21265E-09
  4.34870E+06  1.12824E-08
  4.34910E+06  1.39930E-08
  4.34950E+06  1.70216E-08
  4.34990E+06  2.06371E-08
  4.35030E+06  2.48566E-08
  4.35070E+06  2.97736E-08
  4.35110E+06  3.54588E-08
  4.35150E+06  4.19728E-08
  4.35190E+06  4.93800E-08
  4.35230E+06  5.77278E-08
  4.35270E+06  6.70596E-08
  4.35310E+06  7.73998E-08
  4.35350E+06  8.87521E-08
  4.35390E+06  1.01107E-07
  4.35430E+06  1.14421E-07
  4.35470E+06  1.28634E-07
  4.35510E+06  1.43654E-07
  4.35550E+06  1.59357E-07
  4.35590E+06  1.75597E-07
  4.35630E+06  1.92194E-07
  4.35670E+06  2.08948E-07
  4.35710E+06  2.25641E-07
  4.35750E+06  2.42020E-07
  4.35790E+06  2.57849E-07
  4.35830E+06  2.72848E-07
  4.35870E+06  2.86769E-07
  4.35910E+06  2.99377E-07
  4.35950E+06  3.10413E-07
  4.35990E+06  3.19690E-07
  4.36030E+06  3.27005E-07
  4.36070E+06  3.32224E-07
  4.36110E+06  3.35257E-07
  4.36150E+06  3.36018E-07
  4.36190E+06  3.34521E-07
  4.36230E+06  3.30772E-07
  4.36270E+06  3.24862E-07
  4.36310E+06  3.16928E-07
  4.36350E+06  3.07105E-07
  4.36390E+06  2.95608E-07
  4.36430E+06  2.82646E-07
  4.36470E+06  2.68469E-07
  4.36510E+06  2.53336E-07
  4.36550E+06  2.37501E-07
  4.36590E+06  2.21231E-07
  4.36630E+06  2.04772E-07
  4.36670E+06  1.88364E-07
  4.36710E+06  1.72224E-07
  4.36750E+06  1.56543E-07
  4.36790E+06  1.41489E-07
  4.36830E+06  1.27196E-07
  4.36870E+06  1.13773E-07
  4.36910E+06  1.01301E-07
  4.36950E+06  8.98242E-08
  4.36990E+06  7.93720E-08
  4.37030E+06  6.99370E-08
  4.37070E+06  6.15071E-08
  4.37110E+06  5.40422E-08
  4.37150E+06  4.74803E-08
  4.37190E+06  4.17774E-08
  4.37230E+06  3.68406E-08
  4.37270E+06  3.26209E-08
  4.37310E+06  2.90314E-08
  4.37350E+06  2.59591E-08
  4.37390E+06  2.34085E-08
  4.37430E+06  2.10651E-08
  4.37470E+06  1.93102E-08
  4.37510E+06  1.78515E-08
  4.37550E+06  1.61104E-08
  4.37590E+06  1.53672E-08
  4.37630E+06  1.37954E-08
  4.37670E+06  1.33277E-08
  4.37710E+06  1.40704E-08
  4.37750E+06  1.35820E-08
  4.37790E+06  1.61795E-08
  4.37830E+06  1.70546E-08
  4.37870E+06  1.84808E-08
  4.37910E+06  2.34405E-08
  4.37950E+06  2.66548E-08
  4.37990E+06  3.21765E-08
  4.38030E+06  3.76204E-08
  4.38070E+06  4.42931E-08
  4.38110E+06  5.28335E-08
  4.38150E+06  6.26808E-08
  4.38190E+06  7.44462E-08
  4.38230E+06  8.82721E-08
  4.38270E+06  1.04420E-07
  4.38310E+06  1.23109E-07
  4.38350E+06  1.44532E-07
  4.38390E+06  1.68874E-07
  4.38430E+06  1.96272E-07
  4.38470E+06  2.26831E-07
  4.38510E+06  2.60602E-07
  4.38550E+06  2.97560E-07
  4.38590E+06  3.37625E-07
  4.38630E+06  3.80619E-07
  4.38670E+06  4.26300E-07
  4.38710E+06  4.74319E-07
  4.38750E+06  5.24229E-07
  4.38790E+06  5.75530E-07
  4.38830E+06  6.27589E-07
  4.38870E+06  6.79755E-07
  4.38910E+06  7.31280E-07
  4.38950E+06  7.81356E-07
  4.38990E+06  8.29217E-07
  4.39030E+06  8.73997E-07
  4.39070E+06  9.14937E-07
  4.39110E+06  9.51288E-07
  4.39150E+06  9.82307E-07
  4.39190E+06  1.00746E-06
  4.39230E+06  1.02617E-06
  4.39270E+06  1.03811E-06
  4.39310E+06  1.04306E-06
  4.39350E+06  1.04086E-06
  4.39390E+06  1.03166E-06
  4.39430E+06  1.01553E-06
  4.39470E+06  9.92855E-07
  4.39510E+06  9.64257E-07
  4.39550E+06  9.30037E-07
  4.39590E+06  8.91144E-07
  4.39630E+06  8.48050E-07
  4.39670E+06  8.01669E-07
  4.39710E+06  7.52925E-07
  4.39750E+06  7.02462E-07
  4.39790E+06  6.51196E-07
  4.39830E+06  5.99844E-07
  4.39870E+06  5.49145E-07
  4.39910E+06  4.99748E-07
  4.39950E+06  4.52201E-07
  4.39990E+06  4.06994E-07
  4.40030E+06  3.64498E-07
  4.40070E+06  3.25014E-07
  4.40110E+06  2.88746E-07
  4.40150E+06  2.55800E-07
  4.40190E+06  2.26227E-07
  4.40230E+06  1.99981E-07
  4.40270E+06  1.76981E-07
  4.40310E+06  1.57081E-07
  4.40350E+06  1.40089E-07
  4.40390E+06  1.25802E-07
  4.40430E+06  1.13954E-07
  4.40470E+06  1.04332E-07
  4.40510E+06  9.66615E-08
  4.40550E+06  9.05198E-08
  4.40590E+06  8.60091E-08
  4.40630E+06  8.17899E-08
  4.40670E+06  7.96314E-08
  4.40710E+06  7.81709E-08
  4.40750E+06  7.53970E-08
  4.40790E+06  7.52398E-08
  4.40830E+06  7.27827E-08
  4.40870E+06  7.32941E-08
  4.40910E+06  7.35805E-08
  4.40950E+06  7.24690E-08
  4.40990E+06  7.24403E-08
  4.41030E+06  7.16684E-08
  4.41070E+06  7.09218E-08
  4.41110E+06  6.97646E-08
  4.41150E+06  6.81795E-08
  4.41190E+06  6.62751E-08
  4.41230E+06  6.40326E-08
  4.41270E+06  6.15011E-08
  4.41310E+06  5.87204E-08
  4.41350E+06  5.57310E-08
  4.41390E+06  5.25886E-08
  4.41430E+06  4.93333E-08
  4.41470E+06  4.60182E-08
  4.41510E+06  4.26868E-08
  4.41550E+06  3.93762E-08
  4.41590E+06  3.61323E-08
  4.41630E+06  3.29790E-08
  4.41670E+06  2.99507E-08
  4.41710E+06  2.70762E-08
  4.41750E+06  2.43594E-08
  4.41790E+06  2.18338E-08
  4.41830E+06  1.94818E-08
  4.41870E+06  1.73286E-08
  4.41910E+06  1.53810E-08
  4.41950E+06  1.36022E-08
  4.41990E+06  1.20281E-08
  4.42030E+06  1.06074E-08
  4.42070E+06  9.37678E-09
  4.42110E+06  8.30544E-09
  4.42150E+06  7.36072E-09
  4.42190E+06  6.57375E-09
  4.42230E+06  5.88122E-09
  4.42270E+06  5.33518E-09
  4.42310E+06  4.89137E-09
  4.42350E+06  4.48343E-09
  4.42390E+06  4.22618E-09
  4.42430E+06  3.91894E-09
  4.42470E+06  3.82489E-09
  4.42510E+06  3.78214E-09
  4.42550E+06  3.66455E-09
  4.42590E+06  3.73725E-09
  4.42630E+06  3.75907E-09
  4.42670E+06  3.90575E-09
  4.42710E+06  4.07058E-09
  4.42750E+06  4.22813E-09
  4.42790E+06  4.42358E-09
  4.42830E+06  4.61919E-09
  4.42870E+06  4.82382E-09
  4.42910E+06  5.02701E-09
  4.42950E+06  5.21992E-09
  4.42990E+06  5.40757E-09
  4.43030E+06  5.57590E-09
  4.43070E+06  5.73153E-09
  4.43110E+06  5.86594E-09
  4.43150E+06  5.97144E-09
  4.43190E+06  6.05448E-09
  4.43230E+06  6.10400E-09
  4.43270E+06  6.12572E-09
  4.43310E+06  6.11600E-09
  4.43350E+06  6.06986E-09
  4.43390E+06  5.99648E-09
  4.43430E+06  5.88830E-09
  4.43470E+06  5.75529E-09
  4.43510E+06  5.59566E-09
  4.43550E+06  5.41009E-09
  4.43590E+06  5.20559E-09
  4.43630E+06  4.98273E-09
  4.43670E+06  4.74652E-09
  4.43710E+06  4.50025E-09
  4.43750E+06  4.24683E-09
  4.43790E+06  3.99115E-09
  4.43830E+06  3.73537E-09
  4.43870E+06  3.48362E-09
  4.43910E+06  3.23853E-09
  4.43950E+06  3.00164E-09
  4.43990E+06  2.77624E-09
  4.44030E+06  2.56235E-09
  4.44070E+06  2.36296E-09
  4.44110E+06  2.17814E-09
  4.44150E+06  2.00702E-09
  4.44190E+06  1.85228E-09
  4.44230E+06  1.71053E-09
  4.44270E+06  1.58461E-09
  4.44310E+06  1.47218E-09
  4.44350E+06  1.37116E-09
  4.44390E+06  1.28290E-09
  4.44430E+06  1.20343E-09
  4.44470E+06  1.13489E-09
  4.44510E+06  1.07454E-09
  4.44550E+06  1.01822E-09
  4.44590E+06  9.71396E-10
  4.44630E+06  9.23595E-10
  4.44670E+06  8.86783E-10
  4.44710E+06  8.53087E-10
  4.44750E+06  8.13406E-10
  4.44790E+06  7.85801E-10
  4.44830E+06  7.48612E-10
  4.44870E+06  7.25192E-10
  4.44910E+06  7.01942E-10
  4.44950E+06  6.73248E-10
  4.44990E+06  6.51517E-10
  4.45030E+06  6.27377E-10
  4.45070E+06  6.05808E-10
  4.45110E+06  5.84328E-10
  4.45150E+06  5.61929E-10
  4.45190E+06  5.41469E-10
  4.45230E+06  5.19958E-10
  4.45270E+06  5.00482E-10
  4.45310E+06  4.83321E-10
  4.45350E+06  4.64876E-10
  4.45390E+06  4.50694E-10
  4.45430E+06  4.35359E-10
  4.45470E+06  4.21668E-10
  4.45510E+06  4.12907E-10
  4.45550E+06  4.02755E-10
  4.45590E+06  3.96199E-10
  4.45630E+06  3.89865E-10
  4.45670E+06  3.86107E-10
  4.45710E+06  3.85472E-10
  4.45750E+06  3.86325E-10
  4.45790E+06  3.90549E-10
  4.45830E+06  3.96862E-10
  4.45870E+06  4.06927E-10
  4.45910E+06  4.20381E-10
  4.45950E+06  4.36779E-10
  4.45990E+06  4.57444E-10
  4.46030E+06  4.81226E-10
  4.46070E+06  5.09582E-10
  4.46110E+06  5.41907E-10
  4.46150E+06  5.77210E-10
  4.46190E+06  6.17310E-10
  4.46230E+06  6.60253E-10
  4.46270E+06  7.07278E-10
  4.46310E+06  7.57253E-10
  4.46350E+06  8.09122E-10
  4.46390E+06  8.63347E-10
  4.46430E+06  9.18315E-10
  4.46470E+06  9.74018E-10
  4.46510E+06  1.02935E-09
  4.46550E+06  1.08298E-09
  4.46590E+06  1.13474E-09
  4.46630E+06  1.18304E-09
  4.46670E+06  1.22742E-09
  4.46710E+06  1.26705E-09
  4.46750E+06  1.30058E-09
  4.46790E+06  1.32797E-09
  4.46830E+06  1.34790E-09
  4.46870E+06  1.36061E-09
  4.46910E+06  1.36573E-09
  4.46950E+06  1.36247E-09
  4.46990E+06  1.35178E-09
  4.47030E+06  1.33298E-09
  4.47070E+06  1.30695E-09
  4.47110E+06  1.27434E-09
  4.47150E+06  1.23497E-09
  4.47190E+06  1.19082E-09
  4.47230E+06  1.14150E-09
  4.47270E+06  1.08858E-09
  4.47310E+06  1.03321E-09
  4.47350E+06  9.75510E-10
  4.47390E+06  9.17345E-10
  4.47430E+06  8.58793E-10
  4.47470E+06  8.01239E-10
  4.47510E+06  7.45687E-10
  4.47550E+06  6.91988E-10
  4.47590E+06  6.41509E-10
  4.47630E+06  5.94077E-10
  4.47670E+06  5.50569E-10
  4.47710E+06  5.11189E-10
  4.47750E+06  4.75788E-10
  4.47790E+06  4.44758E-10
  4.47830E+06  4.17781E-10
  4.47870E+06  3.95037E-10
  4.47910E+06  3.76295E-10
  4.47950E+06  3.61027E-10
  4.47990E+06  3.50047E-10
  4.48030E+06  3.41656E-10
  4.48070E+06  3.36161E-10
  4.48110E+06  3.43112E-10
  4.48150E+06  3.44914E-10
  4.48190E+06  3.80595E-10
  4.48230E+06  3.95583E-10
  4.48270E+06  4.16808E-10
  4.48310E+06  5.11384E-10
  4.48350E+06  5.61347E-10
  4.48390E+06  6.76704E-10
  4.48430E+06  7.65888E-10
  4.48470E+06  8.77578E-10
  4.48510E+06  1.03610E-09
  4.48550E+06  1.20132E-09
  4.48590E+06  1.40381E-09
  4.48630E+06  1.63792E-09
  4.48670E+06  1.91327E-09
  4.48710E+06  2.23442E-09
  4.48750E+06  2.60470E-09
  4.48790E+06  3.02996E-09
  4.48830E+06  3.51368E-09
  4.48870E+06  4.05990E-09
  4.48910E+06  4.67154E-09
  4.48950E+06  5.35027E-09
  4.48990E+06  6.09726E-09
  4.49030E+06  6.91135E-09
  4.49070E+06  7.79055E-09
  4.49110E+06  8.73076E-09
  4.49150E+06  9.72591E-09
  4.49190E+06  1.07682E-08
  4.49230E+06  1.18477E-08
  4.49270E+06  1.29527E-08
  4.49310E+06  1.40699E-08
  4.49350E+06  1.51839E-08
  4.49390E+06  1.62789E-08
  4.49430E+06  1.73374E-08
  4.49470E+06  1.83422E-08
  4.49510E+06  1.92762E-08
  4.49550E+06  2.01215E-08
  4.49590E+06  2.08635E-08
  4.49630E+06  2.14864E-08
  4.49670E+06  2.19788E-08
  4.49710E+06  2.23310E-08
  4.49750E+06  2.25349E-08
  4.49790E+06  2.25873E-08
  4.49830E+06  2.24860E-08
  4.49870E+06  2.22339E-08
  4.49910E+06  2.18365E-08
  4.49950E+06  2.13006E-08
  4.49990E+06  2.06383E-08
  4.50030E+06  1.98615E-08
  4.50070E+06  1.89859E-08
  4.50110E+06  1.80280E-08
  4.50150E+06  1.70038E-08
  4.50190E+06  1.59324E-08
  4.50230E+06  1.48299E-08
  4.50270E+06  1.37142E-08
  4.50310E+06  1.26014E-08
  4.50350E+06  1.15050E-08
  4.50390E+06  1.04392E-08
  4.50430E+06  9.41434E-09
  4.50470E+06  8.44054E-09
  4.50510E+06  7.52514E-09
  4.50550E+06  6.67278E-09
  4.50590E+06  5.88804E-09
  4.50630E+06  5.17167E-09
  4.50670E+06  4.52445E-09
  4.50710E+06  3.94539E-09
  4.50750E+06  3.43159E-09
  4.50790E+06  2.98050E-09
  4.50830E+06  2.58737E-09
  4.50870E+06  2.24813E-09
  4.50910E+06  1.95825E-09
  4.50950E+06  1.71171E-09
  4.50990E+06  1.50521E-09
  4.51030E+06  1.32522E-09
  4.51070E+06  1.18447E-09
  4.51110E+06  1.06914E-09
  4.51150E+06  9.51161E-10
  4.51190E+06  8.80567E-10
  4.51230E+06  7.70854E-10
  4.51270E+06  7.37099E-10
  4.51310E+06  7.09518E-10
  4.51350E+06  6.47081E-10
  4.51390E+06  6.37596E-10
  4.51430E+06  6.09753E-10
  4.51470E+06  6.05879E-10
  4.51510E+06  6.01305E-10
  4.51550E+06  5.92389E-10
  4.51590E+06  5.87236E-10
  4.51630E+06  5.80490E-10
  4.51670E+06  5.73645E-10
  4.51710E+06  5.66585E-10
  4.51750E+06  5.58424E-10
  4.51790E+06  5.50504E-10
  4.51830E+06  5.41712E-10
  4.51870E+06  5.32716E-10
  4.51910E+06  5.23972E-10
  4.51950E+06  5.14539E-10
  4.51990E+06  5.05561E-10
  4.52030E+06  4.96199E-10
  4.52070E+06  4.86900E-10
  4.52110E+06  4.78223E-10
  4.52150E+06  4.69179E-10
  4.52190E+06  4.60732E-10
  4.52230E+06  4.52137E-10
  4.52270E+06  4.44020E-10
  4.52310E+06  4.36510E-10
  4.52350E+06  4.29070E-10
  4.52390E+06  4.22541E-10
  4.52430E+06  4.16102E-10
  4.52470E+06  4.10853E-10
  4.52510E+06  4.06448E-10
  4.52550E+06  4.02207E-10
  4.52590E+06  3.99539E-10
  4.52630E+06  3.97232E-10
  4.52670E+06  3.96354E-10
  4.52710E+06  3.96431E-10
  4.52750E+06  3.96870E-10
  4.52790E+06  3.98746E-10
  4.52830E+06  4.00787E-10
  4.52870E+06  4.04061E-10
  4.52910E+06  4.07991E-10
  4.52950E+06  4.11903E-10
  4.52990E+06  4.16574E-10
  4.53030E+06  4.20791E-10
  4.53070E+06  4.25373E-10
  4.53110E+06  4.29727E-10
  4.53150E+06  4.33274E-10
  4.53190E+06  4.36700E-10
  4.53230E+06  4.38859E-10
  4.53270E+06  4.40449E-10
  4.53310E+06  4.41525E-10
  4.53350E+06  4.40830E-10
  4.53390E+06  4.45934E-10
  4.53430E+06  4.44753E-10
  4.53470E+06  4.43182E-10
  4.53510E+06  4.93005E-10
  4.53550E+06  5.05471E-10
  4.53590E+06  6.52196E-10
  4.53630E+06  7.12449E-10
  4.53670E+06  7.89149E-10
  4.53710E+06  1.09692E-09
  4.53750E+06  1.27905E-09
  4.53790E+06  1.63202E-09
  4.53830E+06  1.94791E-09
  4.53870E+06  2.33452E-09
  4.53910E+06  2.85041E-09
  4.53950E+06  3.42701E-09
  4.53990E+06  4.12059E-09
  4.54030E+06  4.93502E-09
  4.54070E+06  5.88986E-09
  4.54110E+06  6.99977E-09
  4.54150E+06  8.27766E-09
  4.54190E+06  9.73718E-09
  4.54230E+06  1.13889E-08
  4.54270E+06  1.32418E-08
  4.54310E+06  1.53025E-08
  4.54350E+06  1.75718E-08
  4.54390E+06  2.00487E-08
  4.54430E+06  2.27252E-08
  4.54470E+06  2.55897E-08
  4.54510E+06  2.86247E-08
  4.54550E+06  3.18049E-08
  4.54590E+06  3.51018E-08
  4.54630E+06  3.84786E-08
  4.54670E+06  4.18957E-08
  4.54710E+06  4.53076E-08
  4.54750E+06  4.86639E-08
  4.54790E+06  5.19150E-08
  4.54830E+06  5.50052E-08
  4.54870E+06  5.78830E-08
  4.54910E+06  6.04978E-08
  4.54950E+06  6.27982E-08
  4.54990E+06  6.47434E-08
  4.55030E+06  6.62924E-08
  4.55070E+06  6.74164E-08
  4.55110E+06  6.80934E-08
  4.55150E+06  6.83077E-08
  4.55190E+06  6.80577E-08
  4.55230E+06  6.73466E-08
  4.55270E+06  6.61906E-08
  4.55310E+06  6.46141E-08
  4.55350E+06  6.26473E-08
  4.55390E+06  6.03307E-08
  4.55430E+06  5.77078E-08
  4.55470E+06  5.48283E-08
  4.55510E+06  5.17443E-08
  4.55550E+06  4.85083E-08
  4.55590E+06  4.51738E-08
  4.55630E+06  4.17919E-08
  4.55670E+06  3.84114E-08
  4.55710E+06  3.50773E-08
  4.55750E+06  3.18286E-08
  4.55790E+06  2.87016E-08
  4.55830E+06  2.57227E-08
  4.55870E+06  2.29159E-08
  4.55910E+06  2.02998E-08
  4.55950E+06  1.78822E-08
  4.55990E+06  1.56724E-08
  4.56030E+06  1.36687E-08
  4.56070E+06  1.18692E-08
  4.56110E+06  1.02687E-08
  4.56150E+06  8.85542E-09
  4.56190E+06  7.62035E-09
  4.56230E+06  6.54763E-09
  4.56270E+06  5.62512E-09
  4.56310E+06  4.83916E-09
  4.56350E+06  4.16763E-09
  4.56390E+06  3.60980E-09
  4.56430E+06  3.10457E-09
  4.56470E+06  2.72916E-09
  4.56510E+06  2.42084E-09
  4.56550E+06  2.06998E-09
  4.56590E+06  1.89065E-09
  4.56630E+06  1.58416E-09
  4.56670E+06  1.50764E-09
  4.56710E+06  1.44678E-09
  4.56750E+06  1.30241E-09
  4.56790E+06  1.28920E-09
  4.56830E+06  1.24355E-09
  4.56870E+06  1.24629E-09
  4.56910E+06  1.25004E-09
  4.56950E+06  1.25021E-09
  4.56990E+06  1.25664E-09
  4.57030E+06  1.26294E-09
  4.57070E+06  1.26976E-09
  4.57110E+06  1.27628E-09
  4.57150E+06  1.28198E-09
  4.57190E+06  1.28689E-09
  4.57230E+06  1.28967E-09
  4.57270E+06  1.29116E-09
  4.57310E+06  1.29059E-09
  4.57350E+06  1.28648E-09
  4.57390E+06  1.28333E-09
  4.57430E+06  1.27347E-09
  4.57470E+06  1.26063E-09
  4.57510E+06  1.27873E-09
  4.57550E+06  1.26833E-09
  4.57590E+06  1.37537E-09
  4.57630E+06  1.39892E-09
  4.57670E+06  1.43280E-09
  4.57710E+06  1.73392E-09
  4.57750E+06  1.87111E-09
  4.57790E+06  2.25962E-09
  4.57830E+06  2.54648E-09
  4.57870E+06  2.90748E-09
  4.57910E+06  3.46273E-09
  4.57950E+06  4.04108E-09
  4.57990E+06  4.76469E-09
  4.58030E+06  5.61528E-09
  4.58070E+06  6.62900E-09
  4.58110E+06  7.82542E-09
  4.58150E+06  9.22032E-09
  4.58190E+06  1.08347E-08
  4.58230E+06  1.26839E-08
  4.58270E+06  1.47841E-08
  4.58310E+06  1.71461E-08
  4.58350E+06  1.97773E-08
  4.58390E+06  2.26818E-08
  4.58430E+06  2.58562E-08
  4.58470E+06  2.92925E-08
  4.58510E+06  3.29746E-08
  4.58550E+06  3.68794E-08
  4.58590E+06  4.09763E-08
  4.58630E+06  4.52263E-08
  4.58670E+06  4.95847E-08
  4.58710E+06  5.39981E-08
  4.58750E+06  5.84069E-08
  4.58790E+06  6.27495E-08
  4.58830E+06  6.69562E-08
  4.58870E+06  7.09611E-08
  4.58910E+06  7.46933E-08
  4.58950E+06  7.80847E-08
  4.58990E+06  8.10747E-08
  4.59030E+06  8.36033E-08
  4.59070E+06  8.56229E-08
  4.59110E+06  8.70917E-08
  4.59150E+06  8.79790E-08
  4.59190E+06  8.82686E-08
  4.59230E+06  8.79521E-08
  4.59270E+06  8.70383E-08
  4.59310E+06  8.55444E-08
  4.59350E+06  8.35000E-08
  4.59390E+06  8.09470E-08
  4.59430E+06  7.79346E-08
  4.59470E+06  7.45207E-08
  4.59510E+06  7.07682E-08
  4.59550E+06  6.67444E-08
  4.59590E+06  6.25182E-08
  4.59630E+06  5.81585E-08
  4.59670E+06  5.37321E-08
  4.59710E+06  4.93024E-08
  4.59750E+06  4.49279E-08
  4.59790E+06  4.06610E-08
  4.59830E+06  3.65471E-08
  4.59870E+06  3.26243E-08
  4.59910E+06  2.89229E-08
  4.59950E+06  2.54656E-08
  4.59990E+06  2.22679E-08
  4.60030E+06  1.93382E-08
  4.60070E+06  1.66788E-08
  4.60110E+06  1.42865E-08
  4.60150E+06  1.21533E-08
  4.60190E+06  1.02678E-08
  4.60230E+06  8.61502E-09
  4.60270E+06  7.17894E-09
  4.60310E+06  5.94119E-09
  4.60350E+06  4.88023E-09
  4.60390E+06  3.98372E-09
  4.60430E+06  3.20299E-09
  4.60470E+06  2.57997E-09
  4.60510E+06  2.06381E-09
  4.60550E+06  1.54938E-09
  4.60590E+06  1.22518E-09
  4.60630E+06  7.67053E-10
  4.60670E+06  6.01889E-10
  4.60710E+06  4.68943E-10
  4.60750E+06  2.01552E-10
  4.60790E+06  1.56496E-10
  4.60830E+06  3.76626E-11
  4.60870E+06  2.92284E-11
  4.60910E+06  2.25185E-11
  4.60950E+06  1.97785E-12
  4.60990E+06  1.52625E-12
  4.61030E+06  1.00000E-35
  4.61070E+06  1.00000E-35
  4.61110E+06  1.00000E-35
  4.61150E+06  1.00000E-35
  4.61190E+06  1.00000E-35
  4.61230E+06  1.00000E-35
  4.61270E+06  1.00000E-35
  4.61310E+06  1.00000E-35
  4.61350E+06  1.00000E-35
  4.61390E+06  1.00000E-35
  4.61430E+06  1.00000E-35
  4.61470E+06  1.00000E-35
  4.61510E+06  1.00000E-35
  4.61550E+06  1.00000E-35
  4.61590E+06  1.00000E-35
  4.61630E+06  1.00000E-35
  4.61670E+06  1.00000E-35
  4.61710E+06  1.00000E-35
  4.61750E+06  1.00000E-35
  4.61790E+06  1.00000E-35
  4.61830E+06  1.00000E-35
  4.61870E+06  1.00000E-35
  4.61910E+06  1.00000E-35
  4.61950E+06  1.00000E-35
  4.61990E+06  1.00000E-35
  4.62030E+06  1.00000E-35
  4.62070E+06  1.00000E-35
  4.62110E+06  1.00000E-35
  4.62150E+06  1.00000E-35
  4.62190E+06  1.00000E-35
  4.62230E+06  1.00000E-35
  4.62270E+06  1.00000E-35
  4.62310E+06  1.00000E-35
  4.62350E+06  1.00000E-35
  4.62390E+06  1.00000E-35
  4.62430E+06  1.00000E-35
  4.62470E+06  1.00000E-35
  4.62510E+06  1.00000E-35
  4.62550E+06  1.00000E-35
  4.62590E+06  1.00000E-35
  4.62630E+06  1.00000E-35
  4.62670E+06  1.00000E-35
  4.62710E+06  1.00000E-35
  4.62750E+06  1.00000E-35
  4.62790E+06  1.00000E-35
  4.62830E+06  1.00000E-35
  4.62870E+06  1.00000E-35
  4.62910E+06  1.00000E-35
  4.62950E+06  1.00000E-35
  4.62990E+06  1.00000E-35
  4.63030E+06  1.00000E-35
  4.63070E+06  1.00000E-35
  4.63110E+06  1.00000E-35
  4.63150E+06  1.00000E-35
  4.63190E+06  1.00000E-35
  4.63230E+06  1.00000E-35
  4.63270E+06  1.00000E-35
  4.63310E+06  1.00000E-35
  4.63350E+06  1.00000E-35
  4.63390E+06  1.00000E-35
  4.63430E+06  1.00000E-35
  4.63470E+06  1.00000E-35
  4.63510E+06  1.00000E-35
  4.63550E+06  1.00000E-35
  4.63590E+06  1.00000E-35
  4.63630E+06  1.00000E-35
  4.63670E+06  1.00000E-35
  4.63710E+06  1.00000E-35
  4.63750E+06  1.00000E-35
  4.63790E+06  1.00000E-35
  4.63830E+06  1.00000E-35
  4.63870E+06  1.00000E-35
  4.63910E+06  1.00000E-35
  4.63950E+06  1.00000E-35
  4.63990E+06  1.00000E-35
  4.64030E+06  1.00000E-35
  4.64070E+06  1.00000E-35
  4.64110E+06  1.00000E-35
  4.64150E+06  1.00000E-35
  4.64190E+06  1.00000E-35
  4.64230E+06  1.00000E-35
  4.64270E+06  1.00000E-35
  4.64310E+06  1.00000E-35
  4.64350E+06  1.00000E-35
  4.64390E+06  1.00000E-35
  4.64430E+06  1.00000E-35
  4.64470E+06  1.00000E-35
  4.64510E+06  1.00000E-35
  4.64550E+06  1.00000E-35
  4.64590E+06  1.00000E-35
  4.64630E+06  1.00000E-35
  4.64670E+06  1.00000E-35
  4.64710E+06  1.00000E-35
  4.64750E+06  1.00000E-35
  4.64790E+06  1.00000E-35
  4.64830E+06  1.00000E-35
  4.64870E+06  1.00000E-35
  4.64910E+06  1.00000E-35
  4.64950E+06  1.00000E-35
  4.64990E+06  1.00000E-35
  4.65030E+06  1.00000E-35
  4.65070E+06  1.00000E-35
  4.65110E+06  1.00000E-35
  4.65150E+06  1.00000E-35
  4.65190E+06  1.00000E-35
  4.65230E+06  1.00000E-35
  4.65270E+06  1.00000E-35
  4.65310E+06  1.00000E-35
  4.65350E+06  1.00000E-35
  4.65390E+06  1.00000E-35
  4.65430E+06  1.00000E-35
  4.65470E+06  1.00000E-35
  4.65510E+06  1.00000E-35
  4.65550E+06  1.00000E-35
  4.65590E+06  1.00000E-35
  4.65630E+06  1.00000E-35
  4.65670E+06  1.00000E-35
  4.65710E+06  1.00000E-35
  4.65750E+06  1.00000E-35
  4.65790E+06  1.00000E-35
  4.65830E+06  1.00000E-35
  4.65870E+06  1.00000E-35
  4.65910E+06  1.00000E-35
  4.65950E+06  1.00000E-35
  4.65990E+06  1.00000E-35
  4.66030E+06  1.00000E-35
  4.66070E+06  1.00000E-35
  4.66110E+06  1.00000E-35
  4.66150E+06  1.00000E-35
  4.66190E+06  1.00000E-35
  4.66230E+06  1.00000E-35
  4.66270E+06  1.00000E-35
  4.66310E+06  1.00000E-35
  4.66350E+06  1.00000E-35
  4.66390E+06  1.00000E-35
  4.66430E+06  1.00000E-35
  4.66470E+06  1.00000E-35
  4.66510E+06  1.00000E-35
  4.66550E+06  1.00000E-35
  4.66590E+06  1.00000E-35
  4.66630E+06  1.00000E-35
  4.66670E+06  1.00000E-35
  4.66710E+06  1.00000E-35
  4.66750E+06  1.00000E-35
  4.66790E+06  1.00000E-35
  4.66830E+06  1.00000E-35
  4.66870E+06  1.00000E-35
  4.66910E+06  1.00000E-35
  4.66950E+06  1.00000E-35
  4.66990E+06  1.00000E-35
  4.67030E+06  1.00000E-35
  4.67070E+06  1.00000E-35
  4.67110E+06  1.00000E-35
  4.67150E+06  1.00000E-35
  4.67190E+06  1.00000E-35
  4.67230E+06  1.00000E-35
  4.67270E+06  1.00000E-35
  4.67310E+06  1.00000E-35
  4.67350E+06  1.00000E-35
  4.67390E+06  1.00000E-35
  4.67430E+06  1.00000E-35
  4.67470E+06  1.00000E-35
  4.67510E+06  1.00000E-35
  4.67550E+06  1.00000E-35
  4.67590E+06  1.00000E-35
  4.67630E+06  1.00000E-35
  4.67670E+06  1.00000E-35
  4.67710E+06  1.00000E-35
  4.67750E+06  1.00000E-35
  4.67790E+06  1.00000E-35
  4.67830E+06  1.00000E-35
  4.67870E+06  1.00000E-35
  4.67910E+06  1.00000E-35
  4.67950E+06  1.00000E-35
  4.67990E+06  1.00000E-35
  4.68030E+06  1.00000E-35
  4.68070E+06  1.00000E-35
  4.68110E+06  1.00000E-35
  4.68150E+06  1.00000E-35
  4.68190E+06  1.00000E-35
  4.68230E+06  1.00000E-35
  4.68270E+06  1.00000E-35
  4.68310E+06  1.00000E-35
  4.68350E+06  1.00000E-35
  4.68390E+06  1.00000E-35
  4.68430E+06  1.00000E-35
  4.68470E+06  1.00000E-35
  4.68510E+06  1.00000E-35
  4.68550E+06  1.00000E-35
  4.68590E+06  1.00000E-35
  4.68630E+06  1.00000E-35
  4.68670E+06  1.00000E-35
  4.68710E+06  1.00000E-35
  4.68750E+06  1.00000E-35
  4.68790E+06  1.00000E-35
  4.68830E+06  1.00000E-35
  4.68870E+06  1.00000E-35
  4.68910E+06  1.00000E-35
  4.68950E+06  1.00000E-35
  4.68990E+06  1.00000E-35
  4.69030E+06  1.00000E-35
  4.69070E+06  1.00000E-35
  4.69110E+06  1.00000E-35
  4.69150E+06  1.00000E-35
  4.69190E+06  1.00000E-35
  4.69230E+06  1.00000E-35
  4.69270E+06  1.00000E-35
  4.69310E+06  1.00000E-35
  4.69350E+06  1.00000E-35
  4.69390E+06  1.00000E-35
  4.69430E+06  1.00000E-35
  4.69470E+06  1.00000E-35
  4.69510E+06  1.00000E-35
  4.69550E+06  1.00000E-35
  4.69590E+06  1.00000E-35
  4.69630E+06  1.00000E-35
  4.69670E+06  1.00000E-35
  4.69710E+06  1.00000E-35
  4.69750E+06  1.00000E-35
  4.69790E+06  1.00000E-35
  4.69830E+06  1.00000E-35
  4.69870E+06  1.00000E-35
  4.69910E+06  1.00000E-35
  4.69950E+06  1.00000E-35
  4.69990E+06  1.00000E-35
  4.70030E+06  1.00000E-35
  4.70070E+06  1.00000E-35
  4.70110E+06  1.00000E-35
  4.70150E+06  1.00000E-35
  4.70190E+06  1.00000E-35
  4.70230E+06  1.00000E-35
  4.70270E+06  1.00000E-35
  4.70310E+06  1.00000E-35
  4.70350E+06  1.00000E-35
  4.70390E+06  1.00000E-35
  4.70430E+06  1.00000E-35
  4.70470E+06  1.00000E-35
  4.70510E+06  1.00000E-35
  4.70550E+06  1.00000E-35
  4.70590E+06  1.00000E-35
  4.70630E+06  1.00000E-35
  4.70670E+06  1.00000E-35
  4.70710E+06  1.00000E-35
  4.70750E+06  1.00000E-35
  4.70790E+06  1.00000E-35
  4.70830E+06  1.00000E-35
  4.70870E+06  1.00000E-35
  4.70910E+06  1.00000E-35
  4.70950E+06  1.00000E-35
  4.70990E+06  1.00000E-35
  4.71030E+06  1.00000E-35
  4.71070E+06  1.00000E-35
  4.71110E+06  1.00000E-35
  4.71150E+06  1.00000E-35
  4.71190E+06  1.00000E-35
  4.71230E+06  1.00000E-35
  4.71270E+06  1.00000E-35
  4.71310E+06  1.00000E-35
  4.71350E+06  1.00000E-35
  4.71390E+06  1.00000E-35
  4.71430E+06  1.00000E-35
  4.71470E+06  1.00000E-35
  4.71510E+06  1.00000E-35
  4.71550E+06  1.00000E-35
  4.71590E+06  1.00000E-35
  4.71630E+06  1.00000E-35
  4.71670E+06  1.00000E-35
  4.71710E+06  1.00000E-35
  4.71750E+06  1.00000E-35
  4.71790E+06  1.00000E-35
  4.71830E+06  1.00000E-35
  4.71870E+06  1.00000E-35
  4.71910E+06  1.00000E-35
  4.71950E+06  1.00000E-35
  4.71990E+06  1.00000E-35
  4.72030E+06  1.00000E-35
  4.72070E+06  1.00000E-35
  4.72110E+06  1.00000E-35
  4.72150E+06  1.00000E-35
  4.72190E+06  1.00000E-35
  4.72230E+06  1.00000E-35
  4.72270E+06  1.00000E-35
  4.72310E+06  1.00000E-35
  4.72350E+06  1.00000E-35
  4.72390E+06  1.00000E-35
  4.72430E+06  1.00000E-35
  4.72470E+06  1.00000E-35
  4.72510E+06  1.00000E-35
  4.72550E+06  1.00000E-35
  4.72590E+06  1.00000E-35
  4.72630E+06  1.00000E-35
  4.72670E+06  1.00000E-35
  4.72710E+06  1.00000E-35
  4.72750E+06  1.00000E-35
  4.72790E+06  1.00000E-35
  4.72830E+06  1.00000E-35
  4.72870E+06  1.00000E-35
  4.72910E+06  1.00000E-35
  4.72950E+06  1.00000E-35
  4.72990E+06  1.00000E-35
  4.73030E+06  1.00000E-35
  4.73070E+06  1.00000E-35
  4.73110E+06  1.00000E-35
  4.73150E+06  1.00000E-35
  4.73190E+06  1.00000E-35
  4.73230E+06  1.00000E-35
  4.73270E+06  1.00000E-35
  4.73310E+06  1.00000E-35
  4.73350E+06  1.00000E-35
  4.73390E+06  1.00000E-35
  4.73430E+06  1.00000E-35
  4.73470E+06  1.00000E-35
  4.73510E+06  1.00000E-35
  4.73550E+06  1.00000E-35
  4.73590E+06  1.00000E-35
  4.73630E+06  1.00000E-35
  4.73670E+06  1.00000E-35
  4.73710E+06  1.00000E-35
  4.73750E+06  1.00000E-35
  4.73790E+06  1.00000E-35
  4.73830E+06  1.00000E-35
  4.73870E+06  1.00000E-35
  4.73910E+06  1.00000E-35
  4.73950E+06  1.00000E-35
  4.73990E+06  1.00000E-35
  4.74030E+06  1.00000E-35
  4.74070E+06  1.00000E-35
  4.74110E+06  1.00000E-35
  4.74150E+06  1.00000E-35
  4.74190E+06  1.00000E-35
  4.74230E+06  1.00000E-35
  4.74270E+06  1.00000E-35
  4.74310E+06  1.00000E-35
  4.74350E+06  1.00000E-35
