  3.70070E+06  2.18240E-12
  3.70110E+06  2.39497E-12
  3.70150E+06  2.59375E-12
  3.70190E+06  2.79354E-12
  3.70230E+06  2.99252E-12
  3.70270E+06  3.18884E-12
  3.70310E+06  3.40230E-12
  3.70350E+06  3.59430E-12
  3.70390E+06  3.78002E-12
  3.70430E+06  3.95830E-12
  3.70470E+06  4.12818E-12
  3.70510E+06  4.28896E-12
  3.70550E+06  4.44014E-12
  3.70590E+06  4.60048E-12
  3.70630E+06  4.73784E-12
  3.70670E+06  4.86725E-12
  3.70710E+06  4.98952E-12
  3.70750E+06  5.10569E-12
  3.70790E+06  5.21696E-12
  3.70830E+06  5.32466E-12
  3.70870E+06  5.43017E-12
  3.70910E+06  5.53488E-12
  3.70950E+06  5.64009E-12
  3.70990E+06  5.74698E-12
  3.71030E+06  5.85648E-12
  3.71070E+06  5.96926E-12
  3.71110E+06  6.08566E-12
  3.71150E+06  6.20565E-12
  3.71190E+06  6.32879E-12
  3.71230E+06  6.45420E-12
  3.71270E+06  6.58060E-12
  3.71310E+06  6.72788E-12
  3.71350E+06  6.85711E-12
  3.71390E+06  7.00167E-12
  3.71430E+06  7.12699E-12
  3.71470E+06  7.24532E-12
  3.71510E+06  7.35441E-12
  3.71550E+06  7.45211E-12
  3.71590E+06  7.53647E-12
  3.71630E+06  7.60578E-12
  3.71670E+06  7.65870E-12
  3.71710E+06  7.71595E-12
  3.71750E+06  7.74025E-12
  3.71790E+06  7.74855E-12
  3.71830E+06  7.74177E-12
  3.71870E+06  7.72135E-12
  3.71910E+06  7.68924E-12
  3.71950E+06  7.63338E-12
  3.71990E+06  7.58890E-12
  3.72030E+06  7.53999E-12
  3.72070E+06  7.48988E-12
  3.72110E+06  7.44170E-12
  3.72150E+06  7.39841E-12
  3.72190E+06  7.36261E-12
  3.72230E+06  7.33649E-12
  3.72270E+06  7.32167E-12
  3.72310E+06  7.31911E-12
  3.72350E+06  7.32908E-12
  3.72390E+06  7.35112E-12
  3.72430E+06  7.36743E-12
  3.72470E+06  7.41319E-12
  3.72510E+06  7.46439E-12
  3.72550E+06  7.51805E-12
  3.72590E+06  7.57072E-12
  3.72630E+06  7.61858E-12
  3.72670E+06  7.65762E-12
  3.72710E+06  7.68379E-12
  3.72750E+06  7.69317E-12
  3.72790E+06  7.70107E-12
  3.72830E+06  7.67205E-12
  3.72870E+06  7.61815E-12
  3.72910E+06  7.55923E-12
  3.72950E+06  7.45746E-12
  3.72990E+06  7.32947E-12
  3.73030E+06  7.15967E-12
  3.73070E+06  6.98693E-12
  3.73110E+06  6.81405E-12
  3.73150E+06  6.60768E-12
  3.73190E+06  6.38873E-12
  3.73230E+06  6.14552E-12
  3.73270E+06  5.92039E-12
  3.73310E+06  5.69740E-12
  3.73350E+06  5.48228E-12
  3.73390E+06  5.28066E-12
  3.73430E+06  5.09786E-12
  3.73470E+06  4.93880E-12
  3.73510E+06  4.80778E-12
  3.73550E+06  4.69399E-12
  3.73590E+06  4.63265E-12
  3.73630E+06  4.60689E-12
  3.73670E+06  4.61779E-12
  3.73710E+06  4.66538E-12
  3.73750E+06  4.74860E-12
  3.73790E+06  4.86538E-12
  3.73830E+06  5.01261E-12
  3.73870E+06  5.18626E-12
  3.73910E+06  5.38148E-12
  3.73950E+06  5.59273E-12
  3.73990E+06  5.83283E-12
  3.74030E+06  6.06311E-12
  3.74070E+06  6.29159E-12
  3.74110E+06  6.51188E-12
  3.74150E+06  6.71780E-12
  3.74190E+06  6.90359E-12
  3.74230E+06  7.04750E-12
  3.74270E+06  7.18219E-12
  3.74310E+06  7.28270E-12
  3.74350E+06  7.33213E-12
  3.74390E+06  7.36150E-12
  3.74430E+06  7.35167E-12
  3.74470E+06  7.30346E-12
  3.74510E+06  7.24025E-12
  3.74550E+06  7.12785E-12
  3.74590E+06  6.98653E-12
  3.74630E+06  6.80409E-12
  3.74670E+06  6.62248E-12
  3.74710E+06  6.42551E-12
  3.74750E+06  6.21872E-12
  3.74790E+06  6.00758E-12
  3.74830E+06  5.79736E-12
  3.74870E+06  5.59290E-12
  3.74910E+06  5.39857E-12
  3.74950E+06  5.21805E-12
  3.74990E+06  5.05434E-12
  3.75030E+06  4.90963E-12
  3.75070E+06  4.78534E-12
  3.75110E+06  4.68207E-12
  3.75150E+06  4.59966E-12
  3.75190E+06  4.53722E-12
  3.75230E+06  4.49324E-12
  3.75270E+06  4.46567E-12
  3.75310E+06  4.47360E-12
  3.75350E+06  4.47735E-12
  3.75390E+06  4.49068E-12
  3.75430E+06  4.51074E-12
  3.75470E+06  4.53472E-12
  3.75510E+06  4.55991E-12
  3.75550E+06  4.58381E-12
  3.75590E+06  4.60420E-12
  3.75630E+06  4.61920E-12
  3.75670E+06  4.62731E-12
  3.75710E+06  4.62740E-12
  3.75750E+06  4.60430E-12
  3.75790E+06  4.59011E-12
  3.75830E+06  4.54954E-12
  3.75870E+06  4.52022E-12
  3.75910E+06  4.48153E-12
  3.75950E+06  4.43468E-12
  3.75990E+06  4.38097E-12
  3.76030E+06  4.30521E-12
  3.76070E+06  4.24587E-12
  3.76110E+06  4.18286E-12
  3.76150E+06  4.11758E-12
  3.76190E+06  4.05121E-12
  3.76230E+06  3.98472E-12
  3.76270E+06  3.91878E-12
  3.76310E+06  3.85379E-12
  3.76350E+06  3.78985E-12
  3.76390E+06  3.72678E-12
  3.76430E+06  3.66414E-12
  3.76470E+06  3.60124E-12
  3.76510E+06  3.55884E-12
  3.76550E+06  3.49911E-12
  3.76590E+06  3.43783E-12
  3.76630E+06  3.37426E-12
  3.76670E+06  3.30778E-12
  3.76710E+06  3.23790E-12
  3.76750E+06  3.16440E-12
  3.76790E+06  3.08729E-12
  3.76830E+06  3.00686E-12
  3.76870E+06  2.92370E-12
  3.76910E+06  2.83868E-12
  3.76950E+06  2.73850E-12
  3.76990E+06  2.65694E-12
  3.77030E+06  2.57680E-12
  3.77070E+06  2.49988E-12
  3.77110E+06  2.44961E-12
  3.77150E+06  2.39088E-12
  3.77190E+06  2.34211E-12
  3.77230E+06  2.30500E-12
  3.77270E+06  2.28099E-12
  3.77310E+06  2.29284E-12
  3.77350E+06  2.30450E-12
  3.77390E+06  2.33322E-12
  3.77430E+06  2.36279E-12
  3.77470E+06  2.43029E-12
  3.77510E+06  2.51395E-12
  3.77550E+06  2.61328E-12
  3.77590E+06  2.72746E-12
  3.77630E+06  2.85539E-12
  3.77670E+06  2.99577E-12
  3.77710E+06  3.14711E-12
  3.77750E+06  3.30780E-12
  3.77790E+06  3.47613E-12
  3.77830E+06  3.65037E-12
  3.77870E+06  3.82874E-12
  3.77910E+06  4.00949E-12
  3.77950E+06  4.19085E-12
  3.77990E+06  4.37110E-12
  3.78030E+06  4.54849E-12
  3.78070E+06  4.72125E-12
  3.78110E+06  4.90924E-12
  3.78150E+06  5.07381E-12
  3.78190E+06  5.22998E-12
  3.78230E+06  5.35965E-12
  3.78270E+06  5.49837E-12
  3.78310E+06  5.64486E-12
  3.78350E+06  5.76101E-12
  3.78390E+06  5.86246E-12
  3.78430E+06  5.94847E-12
  3.78470E+06  6.01847E-12
  3.78510E+06  6.07218E-12
  3.78550E+06  6.10963E-12
  3.78590E+06  6.13116E-12
  3.78630E+06  6.13751E-12
  3.78670E+06  6.12975E-12
  3.78710E+06  6.13097E-12
  3.78750E+06  6.10613E-12
  3.78790E+06  6.07417E-12
  3.78830E+06  6.03771E-12
  3.78870E+06  5.99951E-12
  3.78910E+06  5.96243E-12
  3.78950E+06  5.92927E-12
  3.78990E+06  5.90265E-12
  3.79030E+06  5.88495E-12
  3.79070E+06  5.87811E-12
  3.79110E+06  5.88363E-12
  3.79150E+06  5.90243E-12
  3.79190E+06  5.93483E-12
  3.79230E+06  5.98050E-12
  3.79270E+06  6.03847E-12
  3.79310E+06  6.10715E-12
  3.79350E+06  6.18439E-12
  3.79390E+06  6.26752E-12
  3.79430E+06  6.33694E-12
  3.79470E+06  6.42639E-12
  3.79510E+06  6.51092E-12
  3.79550E+06  6.58715E-12
  3.79590E+06  6.65169E-12
  3.79630E+06  6.70134E-12
  3.79670E+06  6.73311E-12
  3.79710E+06  6.74440E-12
  3.79750E+06  6.73307E-12
  3.79790E+06  6.69743E-12
  3.79830E+06  6.63632E-12
  3.79870E+06  6.54914E-12
  3.79910E+06  6.43583E-12
  3.79950E+06  6.29688E-12
  3.79990E+06  6.13326E-12
  3.80030E+06  5.92985E-12
  3.80070E+06  5.72560E-12
  3.80110E+06  5.50128E-12
  3.80150E+06  5.25957E-12
  3.80190E+06  5.00332E-12
  3.80230E+06  4.71890E-12
  3.80270E+06  4.44643E-12
  3.80310E+06  4.16752E-12
  3.80350E+06  3.88529E-12
  3.80390E+06  3.60272E-12
  3.80430E+06  3.32263E-12
  3.80470E+06  3.04756E-12
  3.80510E+06  2.77984E-12
  3.80550E+06  2.52150E-12
  3.80590E+06  2.27427E-12
  3.80630E+06  2.03959E-12
  3.80670E+06  1.81857E-12
  3.80710E+06  1.61204E-12
  3.80750E+06  1.42054E-12
  3.80790E+06  1.24432E-12
  3.80830E+06  1.08338E-12
  3.80870E+06  9.37509E-13
  3.80910E+06  8.49527E-13
  3.80950E+06  7.45148E-13
  3.80990E+06  6.57355E-13
  3.81030E+06  5.69417E-13
  3.81070E+06  5.18284E-13
  3.81110E+06  4.82436E-13
  3.81150E+06  4.62007E-13
  3.81190E+06  4.57184E-13
  3.81230E+06  4.51650E-13
  3.81270E+06  4.82811E-13
  3.81310E+06  5.51239E-13
  3.81350E+06  6.20651E-13
  3.81390E+06  7.08443E-13
  3.81430E+06  8.15427E-13
  3.81470E+06  9.42350E-13
  3.81510E+06  1.08985E-12
  3.81550E+06  1.25840E-12
  3.81590E+06  1.44825E-12
  3.81630E+06  1.64278E-12
  3.81670E+06  1.87870E-12
  3.81710E+06  2.15545E-12
  3.81750E+06  2.43512E-12
  3.81790E+06  2.73300E-12
  3.81830E+06  3.04734E-12
  3.81870E+06  3.37592E-12
  3.81910E+06  3.71605E-12
  3.81950E+06  4.06464E-12
  3.81990E+06  4.41820E-12
  3.82030E+06  4.77296E-12
  3.82070E+06  5.12494E-12
  3.82110E+06  5.47002E-12
  3.82150E+06  5.80406E-12
  3.82190E+06  6.12297E-12
  3.82230E+06  6.42286E-12
  3.82270E+06  6.70010E-12
  3.82310E+06  6.99465E-12
  3.82350E+06  7.23000E-12
  3.82390E+06  7.43750E-12
  3.82430E+06  7.61597E-12
  3.82470E+06  7.76484E-12
  3.82510E+06  7.88423E-12
  3.82550E+06  7.97484E-12
  3.82590E+06  8.03796E-12
  3.82630E+06  8.07538E-12
  3.82670E+06  8.08935E-12
  3.82710E+06  8.08247E-12
  3.82750E+06  8.05762E-12
  3.82790E+06  8.01785E-12
  3.82830E+06  7.96627E-12
  3.82870E+06  7.90593E-12
  3.82910E+06  7.83979E-12
  3.82950E+06  7.77057E-12
  3.82990E+06  7.70069E-12
  3.83030E+06  7.63219E-12
  3.83070E+06  7.56666E-12
  3.83110E+06  7.52684E-12
  3.83150E+06  7.47651E-12
  3.83190E+06  7.43260E-12
  3.83230E+06  7.39498E-12
  3.83270E+06  7.36309E-12
  3.83310E+06  7.33594E-12
  3.83350E+06  7.31217E-12
  3.83390E+06  7.30908E-12
  3.83430E+06  7.29260E-12
  3.83470E+06  7.27545E-12
  3.83510E+06  7.25588E-12
  3.83550E+06  7.23224E-12
  3.83590E+06  7.20307E-12
  3.83630E+06  7.16715E-12
  3.83670E+06  7.12360E-12
  3.83710E+06  7.09355E-12
  3.83750E+06  7.04011E-12
  3.83790E+06  6.98047E-12
  3.83830E+06  6.88257E-12
  3.83870E+06  6.82208E-12
  3.83910E+06  6.75800E-12
  3.83950E+06  6.69278E-12
  3.83990E+06  6.64791E-12
  3.84030E+06  6.59371E-12
  3.84070E+06  6.54733E-12
  3.84110E+06  6.51125E-12
  3.84150E+06  6.48769E-12
  3.84190E+06  6.47844E-12
  3.84230E+06  6.46830E-12
  3.84270E+06  6.49519E-12
  3.84310E+06  6.53794E-12
  3.84350E+06  6.59642E-12
  3.84390E+06  6.66987E-12
  3.84430E+06  6.75695E-12
  3.84470E+06  6.85579E-12
  3.84510E+06  6.98570E-12
  3.84550E+06  7.10714E-12
  3.84590E+06  7.23396E-12
  3.84630E+06  7.34671E-12
  3.84670E+06  7.47955E-12
  3.84710E+06  7.60813E-12
  3.84750E+06  7.72981E-12
  3.84790E+06  7.84209E-12
  3.84830E+06  7.94268E-12
  3.84870E+06  8.02955E-12
  3.84910E+06  8.10096E-12
  3.84950E+06  8.15549E-12
  3.84990E+06  8.19203E-12
  3.85030E+06  8.20984E-12
  3.85070E+06  8.20847E-12
  3.85110E+06  8.20942E-12
  3.85150E+06  8.17600E-12
  3.85190E+06  8.12545E-12
  3.85230E+06  8.02556E-12
  3.85270E+06  7.95166E-12
  3.85310E+06  7.86225E-12
  3.85350E+06  7.75914E-12
  3.85390E+06  7.68205E-12
  3.85430E+06  7.56846E-12
  3.85470E+06  7.44965E-12
  3.85510E+06  7.32801E-12
  3.85550E+06  7.20593E-12
  3.85590E+06  7.08577E-12
  3.85630E+06  6.96988E-12
  3.85670E+06  6.86053E-12
  3.85710E+06  6.78150E-12
  3.85750E+06  6.69802E-12
  3.85790E+06  6.62881E-12
  3.85830E+06  6.57591E-12
  3.85870E+06  6.54118E-12
  3.85910E+06  6.54787E-12
  3.85950E+06  6.56050E-12
  3.85990E+06  6.61592E-12
  3.86030E+06  6.66640E-12
  3.86070E+06  6.76438E-12
  3.86110E+06  6.88902E-12
  3.86150E+06  7.04061E-12
  3.86190E+06  7.21899E-12
  3.86230E+06  7.42347E-12
  3.86270E+06  7.65282E-12
  3.86310E+06  7.90531E-12
  3.86350E+06  8.16416E-12
  3.86390E+06  8.45899E-12
  3.86430E+06  8.76775E-12
  3.86470E+06  9.08685E-12
  3.86510E+06  9.41228E-12
  3.86550E+06  9.73969E-12
  3.86590E+06  1.00645E-11
  3.86630E+06  1.03652E-11
  3.86670E+06  1.06741E-11
  3.86710E+06  1.10081E-11
  3.86750E+06  1.12889E-11
  3.86790E+06  1.15457E-11
  3.86830E+06  1.17748E-11
  3.86870E+06  1.19733E-11
  3.86910E+06  1.21383E-11
  3.86950E+06  1.22534E-11
  3.86990E+06  1.23494E-11
  3.87030E+06  1.24068E-11
  3.87070E+06  1.24254E-11
  3.87110E+06  1.24058E-11
  3.87150E+06  1.23493E-11
  3.87190E+06  1.22767E-11
  3.87230E+06  1.21579E-11
  3.87270E+06  1.20106E-11
  3.87310E+06  1.18383E-11
  3.87350E+06  1.16449E-11
  3.87390E+06  1.14345E-11
  3.87430E+06  1.11948E-11
  3.87470E+06  1.09673E-11
  3.87510E+06  1.07562E-11
  3.87550E+06  1.05290E-11
  3.87590E+06  1.03061E-11
  3.87630E+06  1.00913E-11
  3.87670E+06  9.88751E-12
  3.87710E+06  9.69731E-12
  3.87750E+06  9.52253E-12
  3.87790E+06  9.36438E-12
  3.87830E+06  9.22337E-12
  3.87870E+06  9.09939E-12
  3.87910E+06  8.99172E-12
  3.87950E+06  8.89910E-12
  3.87990E+06  8.81981E-12
  3.88030E+06  8.73518E-12
  3.88070E+06  8.67993E-12
  3.88110E+06  8.65171E-12
  3.88150E+06  8.61120E-12
  3.88190E+06  8.57277E-12
  3.88230E+06  8.53425E-12
  3.88270E+06  8.49363E-12
  3.88310E+06  8.47077E-12
  3.88350E+06  8.39836E-12
  3.88390E+06  8.35683E-12
  3.88430E+06  8.30800E-12
  3.88470E+06  8.25184E-12
  3.88510E+06  8.18856E-12
  3.88550E+06  8.11860E-12
  3.88590E+06  8.06156E-12
  3.88630E+06  7.96952E-12
  3.88670E+06  7.89529E-12
  3.88710E+06  7.81889E-12
  3.88750E+06  7.74200E-12
  3.88790E+06  7.66637E-12
  3.88830E+06  7.57721E-12
  3.88870E+06  7.51332E-12
  3.88910E+06  7.47654E-12
  3.88950E+06  7.41723E-12
  3.88990E+06  7.38611E-12
  3.89030E+06  7.36591E-12
  3.89070E+06  7.35798E-12
  3.89110E+06  7.36334E-12
  3.89150E+06  7.38260E-12
  3.89190E+06  7.41595E-12
  3.89230E+06  7.46314E-12
  3.89270E+06  7.52346E-12
  3.89310E+06  7.61737E-12
  3.89350E+06  7.70640E-12
  3.89390E+06  7.80541E-12
  3.89430E+06  7.91236E-12
  3.89470E+06  8.02492E-12
  3.89510E+06  8.14059E-12
  3.89550E+06  8.25675E-12
  3.89590E+06  8.37072E-12
  3.89630E+06  8.44669E-12
  3.89670E+06  8.55627E-12
  3.89710E+06  8.65422E-12
  3.89750E+06  8.73868E-12
  3.89790E+06  8.80800E-12
  3.89830E+06  8.86074E-12
  3.89870E+06  8.89572E-12
  3.89910E+06  8.93363E-12
  3.89950E+06  8.93700E-12
  3.89990E+06  8.92228E-12
  3.90030E+06  8.88969E-12
  3.90070E+06  8.83967E-12
  3.90110E+06  8.77291E-12
  3.90150E+06  8.67582E-12
  3.90190E+06  8.58185E-12
  3.90230E+06  8.47342E-12
  3.90270E+06  8.35195E-12
  3.90310E+06  8.21890E-12
  3.90350E+06  8.07573E-12
  3.90390E+06  7.92390E-12
  3.90430E+06  7.74827E-12
  3.90470E+06  7.58727E-12
  3.90510E+06  7.42079E-12
  3.90550E+06  7.25024E-12
  3.90590E+06  7.07686E-12
  3.90630E+06  6.90178E-12
  3.90670E+06  6.72598E-12
  3.90710E+06  6.55028E-12
  3.90750E+06  6.37535E-12
  3.90790E+06  6.20170E-12
  3.90830E+06  6.02965E-12
  3.90870E+06  5.85936E-12
  3.90910E+06  5.69081E-12
  3.90950E+06  5.52386E-12
  3.90990E+06  5.35821E-12
  3.91030E+06  5.17687E-12
  3.91070E+06  5.01643E-12
  3.91110E+06  4.85491E-12
  3.91150E+06  4.69185E-12
  3.91190E+06  4.52682E-12
  3.91230E+06  4.34280E-12
  3.91270E+06  4.17651E-12
  3.91310E+06  4.00626E-12
  3.91350E+06  3.83208E-12
  3.91390E+06  3.65415E-12
  3.91430E+06  3.47274E-12
  3.91470E+06  3.28834E-12
  3.91510E+06  3.12318E-12
  3.91550E+06  2.92675E-12
  3.91590E+06  2.74926E-12
  3.91630E+06  2.57334E-12
  3.91670E+06  2.40066E-12
  3.91710E+06  2.23296E-12
  3.91750E+06  2.07201E-12
  3.91790E+06  1.93850E-12
  3.91830E+06  1.78542E-12
  3.91870E+06  1.66620E-12
  3.91910E+06  1.58287E-12
  3.91950E+06  1.50045E-12
  3.91990E+06  1.43749E-12
  3.92030E+06  1.39579E-12
  3.92070E+06  1.37699E-12
  3.92110E+06  1.38250E-12
  3.92150E+06  1.41351E-12
  3.92190E+06  1.48986E-12
  3.92230E+06  1.56346E-12
  3.92270E+06  1.68644E-12
  3.92310E+06  1.83769E-12
  3.92350E+06  2.01736E-12
  3.92390E+06  2.24417E-12
  3.92430E+06  2.48529E-12
  3.92470E+06  2.75440E-12
  3.92510E+06  3.05032E-12
  3.92550E+06  3.37144E-12
  3.92590E+06  3.71579E-12
  3.92630E+06  4.08093E-12
  3.92670E+06  4.46409E-12
  3.92710E+06  4.86206E-12
  3.92750E+06  5.27132E-12
  3.92790E+06  5.68803E-12
  3.92830E+06  6.09153E-12
  3.92870E+06  6.51459E-12
  3.92910E+06  6.93137E-12
  3.92950E+06  7.33753E-12
  3.92990E+06  7.74764E-12
  3.93030E+06  8.12517E-12
  3.93070E+06  8.48063E-12
  3.93110E+06  8.81032E-12
  3.93150E+06  9.11085E-12
  3.93190E+06  9.39816E-12
  3.93230E+06  9.63746E-12
  3.93270E+06  9.84140E-12
  3.93310E+06  1.00087E-11
  3.93350E+06  1.01387E-11
  3.93390E+06  1.02313E-11
  3.93430E+06  1.02870E-11
  3.93470E+06  1.03069E-11
  3.93510E+06  1.03575E-11
  3.93550E+06  1.03305E-11
  3.93590E+06  1.02789E-11
  3.93630E+06  1.02067E-11
  3.93670E+06  1.01184E-11
  3.93710E+06  1.00403E-11
  3.93750E+06  9.94056E-12
  3.93790E+06  9.86007E-12
  3.93830E+06  9.77209E-12
  3.93870E+06  9.69673E-12
  3.93910E+06  9.63945E-12
  3.93950E+06  9.60539E-12
  3.93990E+06  9.59927E-12
  3.94030E+06  9.62520E-12
  3.94070E+06  9.68663E-12
  3.94110E+06  9.78617E-12
  3.94150E+06  9.92549E-12
  3.94190E+06  1.01242E-11
  3.94230E+06  1.03498E-11
  3.94270E+06  1.06153E-11
  3.94310E+06  1.09186E-11
  3.94350E+06  1.12561E-11
  3.94390E+06  1.16235E-11
  3.94430E+06  1.19988E-11
  3.94470E+06  1.24128E-11
  3.94510E+06  1.28370E-11
  3.94550E+06  1.32642E-11
  3.94590E+06  1.37054E-11
  3.94630E+06  1.41202E-11
  3.94670E+06  1.45153E-11
  3.94710E+06  1.48827E-11
  3.94750E+06  1.52008E-11
  3.94790E+06  1.54951E-11
  3.94830E+06  1.57243E-11
  3.94870E+06  1.59203E-11
  3.94910E+06  1.61012E-11
  3.94950E+06  1.61905E-11
  3.94990E+06  1.62203E-11
  3.95030E+06  1.61911E-11
  3.95070E+06  1.61043E-11
  3.95110E+06  1.59626E-11
  3.95150E+06  1.57557E-11
  3.95190E+06  1.55208E-11
  3.95230E+06  1.52450E-11
  3.95270E+06  1.49349E-11
  3.95310E+06  1.46192E-11
  3.95350E+06  1.42539E-11
  3.95390E+06  1.39145E-11
  3.95430E+06  1.35574E-11
  3.95470E+06  1.32046E-11
  3.95510E+06  1.28631E-11
  3.95550E+06  1.25390E-11
  3.95590E+06  1.22566E-11
  3.95630E+06  1.19883E-11
  3.95670E+06  1.17521E-11
  3.95710E+06  1.15940E-11
  3.95750E+06  1.14419E-11
  3.95790E+06  1.13489E-11
  3.95830E+06  1.12833E-11
  3.95870E+06  1.12591E-11
  3.95910E+06  1.12754E-11
  3.95950E+06  1.13163E-11
  3.95990E+06  1.14121E-11
  3.96030E+06  1.15417E-11
  3.96070E+06  1.17024E-11
  3.96110E+06  1.19348E-11
  3.96150E+06  1.21476E-11
  3.96190E+06  1.24041E-11
  3.96230E+06  1.26828E-11
  3.96270E+06  1.29815E-11
  3.96310E+06  1.33628E-11
  3.96350E+06  1.37137E-11
  3.96390E+06  1.41392E-11
  3.96430E+06  1.44915E-11
  3.96470E+06  1.49245E-11
  3.96510E+06  1.55679E-11
  3.96550E+06  1.60897E-11
  3.96590E+06  1.67929E-11
  3.96630E+06  1.74058E-11
  3.96670E+06  1.80858E-11
  3.96710E+06  1.91628E-11
  3.96750E+06  2.00384E-11
  3.96790E+06  2.13620E-11
  3.96830E+06  2.25472E-11
  3.96870E+06  2.38718E-11
  3.96910E+06  2.56793E-11
  3.96950E+06  2.74374E-11
  3.96990E+06  2.97231E-11
  3.97030E+06  3.20482E-11
  3.97070E+06  3.46754E-11
  3.97110E+06  3.83072E-11
  3.97150E+06  4.18187E-11
  3.97190E+06  4.61929E-11
  3.97230E+06  5.07735E-11
  3.97270E+06  5.59056E-11
  3.97310E+06  6.21256E-11
  3.97350E+06  6.86204E-11
  3.97390E+06  7.61849E-11
  3.97430E+06  8.42040E-11
  3.97470E+06  9.29925E-11
  3.97510E+06  1.02935E-10
  3.97550E+06  1.13396E-10
  3.97590E+06  1.25145E-10
  3.97630E+06  1.37376E-10
  3.97670E+06  1.50415E-10
  3.97710E+06  1.64748E-10
  3.97750E+06  1.79441E-10
  3.97790E+06  1.95026E-10
  3.97830E+06  2.11076E-10
  3.97870E+06  2.27730E-10
  3.97910E+06  2.44937E-10
  3.97950E+06  2.62445E-10
  3.97990E+06  2.80355E-10
  3.98030E+06  2.98284E-10
  3.98070E+06  3.16216E-10
  3.98110E+06  3.34099E-10
  3.98150E+06  3.51641E-10
  3.98190E+06  3.68782E-10
  3.98230E+06  3.85326E-10
  3.98270E+06  4.01178E-10
  3.98310E+06  4.16218E-10
  3.98350E+06  4.30218E-10
  3.98390E+06  4.43130E-10
  3.98430E+06  4.54779E-10
  3.98470E+06  4.65065E-10
  3.98510E+06  4.73886E-10
  3.98550E+06  4.81138E-10
  3.98590E+06  4.86775E-10
  3.98630E+06  4.90687E-10
  3.98670E+06  4.92900E-10
  3.98710E+06  4.93387E-10
  3.98750E+06  4.92050E-10
  3.98790E+06  4.88999E-10
  3.98830E+06  4.84176E-10
  3.98870E+06  4.77653E-10
  3.98910E+06  4.69513E-10
  3.98950E+06  4.59797E-10
  3.98990E+06  4.48614E-10
  3.99030E+06  4.36039E-10
  3.99070E+06  4.22269E-10
  3.99110E+06  4.07393E-10
  3.99150E+06  3.91554E-10
  3.99190E+06  3.74903E-10
  3.99230E+06  3.57545E-10
  3.99270E+06  3.39751E-10
  3.99310E+06  3.21636E-10
  3.99350E+06  3.03277E-10
  3.99390E+06  2.84941E-10
  3.99430E+06  2.66568E-10
  3.99470E+06  2.48630E-10
  3.99510E+06  2.31059E-10
  3.99550E+06  2.13857E-10
  3.99590E+06  1.97384E-10
  3.99630E+06  1.81311E-10
  3.99670E+06  1.66306E-10
  3.99710E+06  1.52103E-10
  3.99750E+06  1.38451E-10
  3.99790E+06  1.25996E-10
  3.99830E+06  1.14136E-10
  3.99870E+06  1.03446E-10
  3.99910E+06  9.35955E-11
  3.99950E+06  8.43372E-11
  3.99990E+06  7.61636E-11
  4.00030E+06  6.82266E-11
  4.00070E+06  6.16385E-11
  4.00110E+06  5.56925E-11
  4.00150E+06  5.00440E-11
  4.00190E+06  4.53492E-11
  4.00230E+06  4.07561E-11
  4.00270E+06  3.70907E-11
  4.00310E+06  3.38411E-11
  4.00350E+06  3.06451E-11
  4.00390E+06  2.81335E-11
  4.00430E+06  2.56170E-11
  4.00470E+06  2.36994E-11
  4.00510E+06  2.19914E-11
  4.00550E+06  2.01261E-11
  4.00590E+06  1.88631E-11
  4.00630E+06  1.73383E-11
  4.00670E+06  1.64305E-11
  4.00710E+06  1.56154E-11
  4.00750E+06  1.47427E-11
  4.00790E+06  1.41497E-11
  4.00830E+06  1.35445E-11
  4.00870E+06  1.30858E-11
  4.00910E+06  1.26834E-11
  4.00950E+06  1.22173E-11
  4.00990E+06  1.19422E-11
  4.01030E+06  1.16370E-11
  4.01070E+06  1.14461E-11
  4.01110E+06  1.12797E-11
  4.01150E+06  1.11194E-11
  4.01190E+06  1.10126E-11
  4.01230E+06  1.08712E-11
  4.01270E+06  1.07802E-11
  4.01310E+06  1.06931E-11
  4.01350E+06  1.05927E-11
  4.01390E+06  1.05087E-11
  4.01430E+06  1.04200E-11
  4.01470E+06  1.03248E-11
  4.01510E+06  1.02216E-11
  4.01550E+06  1.01096E-11
  4.01590E+06  1.00069E-11
  4.01630E+06  9.84808E-12
  4.01670E+06  9.72203E-12
  4.01710E+06  9.58665E-12
  4.01750E+06  9.41439E-12
  4.01790E+06  9.27161E-12
  4.01830E+06  9.10591E-12
  4.01870E+06  8.95642E-12
  4.01910E+06  8.80372E-12
  4.01950E+06  8.64988E-12
  4.01990E+06  8.49679E-12
  4.02030E+06  8.34609E-12
  4.02070E+06  8.19919E-12
  4.02110E+06  8.05717E-12
  4.02150E+06  7.92080E-12
  4.02190E+06  7.79053E-12
  4.02230E+06  7.64993E-12
  4.02270E+06  7.53588E-12
  4.02310E+06  7.42645E-12
  4.02350E+06  7.32100E-12
  4.02390E+06  7.21861E-12
  4.02430E+06  7.11813E-12
  4.02470E+06  7.01821E-12
  4.02510E+06  6.93899E-12
  4.02550E+06  6.84203E-12
  4.02590E+06  6.78047E-12
  4.02630E+06  6.67212E-12
  4.02670E+06  6.58244E-12
  4.02710E+06  6.51132E-12
  4.02750E+06  6.40761E-12
  4.02790E+06  6.35896E-12
  4.02830E+06  6.28343E-12
  4.02870E+06  6.21219E-12
  4.02910E+06  6.14800E-12
  4.02950E+06  6.09403E-12
  4.02990E+06  6.07282E-12
  4.03030E+06  6.05610E-12
  4.03070E+06  6.06283E-12
  4.03110E+06  6.18414E-12
  4.03150E+06  6.26288E-12
  4.03190E+06  6.46030E-12
  4.03230E+06  6.65017E-12
  4.03270E+06  6.91929E-12
  4.03310E+06  7.33869E-12
  4.03350E+06  7.76651E-12
  4.03390E+06  8.38856E-12
  4.03430E+06  9.01675E-12
  4.03470E+06  9.74354E-12
  4.03510E+06  1.08332E-11
  4.03550E+06  1.18472E-11
  4.03590E+06  1.31610E-11
  4.03630E+06  1.44899E-11
  4.03670E+06  1.59710E-11
  4.03710E+06  1.76969E-11
  4.03750E+06  1.95112E-11
  4.03790E+06  2.16323E-11
  4.03830E+06  2.38534E-11
  4.03870E+06  2.62670E-11
  4.03910E+06  2.90513E-11
  4.03950E+06  3.19151E-11
  4.03990E+06  3.51090E-11
  4.04030E+06  3.84426E-11
  4.04070E+06  4.20051E-11
  4.04110E+06  4.59910E-11
  4.04150E+06  5.00513E-11
  4.04190E+06  5.44776E-11
  4.04230E+06  5.90507E-11
  4.04270E+06  6.38480E-11
  4.04310E+06  6.89423E-11
  4.04350E+06  7.41679E-11
  4.04390E+06  7.95880E-11
  4.04430E+06  8.51435E-11
  4.04470E+06  9.08175E-11
  4.04510E+06  9.65955E-11
  4.04550E+06  1.02385E-10
  4.04590E+06  1.08249E-10
  4.04630E+06  1.14023E-10
  4.04670E+06  1.19702E-10
  4.04710E+06  1.25233E-10
  4.04750E+06  1.30565E-10
  4.04790E+06  1.35664E-10
  4.04830E+06  1.40446E-10
  4.04870E+06  1.44875E-10
  4.04910E+06  1.48927E-10
  4.04950E+06  1.52521E-10
  4.04990E+06  1.55634E-10
  4.05030E+06  1.58232E-10
  4.05070E+06  1.60288E-10
  4.05110E+06  1.61777E-10
  4.05150E+06  1.62685E-10
  4.05190E+06  1.63000E-10
  4.05230E+06  1.62719E-10
  4.05270E+06  1.61846E-10
  4.05310E+06  1.60390E-10
  4.05350E+06  1.58366E-10
  4.05390E+06  1.55796E-10
  4.05430E+06  1.52691E-10
  4.05470E+06  1.49118E-10
  4.05510E+06  1.45115E-10
  4.05550E+06  1.40657E-10
  4.05590E+06  1.35869E-10
  4.05630E+06  1.30743E-10
  4.05670E+06  1.25367E-10
  4.05710E+06  1.19791E-10
  4.05750E+06  1.14000E-10
  4.05790E+06  1.08146E-10
  4.05830E+06  1.02208E-10
  4.05870E+06  9.62512E-11
  4.05910E+06  9.03219E-11
  4.05950E+06  8.44497E-11
  4.05990E+06  7.87078E-11
  4.06030E+06  7.30481E-11
  4.06070E+06  6.76523E-11
  4.06110E+06  6.24634E-11
  4.06150E+06  5.74629E-11
  4.06190E+06  5.27686E-11
  4.06230E+06  4.82735E-11
  4.06270E+06  4.41379E-11
  4.06310E+06  4.03267E-11
  4.06350E+06  3.66833E-11
  4.06390E+06  3.34361E-11
  4.06430E+06  3.02708E-11
  4.06470E+06  2.76275E-11
  4.06510E+06  2.52414E-11
  4.06550E+06  2.29741E-11
  4.06590E+06  2.11065E-11
  4.06630E+06  1.93909E-11
  4.06670E+06  1.79628E-11
  4.06710E+06  1.67224E-11
  4.06750E+06  1.55681E-11
  4.06790E+06  1.46791E-11
  4.06830E+06  1.37945E-11
  4.06870E+06  1.31962E-11
  4.06910E+06  1.26977E-11
  4.06950E+06  1.21991E-11
  4.06990E+06  1.19008E-11
  4.07030E+06  1.14964E-11
  4.07070E+06  1.13236E-11
  4.07110E+06  1.12230E-11
  4.07150E+06  1.10265E-11
  4.07190E+06  1.09554E-11
  4.07230E+06  1.08253E-11
  4.07270E+06  1.07809E-11
  4.07310E+06  1.07335E-11
  4.07350E+06  1.06670E-11
  4.07390E+06  1.06129E-11
  4.07430E+06  1.05353E-11
  4.07470E+06  1.04718E-11
  4.07510E+06  1.04016E-11
  4.07550E+06  1.02826E-11
  4.07590E+06  1.02328E-11
  4.07630E+06  1.01654E-11
  4.07670E+06  1.00976E-11
  4.07710E+06  1.00320E-11
  4.07750E+06  9.95653E-12
  4.07790E+06  9.90606E-12
  4.07830E+06  9.84723E-12
  4.07870E+06  9.81890E-12
  4.07910E+06  9.82257E-12
  4.07950E+06  9.82233E-12
  4.07990E+06  9.85429E-12
  4.08030E+06  9.88622E-12
  4.08070E+06  9.93220E-12
  4.08110E+06  9.99128E-12
  4.08150E+06  1.00620E-11
  4.08190E+06  1.01424E-11
  4.08230E+06  1.02301E-11
  4.08270E+06  1.03226E-11
  4.08310E+06  1.04385E-11
  4.08350E+06  1.05382E-11
  4.08390E+06  1.06355E-11
  4.08430E+06  1.07116E-11
  4.08470E+06  1.08013E-11
  4.08510E+06  1.08814E-11
  4.08550E+06  1.09508E-11
  4.08590E+06  1.10276E-11
  4.08630E+06  1.10625E-11
  4.08670E+06  1.11074E-11
  4.08710E+06  1.11414E-11
  4.08750E+06  1.11512E-11
  4.08790E+06  1.11705E-11
  4.08830E+06  1.11817E-11
  4.08870E+06  1.11864E-11
  4.08910E+06  1.11859E-11
  4.08950E+06  1.11813E-11
  4.08990E+06  1.11922E-11
  4.09030E+06  1.11869E-11
  4.09070E+06  1.11800E-11
  4.09110E+06  1.12148E-11
  4.09150E+06  1.12171E-11
  4.09190E+06  1.12577E-11
  4.09230E+06  1.12386E-11
  4.09270E+06  1.12630E-11
  4.09310E+06  1.12882E-11
  4.09350E+06  1.13147E-11
  4.09390E+06  1.13621E-11
  4.09430E+06  1.13990E-11
  4.09470E+06  1.14412E-11
  4.09510E+06  1.14904E-11
  4.09550E+06  1.15485E-11
  4.09590E+06  1.16175E-11
  4.09630E+06  1.16999E-11
  4.09670E+06  1.17980E-11
  4.09710E+06  1.19576E-11
  4.09750E+06  1.21070E-11
  4.09790E+06  1.23578E-11
  4.09830E+06  1.25833E-11
  4.09870E+06  1.28438E-11
  4.09910E+06  1.32713E-11
  4.09950E+06  1.36317E-11
  4.09990E+06  1.42108E-11
  4.10030E+06  1.47011E-11
  4.10070E+06  1.52960E-11
  4.10110E+06  1.60641E-11
  4.10150E+06  1.68245E-11
  4.10190E+06  1.79673E-11
  4.10230E+06  1.89818E-11
  4.10270E+06  2.01077E-11
  4.10310E+06  2.19593E-11
  4.10350E+06  2.35144E-11
  4.10390E+06  2.58232E-11
  4.10430E+06  2.79393E-11
  4.10470E+06  3.03255E-11
  4.10510E+06  3.39209E-11
  4.10550E+06  3.71962E-11
  4.10590E+06  4.22327E-11
  4.10630E+06  4.68386E-11
  4.10670E+06  5.20793E-11
  4.10710E+06  6.00582E-11
  4.10750E+06  6.73833E-11
  4.10790E+06  7.80217E-11
  4.10830E+06  8.81299E-11
  4.10870E+06  9.96421E-11
  4.10910E+06  1.15764E-10
  4.10950E+06  1.31346E-10
  4.10990E+06  1.51747E-10
  4.11030E+06  1.72386E-10
  4.11070E+06  1.95592E-10
  4.11110E+06  2.25307E-10
  4.11150E+06  2.55346E-10
  4.11190E+06  2.91964E-10
  4.11230E+06  3.29978E-10
  4.11270E+06  3.72074E-10
  4.11310E+06  4.21662E-10
  4.11350E+06  4.73433E-10
  4.11390E+06  5.33144E-10
  4.11430E+06  5.95655E-10
  4.11470E+06  6.63469E-10
  4.11510E+06  7.39753E-10
  4.11550E+06  8.19231E-10
  4.11590E+06  9.06722E-10
  4.11630E+06  9.97953E-10
  4.11670E+06  1.09463E-09
  4.11710E+06  1.19861E-09
  4.11750E+06  1.30597E-09
  4.11790E+06  1.41913E-09
  4.11830E+06  1.53551E-09
  4.11870E+06  1.65544E-09
  4.11910E+06  1.77909E-09
  4.11950E+06  1.90422E-09
  4.11990E+06  2.03105E-09
  4.12030E+06  2.15793E-09
  4.12070E+06  2.28422E-09
  4.12110E+06  2.40913E-09
  4.12150E+06  2.53106E-09
  4.12190E+06  2.64930E-09
  4.12230E+06  2.76246E-09
  4.12270E+06  2.86952E-09
  4.12310E+06  2.96949E-09
  4.12350E+06  3.06115E-09
  4.12390E+06  3.14377E-09
  4.12430E+06  3.21613E-09
  4.12470E+06  3.27753E-09
  4.12510E+06  3.32732E-09
  4.12550E+06  3.36481E-09
  4.12590E+06  3.38977E-09
  4.12630E+06  3.40150E-09
  4.12670E+06  3.40006E-09
  4.12710E+06  3.38546E-09
  4.12750E+06  3.35763E-09
  4.12790E+06  3.31708E-09
  4.12830E+06  3.26397E-09
  4.12870E+06  3.19914E-09
  4.12910E+06  3.12326E-09
  4.12950E+06  3.03685E-09
  4.12990E+06  2.94126E-09
  4.13030E+06  2.83714E-09
  4.13070E+06  2.72582E-09
  4.13110E+06  2.60842E-09
  4.13150E+06  2.48579E-09
  4.13190E+06  2.35976E-09
  4.13230E+06  2.23064E-09
  4.13270E+06  2.10072E-09
  4.13310E+06  1.97061E-09
  4.13350E+06  1.84084E-09
  4.13390E+06  1.71345E-09
  4.13430E+06  1.58813E-09
  4.13470E+06  1.46726E-09
  4.13510E+06  1.35076E-09
  4.13550E+06  1.23812E-09
  4.13590E+06  1.13215E-09
  4.13630E+06  1.03041E-09
  4.13670E+06  9.36676E-10
  4.13710E+06  8.49146E-10
  4.13750E+06  7.66123E-10
  4.13790E+06  6.91600E-10
  4.13830E+06  6.20806E-10
  4.13870E+06  5.58923E-10
  4.13910E+06  5.02724E-10
  4.13950E+06  4.49772E-10
  4.13990E+06  4.04620E-10
  4.14030E+06  3.61260E-10
  4.14070E+06  3.25817E-10
  4.14110E+06  2.94314E-10
  4.14150E+06  2.63905E-10
  4.14190E+06  2.39754E-10
  4.14230E+06  2.15909E-10
  4.14270E+06  1.97628E-10
  4.14310E+06  1.81536E-10
  4.14350E+06  1.64879E-10
  4.14390E+06  1.52918E-10
  4.14430E+06  1.39846E-10
  4.14470E+06  1.30881E-10
  4.14510E+06  1.22842E-10
  4.14550E+06  1.13723E-10
  4.14590E+06  1.07650E-10
  4.14630E+06  1.00485E-10
  4.14670E+06  9.57932E-11
  4.14710E+06  9.14978E-11
  4.14750E+06  8.65811E-11
  4.14790E+06  8.31732E-11
  4.14830E+06  7.93503E-11
  4.14870E+06  7.65869E-11
  4.14910E+06  7.40463E-11
  4.14950E+06  7.14290E-11
  4.14990E+06  6.94553E-11
  4.15030E+06  6.74505E-11
  4.15070E+06  6.59253E-11
  4.15110E+06  6.46840E-11
  4.15150E+06  6.34725E-11
  4.15190E+06  6.26520E-11
  4.15230E+06  6.18844E-11
  4.15270E+06  6.13636E-11
  4.15310E+06  6.10534E-11
  4.15350E+06  6.06961E-11
  4.15390E+06  6.06531E-11
  4.15430E+06  6.06389E-11
  4.15470E+06  6.07386E-11
  4.15510E+06  6.09994E-11
  4.15550E+06  6.10752E-11
  4.15590E+06  6.14148E-11
  4.15630E+06  6.16542E-11
  4.15670E+06  6.19759E-11
  4.15710E+06  6.23734E-11
  4.15750E+06  6.26513E-11
  4.15790E+06  6.31236E-11
  4.15830E+06  6.33944E-11
  4.15870E+06  6.37702E-11
  4.15910E+06  6.41727E-11
  4.15950E+06  6.45166E-11
  4.15990E+06  6.52429E-11
  4.16030E+06  6.57546E-11
  4.16070E+06  6.63950E-11
  4.16110E+06  6.78927E-11
  4.16150E+06  6.88775E-11
  4.16190E+06  7.11021E-11
  4.16230E+06  7.27580E-11
  4.16270E+06  7.47588E-11
  4.16310E+06  7.91533E-11
  4.16350E+06  8.24416E-11
  4.16390E+06  8.98036E-11
  4.16430E+06  9.52549E-11
  4.16470E+06  1.01757E-10
  4.16510E+06  1.15865E-10
  4.16550E+06  1.26634E-10
  4.16590E+06  1.49159E-10
  4.16630E+06  1.66909E-10
  4.16670E+06  1.87871E-10
  4.16710E+06  2.29321E-10
  4.16750E+06  2.63018E-10
  4.16790E+06  3.24264E-10
  4.16830E+06  3.77024E-10
  4.16870E+06  4.39007E-10
  4.16910E+06  5.45729E-10
  4.16950E+06  6.39857E-10
  4.16990E+06  7.89364E-10
  4.17030E+06  9.28281E-10
  4.17070E+06  1.08956E-09
  4.17110E+06  1.33236E-09
  4.17150E+06  1.56260E-09
  4.17190E+06  1.88334E-09
  4.17230E+06  2.20223E-09
  4.17270E+06  2.56648E-09
  4.17310E+06  3.05061E-09
  4.17350E+06  3.53848E-09
  4.17390E+06  4.15659E-09
  4.17430E+06  4.79450E-09
  4.17470E+06  5.50904E-09
  4.17510E+06  6.38279E-09
  4.17550E+06  7.28755E-09
  4.17590E+06  8.35414E-09
  4.17630E+06  9.47343E-09
  4.17670E+06  1.07003E-08
  4.17710E+06  1.21090E-08
  4.17750E+06  1.35799E-08
  4.17790E+06  1.52246E-08
  4.17830E+06  1.69485E-08
  4.17870E+06  1.87933E-08
  4.17910E+06  2.08078E-08
  4.17950E+06  2.29000E-08
  4.17990E+06  2.51370E-08
  4.18030E+06  2.74543E-08
  4.18070E+06  2.98681E-08
  4.18110E+06  3.23913E-08
  4.18150E+06  3.49692E-08
  4.18190E+06  3.76189E-08
  4.18230E+06  4.03004E-08
  4.18270E+06  4.30056E-08
  4.18310E+06  4.57224E-08
  4.18350E+06  4.84154E-08
  4.18390E+06  5.10735E-08
  4.18430E+06  5.36646E-08
  4.18470E+06  5.61690E-08
  4.18510E+06  5.85663E-08
  4.18550E+06  6.08262E-08
  4.18590E+06  6.29316E-08
  4.18630E+06  6.48546E-08
  4.18670E+06  6.65767E-08
  4.18710E+06  6.80820E-08
  4.18750E+06  6.93473E-08
  4.18790E+06  7.03630E-08
  4.18830E+06  7.11122E-08
  4.18870E+06  7.15875E-08
  4.18910E+06  7.17857E-08
  4.18950E+06  7.16981E-08
  4.18990E+06  7.13302E-08
  4.19030E+06  7.06806E-08
  4.19070E+06  6.97595E-08
  4.19110E+06  6.85793E-08
  4.19150E+06  6.71471E-08
  4.19190E+06  6.54853E-08
  4.19230E+06  6.36062E-08
  4.19270E+06  6.15358E-08
  4.19310E+06  5.92972E-08
  4.19350E+06  5.69080E-08
  4.19390E+06  5.44026E-08
  4.19430E+06  5.17959E-08
  4.19470E+06  4.91261E-08
  4.19510E+06  4.64137E-08
  4.19550E+06  4.36741E-08
  4.19590E+06  4.09498E-08
  4.19630E+06  3.82393E-08
  4.19670E+06  3.55930E-08
  4.19710E+06  3.30138E-08
  4.19750E+06  3.05003E-08
  4.19790E+06  2.81052E-08
  4.19830E+06  2.57915E-08
  4.19870E+06  2.36282E-08
  4.19910E+06  2.15894E-08
  4.19950E+06  1.96480E-08
  4.19990E+06  1.78765E-08
  4.20030E+06  1.61914E-08
  4.20070E+06  1.46897E-08
  4.20110E+06  1.33134E-08
  4.20150E+06  1.20145E-08
  4.20190E+06  1.08861E-08
  4.20230E+06  9.81080E-09
  4.20270E+06  8.90399E-09
  4.20310E+06  8.09016E-09
  4.20350E+06  7.30913E-09
  4.20390E+06  6.67137E-09
  4.20430E+06  6.04189E-09
  4.20470E+06  5.54838E-09
  4.20510E+06  5.10880E-09
  4.20550E+06  4.66492E-09
  4.20590E+06  4.32751E-09
  4.20630E+06  3.96929E-09
  4.20670E+06  3.70977E-09
  4.20710E+06  3.47598E-09
  4.20750E+06  3.22059E-09
  4.20790E+06  3.03890E-09
  4.20830E+06  2.83190E-09
  4.20870E+06  2.68743E-09
  4.20910E+06  2.55506E-09
  4.20950E+06  2.40591E-09
  4.20990E+06  2.29904E-09
  4.21030E+06  2.18051E-09
  4.21070E+06  2.09244E-09
  4.21110E+06  2.01200E-09
  4.21150E+06  1.92698E-09
  4.21190E+06  1.86225E-09
  4.21230E+06  1.79673E-09
  4.21270E+06  1.74498E-09
  4.21310E+06  1.69987E-09
  4.21350E+06  1.65596E-09
  4.21390E+06  1.62314E-09
  4.21430E+06  1.59206E-09
  4.21470E+06  1.56964E-09
  4.21510E+06  1.55253E-09
  4.21550E+06  1.53667E-09
  4.21590E+06  1.52829E-09
  4.21630E+06  1.52033E-09
  4.21670E+06  1.51857E-09
  4.21710E+06  1.51995E-09
  4.21750E+06  1.52066E-09
  4.21790E+06  1.52639E-09
  4.21830E+06  1.52996E-09
  4.21870E+06  1.53715E-09
  4.21910E+06  1.54560E-09
  4.21950E+06  1.55087E-09
  4.21990E+06  1.55899E-09
  4.22030E+06  1.56269E-09
  4.22070E+06  1.56801E-09
  4.22110E+06  1.57347E-09
  4.22150E+06  1.57397E-09
  4.22190E+06  1.57655E-09
  4.22230E+06  1.57394E-09
  4.22270E+06  1.57146E-09
  4.22310E+06  1.56956E-09
  4.22350E+06  1.56267E-09
  4.22390E+06  1.55789E-09
  4.22430E+06  1.54926E-09
  4.22470E+06  1.54077E-09
  4.22510E+06  1.53477E-09
  4.22550E+06  1.52572E-09
  4.22590E+06  1.52035E-09
  4.22630E+06  1.51309E-09
  4.22670E+06  1.50813E-09
  4.22710E+06  1.50796E-09
  4.22750E+06  1.50740E-09
  4.22790E+06  1.51356E-09
  4.22830E+06  1.52021E-09
  4.22870E+06  1.53167E-09
  4.22910E+06  1.54993E-09
  4.22950E+06  1.57039E-09
  4.22990E+06  1.59822E-09
  4.23030E+06  1.62922E-09
  4.23070E+06  1.66631E-09
  4.23110E+06  1.71053E-09
  4.23150E+06  1.75772E-09
  4.23190E+06  1.81237E-09
  4.23230E+06  1.86985E-09
  4.23270E+06  1.93279E-09
  4.23310E+06  2.00061E-09
  4.23350E+06  2.07044E-09
  4.23390E+06  2.14493E-09
  4.23430E+06  2.21976E-09
  4.23470E+06  2.29710E-09
  4.23510E+06  2.37576E-09
  4.23550E+06  2.45257E-09
  4.23590E+06  2.53005E-09
  4.23630E+06  2.60377E-09
  4.23670E+06  2.67570E-09
  4.23710E+06  2.74470E-09
  4.23750E+06  2.80703E-09
  4.23790E+06  2.86605E-09
  4.23830E+06  2.91687E-09
  4.23870E+06  2.96221E-09
  4.23910E+06  3.00073E-09
  4.23950E+06  3.02966E-09
  4.23990E+06  3.05210E-09
  4.24030E+06  3.06417E-09
  4.24070E+06  3.06844E-09
  4.24110E+06  3.06509E-09
  4.24150E+06  3.05114E-09
  4.24190E+06  3.03073E-09
  4.24230E+06  3.00035E-09
  4.24270E+06  2.96299E-09
  4.24310E+06  2.91990E-09
  4.24350E+06  2.86841E-09
  4.24390E+06  2.81293E-09
  4.24430E+06  2.75083E-09
  4.24470E+06  2.68520E-09
  4.24510E+06  2.61742E-09
  4.24550E+06  2.54579E-09
  4.24590E+06  2.47434E-09
  4.24630E+06  2.40065E-09
  4.24670E+06  2.32785E-09
  4.24710E+06  2.25783E-09
  4.24750E+06  2.18748E-09
  4.24790E+06  2.12161E-09
  4.24830E+06  2.05699E-09
  4.24870E+06  1.99722E-09
  4.24910E+06  1.94300E-09
  4.24950E+06  1.89114E-09
  4.24990E+06  1.84650E-09
  4.25030E+06  1.80435E-09
  4.25070E+06  1.76902E-09
  4.25110E+06  1.74013E-09
  4.25150E+06  1.71363E-09
  4.25190E+06  1.69451E-09
  4.25230E+06  1.67745E-09
  4.25270E+06  1.66722E-09
  4.25310E+06  1.66154E-09
  4.25350E+06  1.65733E-09
  4.25390E+06  1.65910E-09
  4.25430E+06  1.66071E-09
  4.25470E+06  1.66764E-09
  4.25510E+06  1.67686E-09
  4.25550E+06  1.68493E-09
  4.25590E+06  1.69686E-09
  4.25630E+06  1.70657E-09
  4.25670E+06  1.71902E-09
  4.25710E+06  1.73126E-09
  4.25750E+06  1.73989E-09
  4.25790E+06  1.75036E-09
  4.25830E+06  1.75685E-09
  4.25870E+06  1.76366E-09
  4.25910E+06  1.76850E-09
  4.25950E+06  1.76891E-09
  4.25990E+06  1.76851E-09
  4.26030E+06  1.76317E-09
  4.26070E+06  1.75641E-09
  4.26110E+06  1.74684E-09
  4.26150E+06  1.73223E-09
  4.26190E+06  1.71616E-09
  4.26230E+06  1.69544E-09
  4.26270E+06  1.67230E-09
  4.26310E+06  1.64659E-09
  4.26350E+06  1.61648E-09
  4.26390E+06  1.58501E-09
  4.26430E+06  1.54990E-09
  4.26470E+06  1.51327E-09
  4.26510E+06  1.47533E-09
  4.26550E+06  1.43451E-09
  4.26590E+06  1.39377E-09
  4.26630E+06  1.35086E-09
  4.26670E+06  1.30840E-09
  4.26710E+06  1.26639E-09
  4.26750E+06  1.22349E-09
  4.26790E+06  1.18285E-09
  4.26830E+06  1.14194E-09
  4.26870E+06  1.10315E-09
  4.26910E+06  1.06698E-09
  4.26950E+06  1.03126E-09
  4.26990E+06  9.99661E-10
  4.27030E+06  9.68610E-10
  4.27070E+06  9.41450E-10
  4.27110E+06  9.18965E-10
  4.27150E+06  8.96774E-10
  4.27190E+06  8.80988E-10
  4.27230E+06  8.65273E-10
  4.27270E+06  8.54112E-10
  4.27310E+06  8.50188E-10
  4.27350E+06  8.45230E-10
  4.27390E+06  8.50740E-10
  4.27430E+06  8.54099E-10
  4.27470E+06  8.62227E-10
  4.27510E+06  8.85363E-10
  4.27550E+06  9.03104E-10
  4.27590E+06  9.40840E-10
  4.27630E+06  9.72030E-10
  4.27670E+06  1.01115E-09
  4.27710E+06  1.07791E-09
  4.27750E+06  1.13625E-09
  4.27790E+06  1.22785E-09
  4.27830E+06  1.31276E-09
  4.27870E+06  1.41226E-09
  4.27910E+06  1.55848E-09
  4.27950E+06  1.69694E-09
  4.27990E+06  1.88990E-09
  4.28030E+06  2.08005E-09
  4.28070E+06  2.29780E-09
  4.28110E+06  2.58725E-09
  4.28150E+06  2.87665E-09
  4.28190E+06  3.24349E-09
  4.28230E+06  3.62055E-09
  4.28270E+06  4.04278E-09
  4.28310E+06  4.55877E-09
  4.28350E+06  5.09152E-09
  4.28390E+06  5.71937E-09
  4.28430E+06  6.37737E-09
  4.28470E+06  7.09847E-09
  4.28510E+06  7.92888E-09
  4.28550E+06  8.79259E-09
  4.28590E+06  9.75741E-09
  4.28630E+06  1.07685E-08
  4.28670E+06  1.18504E-08
  4.28710E+06  1.30308E-08
  4.28750E+06  1.42564E-08
  4.28790E+06  1.55673E-08
  4.28830E+06  1.69238E-08
  4.28870E+06  1.83370E-08
  4.28910E+06  1.98166E-08
  4.28950E+06  2.13258E-08
  4.28990E+06  2.28798E-08
  4.29030E+06  2.44504E-08
  4.29070E+06  2.60358E-08
  4.29110E+06  2.76314E-08
  4.29150E+06  2.92114E-08
  4.29190E+06  3.07753E-08
  4.29230E+06  3.22988E-08
  4.29270E+06  3.37738E-08
  4.29310E+06  3.51909E-08
  4.29350E+06  3.65271E-08
  4.29390E+06  3.77773E-08
  4.29430E+06  3.89214E-08
  4.29470E+06  3.99514E-08
  4.29510E+06  4.08591E-08
  4.29550E+06  4.16275E-08
  4.29590E+06  4.22544E-08
  4.29630E+06  4.27274E-08
  4.29670E+06  4.30440E-08
  4.29710E+06  4.32023E-08
  4.29750E+06  4.31957E-08
  4.29790E+06  4.30295E-08
  4.29830E+06  4.27008E-08
  4.29870E+06  4.22167E-08
  4.29910E+06  4.15840E-08
  4.29950E+06  4.08056E-08
  4.29990E+06  3.98956E-08
  4.30030E+06  3.88592E-08
  4.30070E+06  3.77126E-08
  4.30110E+06  3.64681E-08
  4.30150E+06  3.51346E-08
  4.30190E+06  3.37326E-08
  4.30230E+06  3.22684E-08
  4.30270E+06  3.07648E-08
  4.30310E+06  2.92333E-08
  4.30350E+06  2.76799E-08
  4.30390E+06  2.61308E-08
  4.30430E+06  2.45815E-08
  4.30470E+06  2.30639E-08
  4.30510E+06  2.15781E-08
  4.30550E+06  2.01205E-08
  4.30590E+06  1.87252E-08
  4.30630E+06  1.73672E-08
  4.30670E+06  1.60888E-08
  4.30710E+06  1.48744E-08
  4.30750E+06  1.37084E-08
  4.30790E+06  1.26331E-08
  4.30830E+06  1.16011E-08
  4.30870E+06  1.06685E-08
  4.30910E+06  9.80348E-09
  4.30950E+06  8.97797E-09
  4.30990E+06  8.24852E-09
  4.31030E+06  7.54544E-09
  4.31070E+06  6.94066E-09
  4.31110E+06  6.38957E-09
  4.31150E+06  5.85641E-09
  4.31190E+06  5.40964E-09
  4.31230E+06  4.96783E-09
  4.31270E+06  4.60868E-09
  4.31310E+06  4.28583E-09
  4.31350E+06  3.96248E-09
  4.31390E+06  3.70835E-09
  4.31430E+06  3.44158E-09
  4.31470E+06  3.24016E-09
  4.31510E+06  3.06552E-09
  4.31550E+06  2.87827E-09
  4.31590E+06  2.75005E-09
  4.31630E+06  2.60429E-09
  4.31670E+06  2.50079E-09
  4.31710E+06  2.43295E-09
  4.31750E+06  2.34515E-09
  4.31790E+06  2.32293E-09
  4.31830E+06  2.27818E-09
  4.31870E+06  2.26583E-09
  4.31910E+06  2.33087E-09
  4.31950E+06  2.36362E-09
  4.31990E+06  2.50128E-09
  4.32030E+06  2.61020E-09
  4.32070E+06  2.76115E-09
  4.32110E+06  3.06392E-09
  4.32150E+06  3.32531E-09
  4.32190E+06  3.77585E-09
  4.32230E+06  4.19401E-09
  4.32270E+06  4.69482E-09
  4.32310E+06  5.46461E-09
  4.32350E+06  6.19667E-09
  4.32390E+06  7.23457E-09
  4.32430E+06  8.26650E-09
  4.32470E+06  9.45412E-09
  4.32510E+06  1.10383E-08
  4.32550E+06  1.26361E-08
  4.32590E+06  1.46635E-08
  4.32630E+06  1.67576E-08
  4.32670E+06  1.91065E-08
  4.32710E+06  2.19788E-08
  4.32750E+06  2.49510E-08
  4.32790E+06  2.84523E-08
  4.32830E+06  3.21254E-08
  4.32870E+06  3.61506E-08
  4.32910E+06  4.07658E-08
  4.32950E+06  4.55819E-08
  4.32990E+06  5.09588E-08
  4.33030E+06  5.65929E-08
  4.33070E+06  6.26183E-08
  4.33110E+06  6.91837E-08
  4.33150E+06  7.60016E-08
  4.33190E+06  8.32767E-08
  4.33230E+06  9.08119E-08
  4.33270E+06  9.86551E-08
  4.33310E+06  1.06841E-07
  4.33350E+06  1.15199E-07
  4.33390E+06  1.23777E-07
  4.33430E+06  1.32451E-07
  4.33470E+06  1.41191E-07
  4.33510E+06  1.49958E-07
  4.33550E+06  1.58635E-07
  4.33590E+06  1.67183E-07
  4.33630E+06  1.75502E-07
  4.33670E+06  1.83527E-07
  4.33710E+06  1.91187E-07
  4.33750E+06  1.98386E-07
  4.33790E+06  2.05069E-07
  4.33830E+06  2.11145E-07
  4.33870E+06  2.16553E-07
  4.33910E+06  2.21243E-07
  4.33950E+06  2.25138E-07
  4.33990E+06  2.28212E-07
  4.34030E+06  2.30407E-07
  4.34070E+06  2.31703E-07
  4.34110E+06  2.32092E-07
  4.34150E+06  2.31546E-07
  4.34190E+06  2.30089E-07
  4.34230E+06  2.27716E-07
  4.34270E+06  2.24464E-07
  4.34310E+06  2.20378E-07
  4.34350E+06  2.15483E-07
  4.34390E+06  2.09857E-07
  4.34430E+06  2.03539E-07
  4.34470E+06  1.96621E-07
  4.34510E+06  1.89185E-07
  4.34550E+06  1.81279E-07
  4.34590E+06  1.73036E-07
  4.34630E+06  1.64484E-07
  4.34670E+06  1.55760E-07
  4.34710E+06  1.46955E-07
  4.34750E+06  1.38077E-07
  4.34790E+06  1.29324E-07
  4.34830E+06  1.20617E-07
  4.34870E+06  1.12162E-07
  4.34910E+06  1.04039E-07
  4.34950E+06  9.61104E-08
  4.34990E+06  8.87166E-08
  4.35030E+06  8.15525E-08
  4.35070E+06  7.49297E-08
  4.35110E+06  6.89490E-08
  4.35150E+06  6.32116E-08
  4.35190E+06  5.83349E-08
  4.35230E+06  5.36524E-08
  4.35270E+06  4.96687E-08
  4.35310E+06  4.65762E-08
  4.35350E+06  4.35997E-08
  4.35390E+06  4.17612E-08
  4.35430E+06  3.99889E-08
  4.35470E+06  3.90029E-08
  4.35510E+06  3.91598E-08
  4.35550E+06  3.93055E-08
  4.35590E+06  4.08650E-08
  4.35630E+06  4.24324E-08
  4.35670E+06  4.49199E-08
  4.35710E+06  4.88481E-08
  4.35750E+06  5.27963E-08
  4.35790E+06  5.84273E-08
  4.35830E+06  6.42171E-08
  4.35870E+06  7.11251E-08
  4.35910E+06  7.97633E-08
  4.35950E+06  8.86631E-08
  4.35990E+06  9.94568E-08
  4.36030E+06  1.10730E-07
  4.36070E+06  1.23305E-07
  4.36110E+06  1.37761E-07
  4.36150E+06  1.52821E-07
  4.36190E+06  1.69737E-07
  4.36230E+06  1.87450E-07
  4.36270E+06  2.06474E-07
  4.36310E+06  2.27172E-07
  4.36350E+06  2.48664E-07
  4.36390E+06  2.71595E-07
  4.36430E+06  2.95334E-07
  4.36470E+06  3.20041E-07
  4.36510E+06  3.45765E-07
  4.36550E+06  3.72010E-07
  4.36590E+06  3.98890E-07
  4.36630E+06  4.26029E-07
  4.36670E+06  4.53324E-07
  4.36710E+06  4.80613E-07
  4.36750E+06  5.07554E-07
  4.36790E+06  5.34010E-07
  4.36830E+06  5.59656E-07
  4.36870E+06  5.84291E-07
  4.36910E+06  6.07691E-07
  4.36950E+06  6.29541E-07
  4.36990E+06  6.49679E-07
  4.37030E+06  6.67809E-07
  4.37070E+06  6.83763E-07
  4.37110E+06  6.97380E-07
  4.37150E+06  7.08418E-07
  4.37190E+06  7.16826E-07
  4.37230E+06  7.22404E-07
  4.37270E+06  7.25125E-07
  4.37310E+06  7.24989E-07
  4.37350E+06  7.21888E-07
  4.37390E+06  7.15954E-07
  4.37430E+06  7.07149E-07
  4.37470E+06  6.95632E-07
  4.37510E+06  6.81577E-07
  4.37550E+06  6.65039E-07
  4.37590E+06  6.46330E-07
  4.37630E+06  6.25543E-07
  4.37670E+06  6.03002E-07
  4.37710E+06  5.78988E-07
  4.37750E+06  5.53642E-07
  4.37790E+06  5.27394E-07
  4.37830E+06  5.00344E-07
  4.37870E+06  4.72934E-07
  4.37910E+06  4.45393E-07
  4.37950E+06  4.17823E-07
  4.37990E+06  3.90711E-07
  4.38030E+06  3.63977E-07
  4.38070E+06  3.38166E-07
  4.38110E+06  3.13292E-07
  4.38150E+06  2.89282E-07
  4.38190E+06  2.66705E-07
  4.38230E+06  2.45112E-07
  4.38270E+06  2.25224E-07
  4.38310E+06  2.06730E-07
  4.38350E+06  1.89320E-07
  4.38390E+06  1.73722E-07
  4.38430E+06  1.59047E-07
  4.38470E+06  1.46263E-07
  4.38510E+06  1.34745E-07
  4.38550E+06  1.23973E-07
  4.38590E+06  1.14892E-07
  4.38630E+06  1.06254E-07
  4.38670E+06  9.92664E-08
  4.38710E+06  9.30999E-08
  4.38750E+06  8.71421E-08
  4.38790E+06  8.24862E-08
  4.38830E+06  7.77502E-08
  4.38870E+06  7.42385E-08
  4.38910E+06  7.10858E-08
  4.38950E+06  6.77111E-08
  4.38990E+06  6.52191E-08
  4.39030E+06  6.23403E-08
  4.39070E+06  6.02565E-08
  4.39110E+06  5.82310E-08
  4.39150E+06  5.58316E-08
  4.39190E+06  5.39486E-08
  4.39230E+06  5.16795E-08
  4.39270E+06  4.98255E-08
  4.39310E+06  4.79216E-08
  4.39350E+06  4.57483E-08
  4.39390E+06  4.38062E-08
  4.39430E+06  4.16622E-08
  4.39470E+06  3.96725E-08
  4.39510E+06  3.76565E-08
  4.39550E+06  3.55443E-08
  4.39590E+06  3.35305E-08
  4.39630E+06  3.14748E-08
  4.39670E+06  2.95024E-08
  4.39710E+06  2.75695E-08
  4.39750E+06  2.56535E-08
  4.39790E+06  2.38347E-08
  4.39830E+06  2.20525E-08
  4.39870E+06  2.03820E-08
  4.39910E+06  1.87988E-08
  4.39950E+06  1.72777E-08
  4.39990E+06  1.58838E-08
  4.40030E+06  1.45512E-08
  4.40070E+06  1.33540E-08
  4.40110E+06  1.22571E-08
  4.40150E+06  1.12214E-08
  4.40190E+06  1.03221E-08
  4.40230E+06  9.46920E-09
  4.40270E+06  8.75417E-09
  4.40310E+06  8.12313E-09
  4.40350E+06  7.53037E-09
  4.40390E+06  7.05833E-09
  4.40430E+06  6.60648E-09
  4.40470E+06  6.26952E-09
  4.40510E+06  5.98822E-09
  4.40550E+06  5.71621E-09
  4.40590E+06  5.53735E-09
  4.40630E+06  5.35401E-09
  4.40670E+06  5.25456E-09
  4.40710E+06  5.18283E-09
  4.40750E+06  5.10098E-09
  4.40790E+06  5.07934E-09
  4.40830E+06  5.03939E-09
  4.40870E+06  5.04897E-09
  4.40910E+06  5.06551E-09
  4.40950E+06  5.06351E-09
  4.40990E+06  5.09028E-09
  4.41030E+06  5.09554E-09
  4.41070E+06  5.12007E-09
  4.41110E+06  5.13920E-09
  4.41150E+06  5.13844E-09
  4.41190E+06  5.14325E-09
  4.41230E+06  5.12934E-09
  4.41270E+06  5.11374E-09
  4.41310E+06  5.08665E-09
  4.41350E+06  5.04219E-09
  4.41390E+06  4.99207E-09
  4.41430E+06  4.92544E-09
  4.41470E+06  4.85102E-09
  4.41510E+06  4.76595E-09
  4.41550E+06  4.66672E-09
  4.41590E+06  4.56056E-09
  4.41630E+06  4.44238E-09
  4.41670E+06  4.31860E-09
  4.41710E+06  4.18844E-09
  4.41750E+06  4.04959E-09
  4.41790E+06  3.90854E-09
  4.41830E+06  3.76168E-09
  4.41870E+06  3.61444E-09
  4.41910E+06  3.46636E-09
  4.41950E+06  3.31613E-09
  4.41990E+06  3.16961E-09
  4.42030E+06  3.02254E-09
  4.42070E+06  2.88085E-09
  4.42110E+06  2.74340E-09
  4.42150E+06  2.60816E-09
  4.42190E+06  2.48075E-09
  4.42230E+06  2.35621E-09
  4.42270E+06  2.24053E-09
  4.42310E+06  2.13157E-09
  4.42350E+06  2.02604E-09
  4.42390E+06  1.93045E-09
  4.42430E+06  1.83752E-09
  4.42470E+06  1.75491E-09
  4.42510E+06  1.67889E-09
  4.42550E+06  1.60527E-09
  4.42590E+06  1.54107E-09
  4.42630E+06  1.47767E-09
  4.42670E+06  1.42378E-09
  4.42710E+06  1.37490E-09
  4.42750E+06  1.32580E-09
  4.42790E+06  1.28536E-09
  4.42830E+06  1.24414E-09
  4.42870E+06  1.20994E-09
  4.42910E+06  1.17907E-09
  4.42950E+06  1.14638E-09
  4.42990E+06  1.12077E-09
  4.43030E+06  1.09283E-09
  4.43070E+06  1.07065E-09
  4.43110E+06  1.05080E-09
  4.43150E+06  1.02885E-09
  4.43190E+06  1.01231E-09
  4.43230E+06  9.93936E-10
  4.43270E+06  9.79631E-10
  4.43310E+06  9.67697E-10
  4.43350E+06  9.53817E-10
  4.43390E+06  9.45083E-10
  4.43430E+06  9.35186E-10
  4.43470E+06  9.28509E-10
  4.43510E+06  9.24363E-10
  4.43550E+06  9.19820E-10
  4.43590E+06  9.18788E-10
  4.43630E+06  9.17922E-10
  4.43670E+06  9.19735E-10
  4.43710E+06  9.24299E-10
  4.43750E+06  9.28812E-10
  4.43790E+06  9.37187E-10
  4.43830E+06  9.45668E-10
  4.43870E+06  9.56602E-10
  4.43910E+06  9.69862E-10
  4.43950E+06  9.83307E-10
  4.43990E+06  9.99617E-10
  4.44030E+06  1.01570E-09
  4.44070E+06  1.03401E-09
  4.44110E+06  1.05379E-09
  4.44150E+06  1.07328E-09
  4.44190E+06  1.09428E-09
  4.44230E+06  1.11494E-09
  4.44270E+06  1.13625E-09
  4.44310E+06  1.15783E-09
  4.44350E+06  1.17806E-09
  4.44390E+06  1.19879E-09
  4.44430E+06  1.21756E-09
  4.44470E+06  1.23624E-09
  4.44510E+06  1.25385E-09
  4.44550E+06  1.26923E-09
  4.44590E+06  1.28363E-09
  4.44630E+06  1.29491E-09
  4.44670E+06  1.30492E-09
  4.44710E+06  1.31284E-09
  4.44750E+06  1.31754E-09
  4.44790E+06  1.32051E-09
  4.44830E+06  1.31993E-09
  4.44870E+06  1.31699E-09
  4.44910E+06  1.31173E-09
  4.44950E+06  1.30261E-09
  4.44990E+06  1.29182E-09
  4.45030E+06  1.27747E-09
  4.45070E+06  1.26097E-09
  4.45110E+06  1.24275E-09
  4.45150E+06  1.22123E-09
  4.45190E+06  1.19861E-09
  4.45230E+06  1.17320E-09
  4.45270E+06  1.14675E-09
  4.45310E+06  1.12025E-09
  4.45350E+06  1.09143E-09
  4.45390E+06  1.06418E-09
  4.45430E+06  1.03479E-09
  4.45470E+06  1.00619E-09
  4.45510E+06  9.81213E-10
  4.45550E+06  9.54407E-10
  4.45590E+06  9.33473E-10
  4.45630E+06  9.10757E-10
  4.45670E+06  8.91155E-10
  4.45710E+06  8.80542E-10
  4.45750E+06  8.67977E-10
  4.45790E+06  8.67981E-10
  4.45830E+06  8.65823E-10
  4.45870E+06  8.69743E-10
  4.45910E+06  8.89975E-10
  4.45950E+06  9.08096E-10
  4.45990E+06  9.45226E-10
  4.46030E+06  9.81858E-10
  4.46070E+06  1.02871E-09
  4.46110E+06  1.10047E-09
  4.46150E+06  1.17161E-09
  4.46190E+06  1.27053E-09
  4.46230E+06  1.37142E-09
  4.46270E+06  1.48861E-09
  4.46310E+06  1.63828E-09
  4.46350E+06  1.79223E-09
  4.46390E+06  1.98182E-09
  4.46430E+06  2.17924E-09
  4.46470E+06  2.39943E-09
  4.46510E+06  2.65849E-09
  4.46550E+06  2.92840E-09
  4.46590E+06  3.23640E-09
  4.46630E+06  3.55957E-09
  4.46670E+06  3.90980E-09
  4.46710E+06  4.29934E-09
  4.46750E+06  4.70393E-09
  4.46790E+06  5.14392E-09
  4.46830E+06  5.60165E-09
  4.46870E+06  6.08383E-09
  4.46910E+06  6.59434E-09
  4.46950E+06  7.11936E-09
  4.46990E+06  7.66633E-09
  4.47030E+06  8.22448E-09
  4.47070E+06  8.79436E-09
  4.47110E+06  9.37401E-09
  4.47150E+06  9.95487E-09
  4.47190E+06  1.05360E-08
  4.47230E+06  1.11099E-08
  4.47270E+06  1.16733E-08
  4.47310E+06  1.22217E-08
  4.47350E+06  1.27478E-08
  4.47390E+06  1.32484E-08
  4.47430E+06  1.37165E-08
  4.47470E+06  1.41483E-08
  4.47510E+06  1.45391E-08
  4.47550E+06  1.48832E-08
  4.47590E+06  1.51782E-08
  4.47630E+06  1.54189E-08
  4.47670E+06  1.56032E-08
  4.47710E+06  1.57291E-08
  4.47750E+06  1.57931E-08
  4.47790E+06  1.57962E-08
  4.47830E+06  1.57361E-08
  4.47870E+06  1.56147E-08
  4.47910E+06  1.54332E-08
  4.47950E+06  1.51919E-08
  4.47990E+06  1.48954E-08
  4.48030E+06  1.45450E-08
  4.48070E+06  1.41462E-08
  4.48110E+06  1.37034E-08
  4.48150E+06  1.32200E-08
  4.48190E+06  1.27033E-08
  4.48230E+06  1.21562E-08
  4.48270E+06  1.15872E-08
  4.48310E+06  1.10014E-08
  4.48350E+06  1.04022E-08
  4.48390E+06  9.79942E-09
  4.48430E+06  9.19326E-09
  4.48470E+06  8.59484E-09
  4.48510E+06  8.00640E-09
  4.48550E+06  7.42826E-09
  4.48590E+06  6.87216E-09
  4.48630E+06  6.33192E-09
  4.48670E+06  5.82160E-09
  4.48710E+06  5.33790E-09
  4.48750E+06  4.87542E-09
  4.48790E+06  4.45031E-09
  4.48830E+06  4.04620E-09
  4.48870E+06  3.68220E-09
  4.48910E+06  3.34811E-09
  4.48950E+06  3.03442E-09
  4.48990E+06  2.75987E-09
  4.49030E+06  2.50017E-09
  4.49070E+06  2.28022E-09
  4.49110E+06  2.08444E-09
  4.49150E+06  1.89905E-09
  4.49190E+06  1.74835E-09
  4.49230E+06  1.60289E-09
  4.49270E+06  1.48977E-09
  4.49310E+06  1.39147E-09
  4.49350E+06  1.29389E-09
  4.49390E+06  1.22319E-09
  4.49430E+06  1.14917E-09
  4.49470E+06  1.09927E-09
  4.49510E+06  1.05667E-09
  4.49550E+06  1.00986E-09
  4.49590E+06  9.80658E-10
  4.49630E+06  9.44706E-10
  4.49670E+06  9.24844E-10
  4.49710E+06  9.07768E-10
  4.49750E+06  8.85578E-10
  4.49790E+06  8.73880E-10
  4.49830E+06  8.57815E-10
  4.49870E+06  8.48781E-10
  4.49910E+06  8.40702E-10
  4.49950E+06  8.29700E-10
  4.49990E+06  8.23077E-10
  4.50030E+06  8.14426E-10
  4.50070E+06  8.08209E-10
  4.50110E+06  8.02455E-10
  4.50150E+06  7.95454E-10
  4.50190E+06  7.90051E-10
  4.50230E+06  7.83477E-10
  4.50270E+06  7.77882E-10
  4.50310E+06  7.72867E-10
  4.50350E+06  7.66883E-10
  4.50390E+06  7.62299E-10
  4.50430E+06  7.56737E-10
  4.50470E+06  7.51775E-10
  4.50510E+06  7.48541E-10
  4.50550E+06  7.43726E-10
  4.50590E+06  7.41735E-10
  4.50630E+06  7.38024E-10
  4.50670E+06  7.35442E-10
  4.50710E+06  7.35945E-10
  4.50750E+06  7.34659E-10
  4.50790E+06  7.39575E-10
  4.50830E+06  7.41506E-10
  4.50870E+06  7.45507E-10
  4.50910E+06  7.60559E-10
  4.50950E+06  7.70216E-10
  4.50990E+06  7.95604E-10
  4.51030E+06  8.14832E-10
  4.51070E+06  8.39031E-10
  4.51110E+06  8.87048E-10
  4.51150E+06  9.26876E-10
  4.51190E+06  9.96642E-10
  4.51230E+06  1.05930E-09
  4.51270E+06  1.13376E-09
  4.51310E+06  1.25222E-09
  4.51350E+06  1.36200E-09
  4.51390E+06  1.52540E-09
  4.51430E+06  1.68320E-09
  4.51470E+06  1.86573E-09
  4.51510E+06  2.12243E-09
  4.51550E+06  2.37420E-09
  4.51590E+06  2.70441E-09
  4.51630E+06  3.04160E-09
  4.51670E+06  3.42319E-09
  4.51710E+06  3.90420E-09
  4.51750E+06  4.39789E-09
  4.51790E+06  4.99565E-09
  4.51830E+06  5.61993E-09
  4.51870E+06  6.31055E-09
  4.51910E+06  7.12062E-09
  4.51950E+06  7.96524E-09
  4.51990E+06  8.92590E-09
  4.52030E+06  9.93565E-09
  4.52070E+06  1.10267E-08
  4.52110E+06  1.22338E-08
  4.52150E+06  1.34949E-08
  4.52190E+06  1.48600E-08
  4.52230E+06  1.62844E-08
  4.52270E+06  1.77829E-08
  4.52310E+06  1.93683E-08
  4.52350E+06  2.10013E-08
  4.52390E+06  2.27001E-08
  4.52430E+06  2.44351E-08
  4.52470E+06  2.62049E-08
  4.52510E+06  2.80033E-08
  4.52550E+06  2.98060E-08
  4.52590E+06  3.16074E-08
  4.52630E+06  3.33860E-08
  4.52670E+06  3.51293E-08
  4.52710E+06  3.68226E-08
  4.52750E+06  3.84451E-08
  4.52790E+06  3.99841E-08
  4.52830E+06  4.14201E-08
  4.52870E+06  4.27389E-08
  4.52910E+06  4.39265E-08
  4.52950E+06  4.49662E-08
  4.52990E+06  4.58484E-08
  4.53030E+06  4.65592E-08
  4.53070E+06  4.70912E-08
  4.53110E+06  4.74383E-08
  4.53150E+06  4.75926E-08
  4.53190E+06  4.75545E-08
  4.53230E+06  4.73208E-08
  4.53270E+06  4.68957E-08
  4.53310E+06  4.62842E-08
  4.53350E+06  4.54905E-08
  4.53390E+06  4.45271E-08
  4.53430E+06  4.34010E-08
  4.53470E+06  4.21288E-08
  4.53510E+06  4.07247E-08
  4.53550E+06  3.92009E-08
  4.53590E+06  3.75796E-08
  4.53630E+06  3.58726E-08
  4.53670E+06  3.41032E-08
  4.53710E+06  3.22878E-08
  4.53750E+06  3.04389E-08
  4.53790E+06  2.85839E-08
  4.53830E+06  2.67254E-08
  4.53870E+06  2.48960E-08
  4.53910E+06  2.31019E-08
  4.53950E+06  2.13443E-08
  4.53990E+06  1.96580E-08
  4.54030E+06  1.80240E-08
  4.54070E+06  1.64839E-08
  4.54110E+06  1.50266E-08
  4.54150E+06  1.36383E-08
  4.54190E+06  1.23618E-08
  4.54230E+06  1.11510E-08
  4.54270E+06  1.00616E-08
  4.54310E+06  9.06315E-09
  4.54350E+06  8.12449E-09
  4.54390E+06  7.30562E-09
  4.54430E+06  6.52993E-09
  4.54470E+06  5.87605E-09
  4.54510E+06  5.29394E-09
  4.54550E+06  4.74361E-09
  4.54590E+06  4.29732E-09
  4.54630E+06  3.86408E-09
  4.54670E+06  3.53065E-09
  4.54710E+06  3.24391E-09
  4.54750E+06  2.95824E-09
  4.54790E+06  2.75757E-09
  4.54830E+06  2.54415E-09
  4.54870E+06  2.40586E-09
  4.54910E+06  2.29842E-09
  4.54950E+06  2.17407E-09
  4.54990E+06  2.11745E-09
  4.55030E+06  2.03956E-09
  4.55070E+06  2.00961E-09
  4.55110E+06  2.01120E-09
  4.55150E+06  1.99174E-09
  4.55190E+06  2.03200E-09
  4.55230E+06  2.05187E-09
  4.55270E+06  2.10317E-09
  4.55310E+06  2.20728E-09
  4.55350E+06  2.28975E-09
  4.55390E+06  2.44381E-09
  4.55430E+06  2.58370E-09
  4.55470E+06  2.75478E-09
  4.55510E+06  3.00830E-09
  4.55550E+06  3.25120E-09
  4.55590E+06  3.59259E-09
  4.55630E+06  3.93225E-09
  4.55670E+06  4.32252E-09
  4.55710E+06  4.83285E-09
  4.55750E+06  5.35156E-09
  4.55790E+06  5.99997E-09
  4.55830E+06  6.67345E-09
  4.55870E+06  7.42721E-09
  4.55910E+06  8.32957E-09
  4.55950E+06  9.27206E-09
  4.55990E+06  1.03655E-08
  4.56030E+06  1.15173E-08
  4.56070E+06  1.27749E-08
  4.56110E+06  1.41927E-08
  4.56150E+06  1.56769E-08
  4.56190E+06  1.73093E-08
  4.56230E+06  1.90204E-08
  4.56270E+06  2.08385E-08
  4.56310E+06  2.27854E-08
  4.56350E+06  2.48052E-08
  4.56390E+06  2.69289E-08
  4.56430E+06  2.91170E-08
  4.56470E+06  3.13716E-08
  4.56510E+06  3.36877E-08
  4.56550E+06  3.60312E-08
  4.56590E+06  3.83984E-08
  4.56630E+06  4.07618E-08
  4.56670E+06  4.31063E-08
  4.56710E+06  4.54116E-08
  4.56750E+06  4.76516E-08
  4.56790E+06  4.98081E-08
  4.56830E+06  5.18553E-08
  4.56870E+06  5.37741E-08
  4.56910E+06  5.55417E-08
  4.56950E+06  5.71363E-08
  4.56990E+06  5.85411E-08
  4.57030E+06  5.97364E-08
  4.57070E+06  6.07091E-08
  4.57110E+06  6.14451E-08
  4.57150E+06  6.19331E-08
  4.57190E+06  6.21680E-08
  4.57230E+06  6.21429E-08
  4.57270E+06  6.18593E-08
  4.57310E+06  6.13180E-08
  4.57350E+06  6.05232E-08
  4.57390E+06  5.94854E-08
  4.57430E+06  5.82135E-08
  4.57470E+06  5.67245E-08
  4.57510E+06  5.50339E-08
  4.57550E+06  5.31589E-08
  4.57590E+06  5.11237E-08
  4.57630E+06  4.89463E-08
  4.57670E+06  4.66557E-08
  4.57710E+06  4.42730E-08
  4.57750E+06  4.18184E-08
  4.57790E+06  3.93250E-08
  4.57830E+06  3.68043E-08
  4.57870E+06  3.42943E-08
  4.57910E+06  3.18077E-08
  4.57950E+06  2.93546E-08
  4.57990E+06  2.69742E-08
  4.58030E+06  2.46551E-08
  4.58070E+06  2.24450E-08
  4.58110E+06  2.03359E-08
  4.58150E+06  1.83185E-08
  4.58190E+06  1.64423E-08
  4.58230E+06  1.46574E-08
  4.58270E+06  1.30343E-08
  4.58310E+06  1.15353E-08
  4.58350E+06  1.01278E-08
  4.58390E+06  8.88191E-09
  4.58430E+06  7.71036E-09
  4.58470E+06  6.70295E-09
  4.58510E+06  5.80021E-09
  4.58550E+06  4.95189E-09
  4.58590E+06  4.25143E-09
  4.58630E+06  3.58283E-09
  4.58670E+06  3.05518E-09
  4.58710E+06  2.59533E-09
  4.58750E+06  2.14901E-09
  4.58790E+06  1.81791E-09
  4.58830E+06  1.48364E-09
  4.58870E+06  1.25330E-09
  4.58910E+06  1.05744E-09
  4.58950E+06  8.50042E-10
  4.58990E+06  7.21200E-10
  4.59030E+06  5.71053E-10
  4.59070E+06  4.90848E-10
  4.59110E+06  4.23979E-10
  4.59150E+06  3.39233E-10
  4.59190E+06  3.00704E-10
  4.59230E+06  2.47096E-10
  4.59270E+06  2.26052E-10
  4.59310E+06  2.08842E-10
  4.59350E+06  1.82552E-10
  4.59390E+06  1.74112E-10
  4.59430E+06  1.59453E-10
  4.59470E+06  1.55891E-10
  4.59510E+06  1.53226E-10
  4.59550E+06  1.48216E-10
  4.59590E+06  1.47543E-10
  4.59630E+06  1.45646E-10
  4.59670E+06  1.46038E-10
  4.59710E+06  1.46731E-10
  4.59750E+06  1.47116E-10
  4.59790E+06  1.48261E-10
  4.59830E+06  1.49356E-10
  4.59870E+06  1.50676E-10
  4.59910E+06  1.52167E-10
  4.59950E+06  1.53499E-10
  4.59990E+06  1.54995E-10
  4.60030E+06  1.56329E-10
  4.60070E+06  1.57613E-10
  4.60110E+06  1.58857E-10
  4.60150E+06  1.59765E-10
  4.60190E+06  1.60690E-10
  4.60230E+06  1.61244E-10
  4.60270E+06  1.61709E-10
  4.60310E+06  1.62047E-10
  4.60350E+06  1.61923E-10
  4.60390E+06  1.61754E-10
  4.60430E+06  1.61046E-10
  4.60470E+06  1.60324E-10
  4.60510E+06  1.59384E-10
  4.60550E+06  1.58110E-10
  4.60590E+06  1.56742E-10
  4.60630E+06  1.55100E-10
  4.60670E+06  1.53328E-10
  4.60710E+06  1.51432E-10
  4.60750E+06  1.49305E-10
  4.60790E+06  1.47274E-10
  4.60830E+06  1.45093E-10
  4.60870E+06  1.42942E-10
  4.60910E+06  1.40934E-10
  4.60950E+06  1.38805E-10
  4.60990E+06  1.36850E-10
  4.61030E+06  1.34855E-10
  4.61070E+06  1.32978E-10
  4.61110E+06  1.31292E-10
  4.61150E+06  1.29461E-10
  4.61190E+06  1.28057E-10
  4.61230E+06  1.26614E-10
  4.61270E+06  1.25307E-10
  4.61310E+06  1.24173E-10
  4.61350E+06  1.23003E-10
  4.61390E+06  1.22061E-10
  4.61430E+06  1.21053E-10
  4.61470E+06  1.20218E-10
  4.61510E+06  1.19637E-10
  4.61550E+06  1.18930E-10
  4.61590E+06  1.18400E-10
  4.61630E+06  1.17762E-10
  4.61670E+06  1.17358E-10
  4.61710E+06  1.17129E-10
  4.61750E+06  1.16750E-10
  4.61790E+06  1.16712E-10
  4.61830E+06  1.16622E-10
  4.61870E+06  1.16731E-10
  4.61910E+06  1.16960E-10
  4.61950E+06  1.17176E-10
  4.61990E+06  1.17683E-10
  4.62030E+06  1.18168E-10
  4.62070E+06  1.18858E-10
  4.62110E+06  1.19704E-10
  4.62150E+06  1.20455E-10
  4.62190E+06  1.21497E-10
  4.62230E+06  1.22446E-10
  4.62270E+06  1.23549E-10
  4.62310E+06  1.24678E-10
  4.62350E+06  1.25742E-10
  4.62390E+06  1.26834E-10
  4.62430E+06  1.27741E-10
  4.62470E+06  1.28648E-10
  4.62510E+06  1.29552E-10
  4.62550E+06  1.30175E-10
  4.62590E+06  1.30714E-10
  4.62630E+06  1.30949E-10
  4.62670E+06  1.31053E-10
  4.62710E+06  1.30991E-10
  4.62750E+06  1.30601E-10
  4.62790E+06  1.30101E-10
  4.62830E+06  1.29205E-10
  4.62870E+06  1.28199E-10
  4.62910E+06  1.27007E-10
  4.62950E+06  1.25498E-10
  4.62990E+06  1.24017E-10
  4.63030E+06  1.22200E-10
  4.63070E+06  1.20323E-10
  4.63110E+06  1.18349E-10
  4.63150E+06  1.16227E-10
  4.63190E+06  1.14139E-10
  4.63230E+06  1.11896E-10
  4.63270E+06  1.09778E-10
  4.63310E+06  1.07793E-10
  4.63350E+06  1.05712E-10
  4.63390E+06  1.03822E-10
  4.63430E+06  1.01986E-10
  4.63470E+06  1.00311E-10
  4.63510E+06  9.88106E-11
  4.63550E+06  9.73781E-11
  4.63590E+06  9.61491E-11
  4.63630E+06  9.50517E-11
  4.63670E+06  9.41199E-11
  4.63710E+06  9.33898E-11
  4.63750E+06  9.26959E-11
  4.63790E+06  9.21902E-11
  4.63830E+06  9.16511E-11
  4.63870E+06  9.13340E-11
  4.63910E+06  9.11330E-11
  4.63950E+06  9.08443E-11
  4.63990E+06  9.06965E-11
  4.64030E+06  9.04274E-11
  4.64070E+06  9.02316E-11
  4.64110E+06  9.00481E-11
  4.64150E+06  8.96484E-11
  4.64190E+06  8.93517E-11
  4.64230E+06  8.88518E-11
  4.64270E+06  8.83324E-11
  4.64310E+06  8.77672E-11
  4.64350E+06  8.69856E-11
  4.64390E+06  8.62059E-11
  4.64430E+06  8.51434E-11
  4.64470E+06  8.41681E-11
  4.64510E+06  8.32051E-11
  4.64550E+06  8.20395E-11
  4.64590E+06  8.08670E-11
  4.64630E+06  7.95655E-11
  4.64670E+06  7.83382E-11
  4.64710E+06  7.71611E-11
  4.64750E+06  7.58844E-11
  4.64790E+06  7.47439E-11
  4.64830E+06  7.36005E-11
  4.64870E+06  7.25369E-11
  4.64910E+06  7.15889E-11
  4.64950E+06  7.06515E-11
  4.64990E+06  6.99023E-11
  4.65030E+06  6.91773E-11
  4.65070E+06  6.86207E-11
  4.65110E+06  6.82342E-11
  4.65150E+06  6.78617E-11
  4.65190E+06  6.76649E-11
  4.65230E+06  6.75315E-11
  4.65270E+06  6.75037E-11
  4.65310E+06  6.75918E-11
  4.65350E+06  6.76797E-11
  4.65390E+06  6.79078E-11
  4.65430E+06  6.80270E-11
  4.65470E+06  6.82882E-11
  4.65510E+06  6.86125E-11
  4.65550E+06  6.88322E-11
  4.65590E+06  6.91006E-11
  4.65630E+06  6.92679E-11
  4.65670E+06  6.94502E-11
  4.65710E+06  6.96182E-11
  4.65750E+06  6.96343E-11
  4.65790E+06  6.97328E-11
  4.65830E+06  6.96743E-11
  4.65870E+06  6.95914E-11
  4.65910E+06  6.95083E-11
  4.65950E+06  6.92169E-11
  4.65990E+06  6.90751E-11
  4.66030E+06  6.88127E-11
  4.66070E+06  6.85335E-11
  4.66110E+06  6.83769E-11
  4.66150E+06  6.80654E-11
  4.66190E+06  6.78287E-11
  4.66230E+06  6.74929E-11
  4.66270E+06  6.72834E-11
  4.66310E+06  6.71465E-11
  4.66350E+06  6.70042E-11
  4.66390E+06  6.69315E-11
  4.66430E+06  6.68843E-11
  4.66470E+06  6.69434E-11
  4.66510E+06  6.71788E-11
  4.66550E+06  6.74095E-11
  4.66590E+06  6.77398E-11
  4.66630E+06  6.80885E-11
  4.66670E+06  6.85801E-11
  4.66710E+06  6.91686E-11
  4.66750E+06  6.97979E-11
  4.66790E+06  7.05099E-11
  4.66830E+06  7.12270E-11
  4.66870E+06  7.20492E-11
  4.66910E+06  7.29637E-11
  4.66950E+06  7.38162E-11
  4.66990E+06  7.47431E-11
  4.67030E+06  7.55751E-11
  4.67070E+06  7.64346E-11
  4.67110E+06  7.72601E-11
  4.67150E+06  7.79527E-11
  4.67190E+06  7.86456E-11
  4.67230E+06  7.91505E-11
  4.67270E+06  7.95914E-11
  4.67310E+06  7.99975E-11
  4.67350E+06  8.01433E-11
  4.67390E+06  8.02057E-11
  4.67430E+06  7.99941E-11
  4.67470E+06  7.97205E-11
  4.67510E+06  7.93656E-11
  4.67550E+06  7.87870E-11
  4.67590E+06  7.80982E-11
  4.67630E+06  7.71974E-11
  4.67670E+06  7.62402E-11
  4.67710E+06  7.52236E-11
  4.67750E+06  7.40654E-11
  4.67790E+06  7.29614E-11
  4.67830E+06  7.17352E-11
  4.67870E+06  7.05431E-11
  4.67910E+06  6.93878E-11
  4.67950E+06  6.82264E-11
  4.67990E+06  6.71620E-11
  4.68030E+06  6.61263E-11
  4.68070E+06  6.52469E-11
  4.68110E+06  6.45377E-11
  4.68150E+06  6.38832E-11
  4.68190E+06  6.34291E-11
  4.68230E+06  6.30293E-11
  4.68270E+06  6.28008E-11
  4.68310E+06  6.27177E-11
  4.68350E+06  6.26919E-11
  4.68390E+06  6.28641E-11
  4.68430E+06  6.30499E-11
  4.68470E+06  6.33737E-11
  4.68510E+06  6.38185E-11
  4.68550E+06  6.42405E-11
  4.68590E+06  6.47030E-11
  4.68630E+06  6.51348E-11
  4.68670E+06  6.55913E-11
  4.68710E+06  6.60115E-11
  4.68750E+06  6.63210E-11
  4.68790E+06  6.66343E-11
  4.68830E+06  6.68134E-11
  4.68870E+06  6.69590E-11
  4.68910E+06  6.69981E-11
  4.68950E+06  6.68670E-11
  4.68990E+06  6.66915E-11
  4.69030E+06  6.62785E-11
  4.69070E+06  6.58878E-11
  4.69110E+06  6.53713E-11
  4.69150E+06  6.47041E-11
  4.69190E+06  6.39555E-11
  4.69230E+06  6.30602E-11
  4.69270E+06  6.20978E-11
  4.69310E+06  6.10312E-11
  4.69350E+06  5.98658E-11
  4.69390E+06  5.86070E-11
  4.69430E+06  5.71767E-11
  4.69470E+06  5.57647E-11
  4.69510E+06  5.42681E-11
  4.69550E+06  5.26770E-11
  4.69590E+06  5.10283E-11
  4.69630E+06  4.92910E-11
  4.69670E+06  4.75069E-11
  4.69710E+06  4.56597E-11
  4.69750E+06  4.37552E-11
  4.69790E+06  4.17997E-11
  4.69830E+06  3.97509E-11
  4.69870E+06  3.77282E-11
  4.69910E+06  3.56766E-11
  4.69950E+06  3.35774E-11
  4.69990E+06  3.15067E-11
  4.70030E+06  2.94221E-11
  4.70070E+06  2.73729E-11
  4.70110E+06  2.53500E-11
  4.70150E+06  2.33369E-11
  4.70190E+06  2.14102E-11
  4.70230E+06  1.94608E-11
  4.70270E+06  1.76846E-11
  4.70310E+06  1.59839E-11
  4.70350E+06  1.43385E-11
  4.70390E+06  1.28202E-11
  4.70430E+06  1.13309E-11
  4.70470E+06  1.00229E-11
  4.70510E+06  8.81279E-12
  4.70550E+06  7.67301E-12
  4.70590E+06  6.66810E-12
  4.70630E+06  5.72564E-12
  4.70670E+06  4.91712E-12
  4.70710E+06  4.19584E-12
  4.70750E+06  3.49958E-12
  4.70790E+06  2.95287E-12
  4.70830E+06  2.45847E-12
  4.70870E+06  2.04812E-12
  4.70910E+06  1.69480E-12
  4.70950E+06  1.39298E-12
  4.70990E+06  1.13719E-12
  4.71030E+06  8.72395E-13
  4.71070E+06  7.04816E-13
  4.71110E+06  5.65468E-13
  4.71150E+06  4.07134E-13
  4.71190E+06  3.23556E-13
  4.71230E+06  2.38729E-13
  4.71270E+06  1.87395E-13
  4.71310E+06  1.46038E-13
  4.71350E+06  8.40681E-14
  4.71390E+06  6.48729E-14
  4.71430E+06  1.00000E-35
  4.71470E+06  1.00000E-35
  4.71510E+06  1.00000E-35
  4.71550E+06  1.00000E-35
  4.71590E+06  1.00000E-35
  4.71630E+06  1.00000E-35
  4.71670E+06  1.00000E-35
  4.71710E+06  1.00000E-35
  4.71750E+06  1.00000E-35
  4.71790E+06  1.00000E-35
  4.71830E+06  1.00000E-35
  4.71870E+06  1.00000E-35
  4.71910E+06  1.00000E-35
  4.71950E+06  1.00000E-35
  4.71990E+06  1.00000E-35
  4.72030E+06  1.00000E-35
  4.72070E+06  1.00000E-35
  4.72110E+06  1.00000E-35
  4.72150E+06  1.00000E-35
  4.72190E+06  1.00000E-35
  4.72230E+06  1.00000E-35
  4.72270E+06  1.00000E-35
  4.72310E+06  1.00000E-35
  4.72350E+06  1.00000E-35
  4.72390E+06  1.00000E-35
  4.72430E+06  1.00000E-35
  4.72470E+06  1.00000E-35
  4.72510E+06  1.00000E-35
  4.72550E+06  1.00000E-35
  4.72590E+06  1.00000E-35
  4.72630E+06  1.00000E-35
  4.72670E+06  1.00000E-35
  4.72710E+06  1.00000E-35
  4.72750E+06  1.00000E-35
  4.72790E+06  1.00000E-35
  4.72830E+06  1.00000E-35
  4.72870E+06  1.00000E-35
  4.72910E+06  1.00000E-35
  4.72950E+06  1.00000E-35
  4.72990E+06  1.00000E-35
  4.73030E+06  1.00000E-35
  4.73070E+06  1.00000E-35
  4.73110E+06  1.00000E-35
  4.73150E+06  1.00000E-35
  4.73190E+06  1.00000E-35
  4.73230E+06  1.00000E-35
  4.73270E+06  1.00000E-35
  4.73310E+06  1.00000E-35
  4.73350E+06  1.00000E-35
  4.73390E+06  1.00000E-35
  4.73430E+06  1.00000E-35
  4.73470E+06  1.00000E-35
  4.73510E+06  1.00000E-35
  4.73550E+06  1.00000E-35
  4.73590E+06  1.00000E-35
  4.73630E+06  1.00000E-35
  4.73670E+06  1.00000E-35
  4.73710E+06  1.00000E-35
  4.73750E+06  1.00000E-35
  4.73790E+06  1.00000E-35
  4.73830E+06  1.00000E-35
  4.73870E+06  1.00000E-35
  4.73910E+06  1.00000E-35
  4.73950E+06  1.00000E-35
  4.73990E+06  1.00000E-35
  4.74030E+06  1.00000E-35
  4.74070E+06  1.00000E-35
  4.74110E+06  1.00000E-35
  4.74150E+06  1.00000E-35
  4.74190E+06  1.00000E-35
  4.74230E+06  1.00000E-35
  4.74270E+06  1.00000E-35
  4.74310E+06  1.00000E-35
  4.74350E+06  1.00000E-35
