  3.70080E+06  2.91397E-12
  3.70120E+06  3.07952E-12
  3.70160E+06  3.24000E-12
  3.70200E+06  3.39577E-12
  3.70240E+06  3.54360E-12
  3.70280E+06  3.68381E-12
  3.70320E+06  3.82000E-12
  3.70360E+06  3.94473E-12
  3.70400E+06  4.06092E-12
  3.70440E+06  4.16987E-12
  3.70480E+06  4.26925E-12
  3.70520E+06  4.36020E-12
  3.70560E+06  4.44423E-12
  3.70600E+06  4.51917E-12
  3.70640E+06  4.58621E-12
  3.70680E+06  4.65241E-12
  3.70720E+06  4.70611E-12
  3.70760E+06  4.75266E-12
  3.70800E+06  4.79766E-12
  3.70840E+06  4.83168E-12
  3.70880E+06  4.85895E-12
  3.70920E+06  4.88356E-12
  3.70960E+06  4.89840E-12
  3.71000E+06  4.90663E-12
  3.71040E+06  4.91515E-12
  3.71080E+06  4.91226E-12
  3.71120E+06  4.90339E-12
  3.71160E+06  4.89848E-12
  3.71200E+06  4.88141E-12
  3.71240E+06  4.86012E-12
  3.71280E+06  4.83943E-12
  3.71320E+06  4.81303E-12
  3.71360E+06  4.78498E-12
  3.71400E+06  4.75902E-12
  3.71440E+06  4.73145E-12
  3.71480E+06  4.70543E-12
  3.71520E+06  4.68234E-12
  3.71560E+06  4.66317E-12
  3.71600E+06  4.64852E-12
  3.71640E+06  4.63626E-12
  3.71680E+06  4.63652E-12
  3.71720E+06  4.64307E-12
  3.71760E+06  4.65968E-12
  3.71800E+06  4.68177E-12
  3.71840E+06  4.71074E-12
  3.71880E+06  4.74998E-12
  3.71920E+06  4.79424E-12
  3.71960E+06  4.84391E-12
  3.72000E+06  4.90010E-12
  3.72040E+06  4.95933E-12
  3.72080E+06  5.02079E-12
  3.72120E+06  5.08277E-12
  3.72160E+06  5.14624E-12
  3.72200E+06  5.20784E-12
  3.72240E+06  5.26860E-12
  3.72280E+06  5.32496E-12
  3.72320E+06  5.37594E-12
  3.72360E+06  5.42267E-12
  3.72400E+06  5.46207E-12
  3.72440E+06  5.49406E-12
  3.72480E+06  5.51476E-12
  3.72520E+06  5.53355E-12
  3.72560E+06  5.54440E-12
  3.72600E+06  5.55002E-12
  3.72640E+06  5.54853E-12
  3.72680E+06  5.54064E-12
  3.72720E+06  5.52561E-12
  3.72760E+06  5.50893E-12
  3.72800E+06  5.48797E-12
  3.72840E+06  5.46552E-12
  3.72880E+06  5.43994E-12
  3.72920E+06  5.41228E-12
  3.72960E+06  5.37916E-12
  3.73000E+06  5.35046E-12
  3.73040E+06  5.32065E-12
  3.73080E+06  5.29577E-12
  3.73120E+06  5.26651E-12
  3.73160E+06  5.23676E-12
  3.73200E+06  5.21298E-12
  3.73240E+06  5.18568E-12
  3.73280E+06  5.15803E-12
  3.73320E+06  5.13723E-12
  3.73360E+06  5.11147E-12
  3.73400E+06  5.08576E-12
  3.73440E+06  5.06329E-12
  3.73480E+06  5.03952E-12
  3.73520E+06  5.01650E-12
  3.73560E+06  4.99341E-12
  3.73600E+06  4.97539E-12
  3.73640E+06  4.95921E-12
  3.73680E+06  4.94808E-12
  3.73720E+06  4.94026E-12
  3.73760E+06  4.93610E-12
  3.73800E+06  4.94134E-12
  3.73840E+06  4.94948E-12
  3.73880E+06  4.96327E-12
  3.73920E+06  4.98339E-12
  3.73960E+06  5.01259E-12
  3.74000E+06  5.04844E-12
  3.74040E+06  5.09057E-12
  3.74080E+06  5.14369E-12
  3.74120E+06  5.20327E-12
  3.74160E+06  5.26998E-12
  3.74200E+06  5.34332E-12
  3.74240E+06  5.42168E-12
  3.74280E+06  5.50489E-12
  3.74320E+06  5.59200E-12
  3.74360E+06  5.68127E-12
  3.74400E+06  5.77461E-12
  3.74440E+06  5.86608E-12
  3.74480E+06  5.95617E-12
  3.74520E+06  6.04906E-12
  3.74560E+06  6.13647E-12
  3.74600E+06  6.21917E-12
  3.74640E+06  6.29746E-12
  3.74680E+06  6.37046E-12
  3.74720E+06  6.43613E-12
  3.74760E+06  6.49136E-12
  3.74800E+06  6.54277E-12
  3.74840E+06  6.58529E-12
  3.74880E+06  6.61972E-12
  3.74920E+06  6.64603E-12
  3.74960E+06  6.66334E-12
  3.75000E+06  6.67251E-12
  3.75040E+06  6.67382E-12
  3.75080E+06  6.66697E-12
  3.75120E+06  6.66199E-12
  3.75160E+06  6.64530E-12
  3.75200E+06  6.62257E-12
  3.75240E+06  6.60241E-12
  3.75280E+06  6.57382E-12
  3.75320E+06  6.54196E-12
  3.75360E+06  6.51249E-12
  3.75400E+06  6.47923E-12
  3.75440E+06  6.44563E-12
  3.75480E+06  6.41387E-12
  3.75520E+06  6.38487E-12
  3.75560E+06  6.35819E-12
  3.75600E+06  6.33533E-12
  3.75640E+06  6.31704E-12
  3.75680E+06  6.30335E-12
  3.75720E+06  6.29303E-12
  3.75760E+06  6.29127E-12
  3.75800E+06  6.29529E-12
  3.75840E+06  6.30833E-12
  3.75880E+06  6.32569E-12
  3.75920E+06  6.34897E-12
  3.75960E+06  6.38498E-12
  3.76000E+06  6.42380E-12
  3.76040E+06  6.46744E-12
  3.76080E+06  6.50775E-12
  3.76120E+06  6.56031E-12
  3.76160E+06  6.61437E-12
  3.76200E+06  6.67068E-12
  3.76240E+06  6.72795E-12
  3.76280E+06  6.78289E-12
  3.76320E+06  6.83095E-12
  3.76360E+06  6.87782E-12
  3.76400E+06  6.91798E-12
  3.76440E+06  6.95110E-12
  3.76480E+06  6.97601E-12
  3.76520E+06  6.99075E-12
  3.76560E+06  6.99479E-12
  3.76600E+06  6.98996E-12
  3.76640E+06  6.97333E-12
  3.76680E+06  6.94135E-12
  3.76720E+06  6.90373E-12
  3.76760E+06  6.85485E-12
  3.76800E+06  6.80370E-12
  3.76840E+06  6.73950E-12
  3.76880E+06  6.66744E-12
  3.76920E+06  6.58497E-12
  3.76960E+06  6.50294E-12
  3.77000E+06  6.41692E-12
  3.77040E+06  6.33208E-12
  3.77080E+06  6.24508E-12
  3.77120E+06  6.15834E-12
  3.77160E+06  6.07785E-12
  3.77200E+06  5.99759E-12
  3.77240E+06  5.92101E-12
  3.77280E+06  5.85127E-12
  3.77320E+06  5.78667E-12
  3.77360E+06  5.72783E-12
  3.77400E+06  5.67747E-12
  3.77440E+06  5.63594E-12
  3.77480E+06  5.60130E-12
  3.77520E+06  5.57785E-12
  3.77560E+06  5.56106E-12
  3.77600E+06  5.55188E-12
  3.77640E+06  5.55380E-12
  3.77680E+06  5.56210E-12
  3.77720E+06  5.57816E-12
  3.77760E+06  5.60279E-12
  3.77800E+06  5.63575E-12
  3.77840E+06  5.67576E-12
  3.77880E+06  5.72579E-12
  3.77920E+06  5.78061E-12
  3.77960E+06  5.84108E-12
  3.78000E+06  5.90145E-12
  3.78040E+06  5.97516E-12
  3.78080E+06  6.05183E-12
  3.78120E+06  6.12769E-12
  3.78160E+06  6.21131E-12
  3.78200E+06  6.29496E-12
  3.78240E+06  6.37933E-12
  3.78280E+06  6.46346E-12
  3.78320E+06  6.54480E-12
  3.78360E+06  6.62372E-12
  3.78400E+06  6.69932E-12
  3.78440E+06  6.76946E-12
  3.78480E+06  6.83541E-12
  3.78520E+06  6.89407E-12
  3.78560E+06  6.94522E-12
  3.78600E+06  6.99001E-12
  3.78640E+06  7.02563E-12
  3.78680E+06  7.05246E-12
  3.78720E+06  7.07814E-12
  3.78760E+06  7.09081E-12
  3.78800E+06  7.09488E-12
  3.78840E+06  7.08523E-12
  3.78880E+06  7.07641E-12
  3.78920E+06  7.05971E-12
  3.78960E+06  7.05097E-12
  3.79000E+06  7.02504E-12
  3.79040E+06  6.99441E-12
  3.79080E+06  6.95783E-12
  3.79120E+06  6.92341E-12
  3.79160E+06  6.88707E-12
  3.79200E+06  6.84986E-12
  3.79240E+06  6.81274E-12
  3.79280E+06  6.77661E-12
  3.79320E+06  6.74877E-12
  3.79360E+06  6.72054E-12
  3.79400E+06  6.69583E-12
  3.79440E+06  6.68068E-12
  3.79480E+06  6.66849E-12
  3.79520E+06  6.66151E-12
  3.79560E+06  6.66479E-12
  3.79600E+06  6.67139E-12
  3.79640E+06  6.68382E-12
  3.79680E+06  6.70488E-12
  3.79720E+06  6.73441E-12
  3.79760E+06  6.76923E-12
  3.79800E+06  6.81487E-12
  3.79840E+06  6.86145E-12
  3.79880E+06  6.91234E-12
  3.79920E+06  6.96581E-12
  3.79960E+06  7.02591E-12
  3.80000E+06  7.08824E-12
  3.80040E+06  7.14958E-12
  3.80080E+06  7.21628E-12
  3.80120E+06  7.28285E-12
  3.80160E+06  7.34990E-12
  3.80200E+06  7.41677E-12
  3.80240E+06  7.48152E-12
  3.80280E+06  7.54722E-12
  3.80320E+06  7.61102E-12
  3.80360E+06  7.67128E-12
  3.80400E+06  7.72960E-12
  3.80440E+06  7.78566E-12
  3.80480E+06  7.83722E-12
  3.80520E+06  7.89088E-12
  3.80560E+06  7.93698E-12
  3.80600E+06  7.97828E-12
  3.80640E+06  8.01420E-12
  3.80680E+06  8.04693E-12
  3.80720E+06  8.07429E-12
  3.80760E+06  8.09742E-12
  3.80800E+06  8.11623E-12
  3.80840E+06  8.12935E-12
  3.80880E+06  8.13533E-12
  3.80920E+06  8.13894E-12
  3.80960E+06  8.13687E-12
  3.81000E+06  8.12925E-12
  3.81040E+06  8.11866E-12
  3.81080E+06  8.10306E-12
  3.81120E+06  8.07888E-12
  3.81160E+06  8.05592E-12
  3.81200E+06  8.02865E-12
  3.81240E+06  8.00146E-12
  3.81280E+06  7.96988E-12
  3.81320E+06  7.93496E-12
  3.81360E+06  7.89918E-12
  3.81400E+06  7.86019E-12
  3.81440E+06  7.81800E-12
  3.81480E+06  7.77028E-12
  3.81520E+06  7.72143E-12
  3.81560E+06  7.66824E-12
  3.81600E+06  7.60868E-12
  3.81640E+06  7.54935E-12
  3.81680E+06  7.48404E-12
  3.81720E+06  7.41475E-12
  3.81760E+06  7.33883E-12
  3.81800E+06  7.25621E-12
  3.81840E+06  7.16079E-12
  3.81880E+06  7.06932E-12
  3.81920E+06  6.97130E-12
  3.81960E+06  6.86974E-12
  3.82000E+06  6.76311E-12
  3.82040E+06  6.65251E-12
  3.82080E+06  6.54595E-12
  3.82120E+06  6.43289E-12
  3.82160E+06  6.31990E-12
  3.82200E+06  6.20370E-12
  3.82240E+06  6.09742E-12
  3.82280E+06  5.99480E-12
  3.82320E+06  5.89243E-12
  3.82360E+06  5.80317E-12
  3.82400E+06  5.72042E-12
  3.82440E+06  5.65069E-12
  3.82480E+06  5.58749E-12
  3.82520E+06  5.53276E-12
  3.82560E+06  5.48690E-12
  3.82600E+06  5.45471E-12
  3.82640E+06  5.43112E-12
  3.82680E+06  5.41619E-12
  3.82720E+06  5.41196E-12
  3.82760E+06  5.41533E-12
  3.82800E+06  5.42955E-12
  3.82840E+06  5.44933E-12
  3.82880E+06  5.47521E-12
  3.82920E+06  5.51001E-12
  3.82960E+06  5.54839E-12
  3.83000E+06  5.59123E-12
  3.83040E+06  5.63512E-12
  3.83080E+06  5.68658E-12
  3.83120E+06  5.74062E-12
  3.83160E+06  5.79521E-12
  3.83200E+06  5.85698E-12
  3.83240E+06  5.91977E-12
  3.83280E+06  5.98101E-12
  3.83320E+06  6.04737E-12
  3.83360E+06  6.11334E-12
  3.83400E+06  6.17829E-12
  3.83440E+06  6.24650E-12
  3.83480E+06  6.31278E-12
  3.83520E+06  6.38141E-12
  3.83560E+06  6.44474E-12
  3.83600E+06  6.50467E-12
  3.83640E+06  6.56186E-12
  3.83680E+06  6.61567E-12
  3.83720E+06  6.66417E-12
  3.83760E+06  6.71017E-12
  3.83800E+06  6.74843E-12
  3.83840E+06  6.77996E-12
  3.83880E+06  6.80815E-12
  3.83920E+06  6.82807E-12
  3.83960E+06  6.84083E-12
  3.84000E+06  6.84960E-12
  3.84040E+06  6.84991E-12
  3.84080E+06  6.84394E-12
  3.84120E+06  6.82862E-12
  3.84160E+06  6.81404E-12
  3.84200E+06  6.79475E-12
  3.84240E+06  6.77424E-12
  3.84280E+06  6.75097E-12
  3.84320E+06  6.72553E-12
  3.84360E+06  6.70421E-12
  3.84400E+06  6.67826E-12
  3.84440E+06  6.65245E-12
  3.84480E+06  6.62331E-12
  3.84520E+06  6.60055E-12
  3.84560E+06  6.57845E-12
  3.84600E+06  6.55550E-12
  3.84640E+06  6.53622E-12
  3.84680E+06  6.51687E-12
  3.84720E+06  6.49969E-12
  3.84760E+06  6.48177E-12
  3.84800E+06  6.46233E-12
  3.84840E+06  6.44068E-12
  3.84880E+06  6.41859E-12
  3.84920E+06  6.39316E-12
  3.84960E+06  6.36414E-12
  3.85000E+06  6.33351E-12
  3.85040E+06  6.29832E-12
  3.85080E+06  6.26598E-12
  3.85120E+06  6.22469E-12
  3.85160E+06  6.17925E-12
  3.85200E+06  6.13473E-12
  3.85240E+06  6.08450E-12
  3.85280E+06  6.03165E-12
  3.85320E+06  5.97669E-12
  3.85360E+06  5.92518E-12
  3.85400E+06  5.87336E-12
  3.85440E+06  5.82176E-12
  3.85480E+06  5.77617E-12
  3.85520E+06  5.73332E-12
  3.85560E+06  5.69698E-12
  3.85600E+06  5.66585E-12
  3.85640E+06  5.64069E-12
  3.85680E+06  5.62265E-12
  3.85720E+06  5.61490E-12
  3.85760E+06  5.61542E-12
  3.85800E+06  5.62602E-12
  3.85840E+06  5.64706E-12
  3.85880E+06  5.67739E-12
  3.85920E+06  5.72420E-12
  3.85960E+06  5.77543E-12
  3.86000E+06  5.83560E-12
  3.86040E+06  5.90845E-12
  3.86080E+06  5.98846E-12
  3.86120E+06  6.07518E-12
  3.86160E+06  6.16713E-12
  3.86200E+06  6.26544E-12
  3.86240E+06  6.36674E-12
  3.86280E+06  6.47020E-12
  3.86320E+06  6.57676E-12
  3.86360E+06  6.68202E-12
  3.86400E+06  6.77934E-12
  3.86440E+06  6.87916E-12
  3.86480E+06  6.97334E-12
  3.86520E+06  7.06062E-12
  3.86560E+06  7.14232E-12
  3.86600E+06  7.21517E-12
  3.86640E+06  7.27832E-12
  3.86680E+06  7.33349E-12
  3.86720E+06  7.37785E-12
  3.86760E+06  7.41130E-12
  3.86800E+06  7.43601E-12
  3.86840E+06  7.44922E-12
  3.86880E+06  7.45055E-12
  3.86920E+06  7.44248E-12
  3.86960E+06  7.42314E-12
  3.87000E+06  7.39619E-12
  3.87040E+06  7.35719E-12
  3.87080E+06  7.30796E-12
  3.87120E+06  7.24914E-12
  3.87160E+06  7.18355E-12
  3.87200E+06  7.10906E-12
  3.87240E+06  7.02757E-12
  3.87280E+06  6.93977E-12
  3.87320E+06  6.84512E-12
  3.87360E+06  6.75033E-12
  3.87400E+06  6.64687E-12
  3.87440E+06  6.53965E-12
  3.87480E+06  6.43591E-12
  3.87520E+06  6.32738E-12
  3.87560E+06  6.21887E-12
  3.87600E+06  6.11048E-12
  3.87640E+06  6.00823E-12
  3.87680E+06  5.90968E-12
  3.87720E+06  5.81565E-12
  3.87760E+06  5.72966E-12
  3.87800E+06  5.65071E-12
  3.87840E+06  5.58375E-12
  3.87880E+06  5.52484E-12
  3.87920E+06  5.47538E-12
  3.87960E+06  5.43256E-12
  3.88000E+06  5.40603E-12
  3.88040E+06  5.38934E-12
  3.88080E+06  5.37979E-12
  3.88120E+06  5.38406E-12
  3.88160E+06  5.39678E-12
  3.88200E+06  5.41362E-12
  3.88240E+06  5.44306E-12
  3.88280E+06  5.47788E-12
  3.88320E+06  5.51712E-12
  3.88360E+06  5.56190E-12
  3.88400E+06  5.60824E-12
  3.88440E+06  5.65507E-12
  3.88480E+06  5.70346E-12
  3.88520E+06  5.74947E-12
  3.88560E+06  5.79463E-12
  3.88600E+06  5.83552E-12
  3.88640E+06  5.87097E-12
  3.88680E+06  5.90153E-12
  3.88720E+06  5.92657E-12
  3.88760E+06  5.94438E-12
  3.88800E+06  5.95808E-12
  3.88840E+06  5.96529E-12
  3.88880E+06  5.96535E-12
  3.88920E+06  5.95820E-12
  3.88960E+06  5.94919E-12
  3.89000E+06  5.93473E-12
  3.89040E+06  5.92194E-12
  3.89080E+06  5.90247E-12
  3.89120E+06  5.88103E-12
  3.89160E+06  5.85772E-12
  3.89200E+06  5.83849E-12
  3.89240E+06  5.82084E-12
  3.89280E+06  5.81010E-12
  3.89320E+06  5.80028E-12
  3.89360E+06  5.79547E-12
  3.89400E+06  5.80160E-12
  3.89440E+06  5.81221E-12
  3.89480E+06  5.82997E-12
  3.89520E+06  5.85888E-12
  3.89560E+06  5.89425E-12
  3.89600E+06  5.93709E-12
  3.89640E+06  5.98690E-12
  3.89680E+06  6.04547E-12
  3.89720E+06  6.10965E-12
  3.89760E+06  6.18188E-12
  3.89800E+06  6.25631E-12
  3.89840E+06  6.33315E-12
  3.89880E+06  6.40821E-12
  3.89920E+06  6.48716E-12
  3.89960E+06  6.56409E-12
  3.90000E+06  6.64165E-12
  3.90040E+06  6.71378E-12
  3.90080E+06  6.78007E-12
  3.90120E+06  6.84348E-12
  3.90160E+06  6.89836E-12
  3.90200E+06  6.94478E-12
  3.90240E+06  6.97691E-12
  3.90280E+06  7.00616E-12
  3.90320E+06  7.02540E-12
  3.90360E+06  7.03103E-12
  3.90400E+06  7.03261E-12
  3.90440E+06  7.02426E-12
  3.90480E+06  7.01011E-12
  3.90520E+06  6.98597E-12
  3.90560E+06  6.95359E-12
  3.90600E+06  6.91705E-12
  3.90640E+06  6.87236E-12
  3.90680E+06  6.82172E-12
  3.90720E+06  6.76228E-12
  3.90760E+06  6.70424E-12
  3.90800E+06  6.64213E-12
  3.90840E+06  6.58177E-12
  3.90880E+06  6.51675E-12
  3.90920E+06  6.44988E-12
  3.90960E+06  6.38655E-12
  3.91000E+06  6.32022E-12
  3.91040E+06  6.25394E-12
  3.91080E+06  6.18743E-12
  3.91120E+06  6.12348E-12
  3.91160E+06  6.06074E-12
  3.91200E+06  5.99809E-12
  3.91240E+06  5.94054E-12
  3.91280E+06  5.88493E-12
  3.91320E+06  5.83558E-12
  3.91360E+06  5.78800E-12
  3.91400E+06  5.74321E-12
  3.91440E+06  5.70167E-12
  3.91480E+06  5.66589E-12
  3.91520E+06  5.63334E-12
  3.91560E+06  5.60543E-12
  3.91600E+06  5.58220E-12
  3.91640E+06  5.56237E-12
  3.91680E+06  5.54817E-12
  3.91720E+06  5.53954E-12
  3.91760E+06  5.53417E-12
  3.91800E+06  5.53496E-12
  3.91840E+06  5.53946E-12
  3.91880E+06  5.54696E-12
  3.91920E+06  5.55378E-12
  3.91960E+06  5.56919E-12
  3.92000E+06  5.58689E-12
  3.92040E+06  5.61047E-12
  3.92080E+06  5.63508E-12
  3.92120E+06  5.66176E-12
  3.92160E+06  5.69416E-12
  3.92200E+06  5.72750E-12
  3.92240E+06  5.76290E-12
  3.92280E+06  5.80090E-12
  3.92320E+06  5.84388E-12
  3.92360E+06  5.88887E-12
  3.92400E+06  5.93611E-12
  3.92440E+06  5.98794E-12
  3.92480E+06  6.04163E-12
  3.92520E+06  6.09937E-12
  3.92560E+06  6.15861E-12
  3.92600E+06  6.21910E-12
  3.92640E+06  6.27900E-12
  3.92680E+06  6.34250E-12
  3.92720E+06  6.40561E-12
  3.92760E+06  6.47211E-12
  3.92800E+06  6.53417E-12
  3.92840E+06  6.59382E-12
  3.92880E+06  6.64666E-12
  3.92920E+06  6.70129E-12
  3.92960E+06  6.75073E-12
  3.93000E+06  6.79063E-12
  3.93040E+06  6.82971E-12
  3.93080E+06  6.86117E-12
  3.93120E+06  6.89273E-12
  3.93160E+06  6.90976E-12
  3.93200E+06  6.91826E-12
  3.93240E+06  6.92137E-12
  3.93280E+06  6.91426E-12
  3.93320E+06  6.89839E-12
  3.93360E+06  6.87411E-12
  3.93400E+06  6.84405E-12
  3.93440E+06  6.80590E-12
  3.93480E+06  6.76285E-12
  3.93520E+06  6.71315E-12
  3.93560E+06  6.65725E-12
  3.93600E+06  6.60214E-12
  3.93640E+06  6.53927E-12
  3.93680E+06  6.47316E-12
  3.93720E+06  6.40264E-12
  3.93760E+06  6.33585E-12
  3.93800E+06  6.26878E-12
  3.93840E+06  6.20415E-12
  3.93880E+06  6.14308E-12
  3.93920E+06  6.08503E-12
  3.93960E+06  6.03686E-12
  3.94000E+06  5.99008E-12
  3.94040E+06  5.94940E-12
  3.94080E+06  5.92169E-12
  3.94120E+06  5.89808E-12
  3.94160E+06  5.88257E-12
  3.94200E+06  5.87598E-12
  3.94240E+06  5.88080E-12
  3.94280E+06  5.89398E-12
  3.94320E+06  5.91661E-12
  3.94360E+06  5.94833E-12
  3.94400E+06  5.98731E-12
  3.94440E+06  6.03973E-12
  3.94480E+06  6.09541E-12
  3.94520E+06  6.15646E-12
  3.94560E+06  6.21878E-12
  3.94600E+06  6.29091E-12
  3.94640E+06  6.36545E-12
  3.94680E+06  6.44208E-12
  3.94720E+06  6.52230E-12
  3.94760E+06  6.60232E-12
  3.94800E+06  6.68203E-12
  3.94840E+06  6.76071E-12
  3.94880E+06  6.83704E-12
  3.94920E+06  6.90510E-12
  3.94960E+06  6.97610E-12
  3.95000E+06  7.04256E-12
  3.95040E+06  7.10145E-12
  3.95080E+06  7.15931E-12
  3.95120E+06  7.21085E-12
  3.95160E+06  7.25581E-12
  3.95200E+06  7.29603E-12
  3.95240E+06  7.32835E-12
  3.95280E+06  7.35356E-12
  3.95320E+06  7.37113E-12
  3.95360E+06  7.37930E-12
  3.95400E+06  7.38440E-12
  3.95440E+06  7.37661E-12
  3.95480E+06  7.35857E-12
  3.95520E+06  7.33348E-12
  3.95560E+06  7.29655E-12
  3.95600E+06  7.24929E-12
  3.95640E+06  7.19045E-12
  3.95680E+06  7.12515E-12
  3.95720E+06  7.05054E-12
  3.95760E+06  6.97081E-12
  3.95800E+06  6.88221E-12
  3.95840E+06  6.78736E-12
  3.95880E+06  6.68821E-12
  3.95920E+06  6.58620E-12
  3.95960E+06  6.48220E-12
  3.96000E+06  6.37146E-12
  3.96040E+06  6.26970E-12
  3.96080E+06  6.17019E-12
  3.96120E+06  6.07842E-12
  3.96160E+06  5.99098E-12
  3.96200E+06  5.90980E-12
  3.96240E+06  5.83709E-12
  3.96280E+06  5.77347E-12
  3.96320E+06  5.71800E-12
  3.96360E+06  5.67238E-12
  3.96400E+06  5.63640E-12
  3.96440E+06  5.60798E-12
  3.96480E+06  5.58700E-12
  3.96520E+06  5.57494E-12
  3.96560E+06  5.56781E-12
  3.96600E+06  5.56273E-12
  3.96640E+06  5.56323E-12
  3.96680E+06  5.56508E-12
  3.96720E+06  5.56603E-12
  3.96760E+06  5.56981E-12
  3.96800E+06  5.57186E-12
  3.96840E+06  5.57455E-12
  3.96880E+06  5.57512E-12
  3.96920E+06  5.57284E-12
  3.96960E+06  5.56553E-12
  3.97000E+06  5.56054E-12
  3.97040E+06  5.55314E-12
  3.97080E+06  5.54551E-12
  3.97120E+06  5.53828E-12
  3.97160E+06  5.53054E-12
  3.97200E+06  5.52152E-12
  3.97240E+06  5.51658E-12
  3.97280E+06  5.51287E-12
  3.97320E+06  5.51069E-12
  3.97360E+06  5.51513E-12
  3.97400E+06  5.52175E-12
  3.97440E+06  5.53162E-12
  3.97480E+06  5.54474E-12
  3.97520E+06  5.55997E-12
  3.97560E+06  5.57590E-12
  3.97600E+06  5.59688E-12
  3.97640E+06  5.61875E-12
  3.97680E+06  5.64584E-12
  3.97720E+06  5.67061E-12
  3.97760E+06  5.69510E-12
  3.97800E+06  5.72304E-12
  3.97840E+06  5.74692E-12
  3.97880E+06  5.76955E-12
  3.97920E+06  5.78985E-12
  3.97960E+06  5.80992E-12
  3.98000E+06  5.82778E-12
  3.98040E+06  5.83900E-12
  3.98080E+06  5.85281E-12
  3.98120E+06  5.86348E-12
  3.98160E+06  5.86936E-12
  3.98200E+06  5.87495E-12
  3.98240E+06  5.87661E-12
  3.98280E+06  5.87392E-12
  3.98320E+06  5.87140E-12
  3.98360E+06  5.86412E-12
  3.98400E+06  5.85181E-12
  3.98440E+06  5.83661E-12
  3.98480E+06  5.81599E-12
  3.98520E+06  5.78902E-12
  3.98560E+06  5.75789E-12
  3.98600E+06  5.72077E-12
  3.98640E+06  5.67887E-12
  3.98680E+06  5.63222E-12
  3.98720E+06  5.57964E-12
  3.98760E+06  5.52340E-12
  3.98800E+06  5.46148E-12
  3.98840E+06  5.39474E-12
  3.98880E+06  5.32648E-12
  3.98920E+06  5.25264E-12
  3.98960E+06  5.17606E-12
  3.99000E+06  5.09533E-12
  3.99040E+06  5.01841E-12
  3.99080E+06  4.94113E-12
  3.99120E+06  4.86576E-12
  3.99160E+06  4.79324E-12
  3.99200E+06  4.72321E-12
  3.99240E+06  4.65816E-12
  3.99280E+06  4.59889E-12
  3.99320E+06  4.54448E-12
  3.99360E+06  4.49578E-12
  3.99400E+06  4.45563E-12
  3.99440E+06  4.42169E-12
  3.99480E+06  4.39447E-12
  3.99520E+06  4.37403E-12
  3.99560E+06  4.35989E-12
  3.99600E+06  4.35556E-12
  3.99640E+06  4.35598E-12
  3.99680E+06  4.36189E-12
  3.99720E+06  4.37063E-12
  3.99760E+06  4.38881E-12
  3.99800E+06  4.41083E-12
  3.99840E+06  4.43717E-12
  3.99880E+06  4.46732E-12
  3.99920E+06  4.49985E-12
  3.99960E+06  4.53314E-12
  4.00000E+06  4.57146E-12
  4.00040E+06  4.61069E-12
  4.00080E+06  4.65522E-12
  4.00120E+06  4.69759E-12
  4.00160E+06  4.73999E-12
  4.00200E+06  4.77709E-12
  4.00240E+06  4.82036E-12
  4.00280E+06  4.86222E-12
  4.00320E+06  4.90469E-12
  4.00360E+06  4.94507E-12
  4.00400E+06  4.98311E-12
  4.00440E+06  5.02222E-12
  4.00480E+06  5.05738E-12
  4.00520E+06  5.08948E-12
  4.00560E+06  5.11853E-12
  4.00600E+06  5.14676E-12
  4.00640E+06  5.17139E-12
  4.00680E+06  5.19200E-12
  4.00720E+06  5.21096E-12
  4.00760E+06  5.22633E-12
  4.00800E+06  5.23855E-12
  4.00840E+06  5.24777E-12
  4.00880E+06  5.25384E-12
  4.00920E+06  5.26107E-12
  4.00960E+06  5.26259E-12
  4.01000E+06  5.26176E-12
  4.01040E+06  5.25940E-12
  4.01080E+06  5.25568E-12
  4.01120E+06  5.25007E-12
  4.01160E+06  5.24185E-12
  4.01200E+06  5.23583E-12
  4.01240E+06  5.22799E-12
  4.01280E+06  5.21933E-12
  4.01320E+06  5.20980E-12
  4.01360E+06  5.19835E-12
  4.01400E+06  5.18794E-12
  4.01440E+06  5.17368E-12
  4.01480E+06  5.15718E-12
  4.01520E+06  5.14093E-12
  4.01560E+06  5.12242E-12
  4.01600E+06  5.10133E-12
  4.01640E+06  5.07858E-12
  4.01680E+06  5.05420E-12
  4.01720E+06  5.02733E-12
  4.01760E+06  4.99739E-12
  4.01800E+06  4.96700E-12
  4.01840E+06  4.93474E-12
  4.01880E+06  4.90473E-12
  4.01920E+06  4.87271E-12
  4.01960E+06  4.84035E-12
  4.02000E+06  4.80674E-12
  4.02040E+06  4.77719E-12
  4.02080E+06  4.74886E-12
  4.02120E+06  4.71978E-12
  4.02160E+06  4.69754E-12
  4.02200E+06  4.67776E-12
  4.02240E+06  4.65930E-12
  4.02280E+06  4.64711E-12
  4.02320E+06  4.63784E-12
  4.02360E+06  4.63870E-12
  4.02400E+06  4.63771E-12
  4.02440E+06  4.63956E-12
  4.02480E+06  4.64413E-12
  4.02520E+06  4.65333E-12
  4.02560E+06  4.66401E-12
  4.02600E+06  4.67801E-12
  4.02640E+06  4.69244E-12
  4.02680E+06  4.70690E-12
  4.02720E+06  4.72602E-12
  4.02760E+06  4.74237E-12
  4.02800E+06  4.75785E-12
  4.02840E+06  4.77467E-12
  4.02880E+06  4.79039E-12
  4.02920E+06  4.80519E-12
  4.02960E+06  4.81950E-12
  4.03000E+06  4.83598E-12
  4.03040E+06  4.85238E-12
  4.03080E+06  4.87227E-12
  4.03120E+06  4.89148E-12
  4.03160E+06  4.91233E-12
  4.03200E+06  4.93248E-12
  4.03240E+06  4.95950E-12
  4.03280E+06  4.98933E-12
  4.03320E+06  5.02250E-12
  4.03360E+06  5.06157E-12
  4.03400E+06  5.10392E-12
  4.03440E+06  5.15491E-12
  4.03480E+06  5.20725E-12
  4.03520E+06  5.26245E-12
  4.03560E+06  5.32479E-12
  4.03600E+06  5.38657E-12
  4.03640E+06  5.44956E-12
  4.03680E+06  5.51461E-12
  4.03720E+06  5.57844E-12
  4.03760E+06  5.64081E-12
  4.03800E+06  5.70588E-12
  4.03840E+06  5.76566E-12
  4.03880E+06  5.82155E-12
  4.03920E+06  5.88179E-12
  4.03960E+06  5.93173E-12
  4.04000E+06  5.97671E-12
  4.04040E+06  6.01789E-12
  4.04080E+06  6.05533E-12
  4.04120E+06  6.08796E-12
  4.04160E+06  6.11718E-12
  4.04200E+06  6.14354E-12
  4.04240E+06  6.16674E-12
  4.04280E+06  6.18712E-12
  4.04320E+06  6.20782E-12
  4.04360E+06  6.22762E-12
  4.04400E+06  6.25026E-12
  4.04440E+06  6.27411E-12
  4.04480E+06  6.29922E-12
  4.04520E+06  6.33260E-12
  4.04560E+06  6.36518E-12
  4.04600E+06  6.40042E-12
  4.04640E+06  6.44419E-12
  4.04680E+06  6.48692E-12
  4.04720E+06  6.53218E-12
  4.04760E+06  6.58253E-12
  4.04800E+06  6.63503E-12
  4.04840E+06  6.68847E-12
  4.04880E+06  6.74140E-12
  4.04920E+06  6.79542E-12
  4.04960E+06  6.84802E-12
  4.05000E+06  6.89903E-12
  4.05040E+06  6.94769E-12
  4.05080E+06  6.99264E-12
  4.05120E+06  7.03665E-12
  4.05160E+06  7.07447E-12
  4.05200E+06  7.10711E-12
  4.05240E+06  7.13066E-12
  4.05280E+06  7.15433E-12
  4.05320E+06  7.17181E-12
  4.05360E+06  7.18154E-12
  4.05400E+06  7.18821E-12
  4.05440E+06  7.18838E-12
  4.05480E+06  7.18609E-12
  4.05520E+06  7.17664E-12
  4.05560E+06  7.16083E-12
  4.05600E+06  7.13509E-12
  4.05640E+06  7.10882E-12
  4.05680E+06  7.07580E-12
  4.05720E+06  7.03174E-12
  4.05760E+06  6.98599E-12
  4.05800E+06  6.93295E-12
  4.05840E+06  6.87522E-12
  4.05880E+06  6.81047E-12
  4.05920E+06  6.73854E-12
  4.05960E+06  6.65922E-12
  4.06000E+06  6.57517E-12
  4.06040E+06  6.48476E-12
  4.06080E+06  6.39299E-12
  4.06120E+06  6.29341E-12
  4.06160E+06  6.18962E-12
  4.06200E+06  6.09069E-12
  4.06240E+06  5.98583E-12
  4.06280E+06  5.88013E-12
  4.06320E+06  5.77565E-12
  4.06360E+06  5.67599E-12
  4.06400E+06  5.57910E-12
  4.06440E+06  5.48925E-12
  4.06480E+06  5.40531E-12
  4.06520E+06  5.32789E-12
  4.06560E+06  5.26011E-12
  4.06600E+06  5.20060E-12
  4.06640E+06  5.15061E-12
  4.06680E+06  5.10728E-12
  4.06720E+06  5.08063E-12
  4.06760E+06  5.06495E-12
  4.06800E+06  5.06038E-12
  4.06840E+06  5.07185E-12
  4.06880E+06  5.09470E-12
  4.06920E+06  5.13708E-12
  4.06960E+06  5.18698E-12
  4.07000E+06  5.24804E-12
  4.07040E+06  5.31795E-12
  4.07080E+06  5.40074E-12
  4.07120E+06  5.49241E-12
  4.07160E+06  5.59531E-12
  4.07200E+06  5.70349E-12
  4.07240E+06  5.81702E-12
  4.07280E+06  5.93360E-12
  4.07320E+06  6.05635E-12
  4.07360E+06  6.17960E-12
  4.07400E+06  6.29842E-12
  4.07440E+06  6.42061E-12
  4.07480E+06  6.53808E-12
  4.07520E+06  6.64680E-12
  4.07560E+06  6.75241E-12
  4.07600E+06  6.84884E-12
  4.07640E+06  6.93276E-12
  4.07680E+06  7.01031E-12
  4.07720E+06  7.07564E-12
  4.07760E+06  7.13405E-12
  4.07800E+06  7.17577E-12
  4.07840E+06  7.20454E-12
  4.07880E+06  7.22382E-12
  4.07920E+06  7.22909E-12
  4.07960E+06  7.22218E-12
  4.08000E+06  7.20212E-12
  4.08040E+06  7.17425E-12
  4.08080E+06  7.13584E-12
  4.08120E+06  7.09108E-12
  4.08160E+06  7.03607E-12
  4.08200E+06  6.97314E-12
  4.08240E+06  6.91074E-12
  4.08280E+06  6.83800E-12
  4.08320E+06  6.76055E-12
  4.08360E+06  6.67717E-12
  4.08400E+06  6.59599E-12
  4.08440E+06  6.51290E-12
  4.08480E+06  6.43237E-12
  4.08520E+06  6.35067E-12
  4.08560E+06  6.27025E-12
  4.08600E+06  6.19758E-12
  4.08640E+06  6.12407E-12
  4.08680E+06  6.05476E-12
  4.08720E+06  5.98642E-12
  4.08760E+06  5.92911E-12
  4.08800E+06  5.87746E-12
  4.08840E+06  5.82969E-12
  4.08880E+06  5.79068E-12
  4.08920E+06  5.75767E-12
  4.08960E+06  5.72898E-12
  4.09000E+06  5.70899E-12
  4.09040E+06  5.69376E-12
  4.09080E+06  5.67862E-12
  4.09120E+06  5.67461E-12
  4.09160E+06  5.67265E-12
  4.09200E+06  5.66821E-12
  4.09240E+06  5.66969E-12
  4.09280E+06  5.66984E-12
  4.09320E+06  5.66259E-12
  4.09360E+06  5.65865E-12
  4.09400E+06  5.64973E-12
  4.09440E+06  5.63305E-12
  4.09480E+06  5.61242E-12
  4.09520E+06  5.58398E-12
  4.09560E+06  5.54772E-12
  4.09600E+06  5.50317E-12
  4.09640E+06  5.44941E-12
  4.09680E+06  5.38552E-12
  4.09720E+06  5.31641E-12
  4.09760E+06  5.23839E-12
  4.09800E+06  5.14949E-12
  4.09840E+06  5.06000E-12
  4.09880E+06  4.96386E-12
  4.09920E+06  4.86812E-12
  4.09960E+06  4.76471E-12
  4.10000E+06  4.65896E-12
  4.10040E+06  4.55228E-12
  4.10080E+06  4.44855E-12
  4.10120E+06  4.34694E-12
  4.10160E+06  4.25024E-12
  4.10200E+06  4.15989E-12
  4.10240E+06  4.07592E-12
  4.10280E+06  4.00054E-12
  4.10320E+06  3.93483E-12
  4.10360E+06  3.87875E-12
  4.10400E+06  3.83232E-12
  4.10440E+06  3.79844E-12
  4.10480E+06  3.77574E-12
  4.10520E+06  3.76812E-12
  4.10560E+06  3.77081E-12
  4.10600E+06  3.78473E-12
  4.10640E+06  3.81389E-12
  4.10680E+06  3.85303E-12
  4.10720E+06  3.90199E-12
  4.10760E+06  3.96404E-12
  4.10800E+06  4.03355E-12
  4.10840E+06  4.11037E-12
  4.10880E+06  4.19683E-12
  4.10920E+06  4.28707E-12
  4.10960E+06  4.38141E-12
  4.11000E+06  4.47720E-12
  4.11040E+06  4.57800E-12
  4.11080E+06  4.67931E-12
  4.11120E+06  4.78100E-12
  4.11160E+06  4.88452E-12
  4.11200E+06  4.98583E-12
  4.11240E+06  5.09081E-12
  4.11280E+06  5.18960E-12
  4.11320E+06  5.28516E-12
  4.11360E+06  5.37866E-12
  4.11400E+06  5.47008E-12
  4.11440E+06  5.55824E-12
  4.11480E+06  5.64600E-12
  4.11520E+06  5.73127E-12
  4.11560E+06  5.81411E-12
  4.11600E+06  5.90067E-12
  4.11640E+06  5.98179E-12
  4.11680E+06  6.06160E-12
  4.11720E+06  6.14715E-12
  4.11760E+06  6.22671E-12
  4.11800E+06  6.30553E-12
  4.11840E+06  6.38552E-12
  4.11880E+06  6.46407E-12
  4.11920E+06  6.54128E-12
  4.11960E+06  6.62222E-12
  4.12000E+06  6.69937E-12
  4.12040E+06  6.77420E-12
  4.12080E+06  6.84826E-12
  4.12120E+06  6.91875E-12
  4.12160E+06  6.98560E-12
  4.12200E+06  7.05006E-12
  4.12240E+06  7.10932E-12
  4.12280E+06  7.16370E-12
  4.12320E+06  7.22277E-12
  4.12360E+06  7.26972E-12
  4.12400E+06  7.31135E-12
  4.12440E+06  7.35087E-12
  4.12480E+06  7.38341E-12
  4.12520E+06  7.41034E-12
  4.12560E+06  7.43566E-12
  4.12600E+06  7.45467E-12
  4.12640E+06  7.46829E-12
  4.12680E+06  7.48103E-12
  4.12720E+06  7.48840E-12
  4.12760E+06  7.49120E-12
  4.12800E+06  7.49832E-12
  4.12840E+06  7.49844E-12
  4.12880E+06  7.49579E-12
  4.12920E+06  7.49473E-12
  4.12960E+06  7.49124E-12
  4.13000E+06  7.48719E-12
  4.13040E+06  7.48326E-12
  4.13080E+06  7.48257E-12
  4.13120E+06  7.48353E-12
  4.13160E+06  7.49201E-12
  4.13200E+06  7.50164E-12
  4.13240E+06  7.51525E-12
  4.13280E+06  7.53370E-12
  4.13320E+06  7.55740E-12
  4.13360E+06  7.58623E-12
  4.13400E+06  7.61772E-12
  4.13440E+06  7.65880E-12
  4.13480E+06  7.70430E-12
  4.13520E+06  7.74904E-12
  4.13560E+06  7.80401E-12
  4.13600E+06  7.86067E-12
  4.13640E+06  7.91975E-12
  4.13680E+06  7.97991E-12
  4.13720E+06  8.03769E-12
  4.13760E+06  8.09555E-12
  4.13800E+06  8.14712E-12
  4.13840E+06  8.19154E-12
  4.13880E+06  8.22919E-12
  4.13920E+06  8.25617E-12
  4.13960E+06  8.27145E-12
  4.14000E+06  8.27439E-12
  4.14040E+06  8.26640E-12
  4.14080E+06  8.24384E-12
  4.14120E+06  8.20730E-12
  4.14160E+06  8.15925E-12
  4.14200E+06  8.09683E-12
  4.14240E+06  8.02633E-12
  4.14280E+06  7.94190E-12
  4.14320E+06  7.84695E-12
  4.14360E+06  7.74355E-12
  4.14400E+06  7.63614E-12
  4.14440E+06  7.52426E-12
  4.14480E+06  7.41051E-12
  4.14520E+06  7.29962E-12
  4.14560E+06  7.19123E-12
  4.14600E+06  7.09196E-12
  4.14640E+06  6.99917E-12
  4.14680E+06  6.91518E-12
  4.14720E+06  6.83840E-12
  4.14760E+06  6.77710E-12
  4.14800E+06  6.72794E-12
  4.14840E+06  6.68812E-12
  4.14880E+06  6.66710E-12
  4.14920E+06  6.65809E-12
  4.14960E+06  6.65999E-12
  4.15000E+06  6.67414E-12
  4.15040E+06  6.69718E-12
  4.15080E+06  6.73369E-12
  4.15120E+06  6.77247E-12
  4.15160E+06  6.81520E-12
  4.15200E+06  6.85836E-12
  4.15240E+06  6.90709E-12
  4.15280E+06  6.95374E-12
  4.15320E+06  6.99645E-12
  4.15360E+06  7.03593E-12
  4.15400E+06  7.06836E-12
  4.15440E+06  7.09026E-12
  4.15480E+06  7.10771E-12
  4.15520E+06  7.11482E-12
  4.15560E+06  7.10787E-12
  4.15600E+06  7.09610E-12
  4.15640E+06  7.07310E-12
  4.15680E+06  7.03695E-12
  4.15720E+06  6.99774E-12
  4.15760E+06  6.94890E-12
  4.15800E+06  6.89039E-12
  4.15840E+06  6.82816E-12
  4.15880E+06  6.75984E-12
  4.15920E+06  6.68918E-12
  4.15960E+06  6.61527E-12
  4.16000E+06  6.53960E-12
  4.16040E+06  6.46412E-12
  4.16080E+06  6.39248E-12
  4.16120E+06  6.32286E-12
  4.16160E+06  6.26080E-12
  4.16200E+06  6.20009E-12
  4.16240E+06  6.14426E-12
  4.16280E+06  6.09446E-12
  4.16320E+06  6.05097E-12
  4.16360E+06  6.01325E-12
  4.16400E+06  5.98462E-12
  4.16440E+06  5.96014E-12
  4.16480E+06  5.94093E-12
  4.16520E+06  5.92292E-12
  4.16560E+06  5.91503E-12
  4.16600E+06  5.91046E-12
  4.16640E+06  5.90499E-12
  4.16680E+06  5.90738E-12
  4.16720E+06  5.91078E-12
  4.16760E+06  5.91269E-12
  4.16800E+06  5.91712E-12
  4.16840E+06  5.92026E-12
  4.16880E+06  5.92030E-12
  4.16920E+06  5.92125E-12
  4.16960E+06  5.91878E-12
  4.17000E+06  5.91008E-12
  4.17040E+06  5.90171E-12
  4.17080E+06  5.88807E-12
  4.17120E+06  5.86551E-12
  4.17160E+06  5.84312E-12
  4.17200E+06  5.81417E-12
  4.17240E+06  5.78256E-12
  4.17280E+06  5.74355E-12
  4.17320E+06  5.69802E-12
  4.17360E+06  5.64750E-12
  4.17400E+06  5.59231E-12
  4.17440E+06  5.53164E-12
  4.17480E+06  5.46424E-12
  4.17520E+06  5.39795E-12
  4.17560E+06  5.32826E-12
  4.17600E+06  5.26170E-12
  4.17640E+06  5.18993E-12
  4.17680E+06  5.11833E-12
  4.17720E+06  5.04907E-12
  4.17760E+06  4.98335E-12
  4.17800E+06  4.92139E-12
  4.17840E+06  4.87052E-12
  4.17880E+06  4.82239E-12
  4.17920E+06  4.78156E-12
  4.17960E+06  4.75088E-12
  4.18000E+06  4.73107E-12
  4.18040E+06  4.72081E-12
  4.18080E+06  4.72351E-12
  4.18120E+06  4.73709E-12
  4.18160E+06  4.76102E-12
  4.18200E+06  4.79476E-12
  4.18240E+06  4.84030E-12
  4.18280E+06  4.89508E-12
  4.18320E+06  4.96486E-12
  4.18360E+06  5.03936E-12
  4.18400E+06  5.12087E-12
  4.18440E+06  5.20936E-12
  4.18480E+06  5.30370E-12
  4.18520E+06  5.40182E-12
  4.18560E+06  5.49898E-12
  4.18600E+06  5.60351E-12
  4.18640E+06  5.70814E-12
  4.18680E+06  5.81281E-12
  4.18720E+06  5.91652E-12
  4.18760E+06  6.01735E-12
  4.18800E+06  6.11571E-12
  4.18840E+06  6.21079E-12
  4.18880E+06  6.30053E-12
  4.18920E+06  6.38448E-12
  4.18960E+06  6.46437E-12
  4.19000E+06  6.53695E-12
  4.19040E+06  6.60438E-12
  4.19080E+06  6.66385E-12
  4.19120E+06  6.71471E-12
  4.19160E+06  6.76142E-12
  4.19200E+06  6.79663E-12
  4.19240E+06  6.82269E-12
  4.19280E+06  6.84079E-12
  4.19320E+06  6.85096E-12
  4.19360E+06  6.85204E-12
  4.19400E+06  6.84771E-12
  4.19440E+06  6.83363E-12
  4.19480E+06  6.81179E-12
  4.19520E+06  6.78349E-12
  4.19560E+06  6.74945E-12
  4.19600E+06  6.70986E-12
  4.19640E+06  6.67424E-12
  4.19680E+06  6.62943E-12
  4.19720E+06  6.58247E-12
  4.19760E+06  6.53540E-12
  4.19800E+06  6.48924E-12
  4.19840E+06  6.44400E-12
  4.19880E+06  6.40152E-12
  4.19920E+06  6.36260E-12
  4.19960E+06  6.32690E-12
  4.20000E+06  6.29586E-12
  4.20040E+06  6.26980E-12
  4.20080E+06  6.24788E-12
  4.20120E+06  6.22785E-12
  4.20160E+06  6.21658E-12
  4.20200E+06  6.20863E-12
  4.20240E+06  6.20203E-12
  4.20280E+06  6.20089E-12
  4.20320E+06  6.20109E-12
  4.20360E+06  6.20453E-12
  4.20400E+06  6.20804E-12
  4.20440E+06  6.21057E-12
  4.20480E+06  6.21958E-12
  4.20520E+06  6.22259E-12
  4.20560E+06  6.22304E-12
  4.20600E+06  6.22283E-12
  4.20640E+06  6.21930E-12
  4.20680E+06  6.21233E-12
  4.20720E+06  6.19969E-12
  4.20760E+06  6.18855E-12
  4.20800E+06  6.17406E-12
  4.20840E+06  6.15162E-12
  4.20880E+06  6.13350E-12
  4.20920E+06  6.11304E-12
  4.20960E+06  6.08865E-12
  4.21000E+06  6.06809E-12
  4.21040E+06  6.04693E-12
  4.21080E+06  6.03341E-12
  4.21120E+06  6.01639E-12
  4.21160E+06  6.00112E-12
  4.21200E+06  5.98627E-12
  4.21240E+06  5.97936E-12
  4.21280E+06  5.97533E-12
  4.21320E+06  5.97676E-12
  4.21360E+06  5.98137E-12
  4.21400E+06  5.98918E-12
  4.21440E+06  6.00199E-12
  4.21480E+06  6.01709E-12
  4.21520E+06  6.03436E-12
  4.21560E+06  6.05694E-12
  4.21600E+06  6.07943E-12
  4.21640E+06  6.10226E-12
  4.21680E+06  6.12461E-12
  4.21720E+06  6.14813E-12
  4.21760E+06  6.16978E-12
  4.21800E+06  6.18889E-12
  4.21840E+06  6.20729E-12
  4.21880E+06  6.22223E-12
  4.21920E+06  6.23229E-12
  4.21960E+06  6.24200E-12
  4.22000E+06  6.24760E-12
  4.22040E+06  6.24937E-12
  4.22080E+06  6.24983E-12
  4.22120E+06  6.24655E-12
  4.22160E+06  6.24524E-12
  4.22200E+06  6.23918E-12
  4.22240E+06  6.23060E-12
  4.22280E+06  6.22257E-12
  4.22320E+06  6.21307E-12
  4.22360E+06  6.20221E-12
  4.22400E+06  6.19509E-12
  4.22440E+06  6.18489E-12
  4.22480E+06  6.17436E-12
  4.22520E+06  6.16462E-12
  4.22560E+06  6.15827E-12
  4.22600E+06  6.15224E-12
  4.22640E+06  6.14639E-12
  4.22680E+06  6.14335E-12
  4.22720E+06  6.14136E-12
  4.22760E+06  6.14166E-12
  4.22800E+06  6.14452E-12
  4.22840E+06  6.14923E-12
  4.22880E+06  6.15839E-12
  4.22920E+06  6.16987E-12
  4.22960E+06  6.18393E-12
  4.23000E+06  6.19890E-12
  4.23040E+06  6.21948E-12
  4.23080E+06  6.24249E-12
  4.23120E+06  6.26969E-12
  4.23160E+06  6.29833E-12
  4.23200E+06  6.32828E-12
  4.23240E+06  6.36463E-12
  4.23280E+06  6.39954E-12
  4.23320E+06  6.43372E-12
  4.23360E+06  6.46093E-12
  4.23400E+06  6.49438E-12
  4.23440E+06  6.52391E-12
  4.23480E+06  6.55130E-12
  4.23520E+06  6.57335E-12
  4.23560E+06  6.58909E-12
  4.23600E+06  6.59888E-12
  4.23640E+06  6.60227E-12
  4.23680E+06  6.59801E-12
  4.23720E+06  6.58911E-12
  4.23760E+06  6.57095E-12
  4.23800E+06  6.54565E-12
  4.23840E+06  6.51746E-12
  4.23880E+06  6.48237E-12
  4.23920E+06  6.44240E-12
  4.23960E+06  6.40087E-12
  4.24000E+06  6.35892E-12
  4.24040E+06  6.31554E-12
  4.24080E+06  6.27190E-12
  4.24120E+06  6.23157E-12
  4.24160E+06  6.19334E-12
  4.24200E+06  6.16088E-12
  4.24240E+06  6.13271E-12
  4.24280E+06  6.10929E-12
  4.24320E+06  6.09347E-12
  4.24360E+06  6.08322E-12
  4.24400E+06  6.07873E-12
  4.24440E+06  6.08018E-12
  4.24480E+06  6.08969E-12
  4.24520E+06  6.10421E-12
  4.24560E+06  6.12559E-12
  4.24600E+06  6.15089E-12
  4.24640E+06  6.17949E-12
  4.24680E+06  6.21443E-12
  4.24720E+06  6.25024E-12
  4.24760E+06  6.28735E-12
  4.24800E+06  6.32876E-12
  4.24840E+06  6.36911E-12
  4.24880E+06  6.40894E-12
  4.24920E+06  6.45037E-12
  4.24960E+06  6.49058E-12
  4.25000E+06  6.52892E-12
  4.25040E+06  6.56319E-12
  4.25080E+06  6.60020E-12
  4.25120E+06  6.63432E-12
  4.25160E+06  6.66289E-12
  4.25200E+06  6.69287E-12
  4.25240E+06  6.71938E-12
  4.25280E+06  6.74121E-12
  4.25320E+06  6.76303E-12
  4.25360E+06  6.78107E-12
  4.25400E+06  6.80004E-12
  4.25440E+06  6.81528E-12
  4.25480E+06  6.82703E-12
  4.25520E+06  6.83883E-12
  4.25560E+06  6.84606E-12
  4.25600E+06  6.85033E-12
  4.25640E+06  6.86240E-12
  4.25680E+06  6.86596E-12
  4.25720E+06  6.86766E-12
  4.25760E+06  6.87184E-12
  4.25800E+06  6.87408E-12
  4.25840E+06  6.87556E-12
  4.25880E+06  6.88525E-12
  4.25920E+06  6.88942E-12
  4.25960E+06  6.89451E-12
  4.26000E+06  6.90889E-12
  4.26040E+06  6.92129E-12
  4.26080E+06  6.93659E-12
  4.26120E+06  6.95247E-12
  4.26160E+06  6.97900E-12
  4.26200E+06  7.01002E-12
  4.26240E+06  7.04432E-12
  4.26280E+06  7.08715E-12
  4.26320E+06  7.13582E-12
  4.26360E+06  7.19084E-12
  4.26400E+06  7.25467E-12
  4.26440E+06  7.32460E-12
  4.26480E+06  7.40410E-12
  4.26520E+06  7.48799E-12
  4.26560E+06  7.57668E-12
  4.26600E+06  7.66882E-12
  4.26640E+06  7.76556E-12
  4.26680E+06  7.86344E-12
  4.26720E+06  7.95830E-12
  4.26760E+06  8.05539E-12
  4.26800E+06  8.14797E-12
  4.26840E+06  8.23215E-12
  4.26880E+06  8.31297E-12
  4.26920E+06  8.38302E-12
  4.26960E+06  8.44553E-12
  4.27000E+06  8.49171E-12
  4.27040E+06  8.52228E-12
  4.27080E+06  8.53766E-12
  4.27120E+06  8.53696E-12
  4.27160E+06  8.51808E-12
  4.27200E+06  8.48218E-12
  4.27240E+06  8.42955E-12
  4.27280E+06  8.35955E-12
  4.27320E+06  8.27037E-12
  4.27360E+06  8.17044E-12
  4.27400E+06  8.05695E-12
  4.27440E+06  7.93725E-12
  4.27480E+06  7.80636E-12
  4.27520E+06  7.66844E-12
  4.27560E+06  7.52470E-12
  4.27600E+06  7.38223E-12
  4.27640E+06  7.23960E-12
  4.27680E+06  7.09785E-12
  4.27720E+06  6.96373E-12
  4.27760E+06  6.83529E-12
  4.27800E+06  6.71153E-12
  4.27840E+06  6.60078E-12
  4.27880E+06  6.49914E-12
  4.27920E+06  6.40574E-12
  4.27960E+06  6.32556E-12
  4.28000E+06  6.25511E-12
  4.28040E+06  6.19882E-12
  4.28080E+06  6.14902E-12
  4.28120E+06  6.10737E-12
  4.28160E+06  6.07798E-12
  4.28200E+06  6.05264E-12
  4.28240E+06  6.03234E-12
  4.28280E+06  6.01295E-12
  4.28320E+06  6.00272E-12
  4.28360E+06  5.99371E-12
  4.28400E+06  5.98484E-12
  4.28440E+06  5.97758E-12
  4.28480E+06  5.96881E-12
  4.28520E+06  5.95432E-12
  4.28560E+06  5.94553E-12
  4.28600E+06  5.93377E-12
  4.28640E+06  5.91689E-12
  4.28680E+06  5.90218E-12
  4.28720E+06  5.88488E-12
  4.28760E+06  5.86500E-12
  4.28800E+06  5.84784E-12
  4.28840E+06  5.82972E-12
  4.28880E+06  5.80986E-12
  4.28920E+06  5.79611E-12
  4.28960E+06  5.78348E-12
  4.29000E+06  5.77676E-12
  4.29040E+06  5.77191E-12
  4.29080E+06  5.77033E-12
  4.29120E+06  5.78245E-12
  4.29160E+06  5.79215E-12
  4.29200E+06  5.80671E-12
  4.29240E+06  5.82755E-12
  4.29280E+06  5.85468E-12
  4.29320E+06  5.88670E-12
  4.29360E+06  5.91951E-12
  4.29400E+06  5.96225E-12
  4.29440E+06  6.00868E-12
  4.29480E+06  6.06039E-12
  4.29520E+06  6.11450E-12
  4.29560E+06  6.17087E-12
  4.29600E+06  6.23229E-12
  4.29640E+06  6.29345E-12
  4.29680E+06  6.35517E-12
  4.29720E+06  6.41811E-12
  4.29760E+06  6.48162E-12
  4.29800E+06  6.54376E-12
  4.29840E+06  6.60168E-12
  4.29880E+06  6.66179E-12
  4.29920E+06  6.71830E-12
  4.29960E+06  6.76937E-12
  4.30000E+06  6.81903E-12
  4.30040E+06  6.86280E-12
  4.30080E+06  6.90681E-12
  4.30120E+06  6.94096E-12
  4.30160E+06  6.96759E-12
  4.30200E+06  6.98788E-12
  4.30240E+06  6.99903E-12
  4.30280E+06  7.00141E-12
  4.30320E+06  6.99571E-12
  4.30360E+06  6.98427E-12
  4.30400E+06  6.96395E-12
  4.30440E+06  6.93752E-12
  4.30480E+06  6.90319E-12
  4.30520E+06  6.86180E-12
  4.30560E+06  6.81940E-12
  4.30600E+06  6.77001E-12
  4.30640E+06  6.71703E-12
  4.30680E+06  6.66795E-12
  4.30720E+06  6.61471E-12
  4.30760E+06  6.56226E-12
  4.30800E+06  6.51398E-12
  4.30840E+06  6.46878E-12
  4.30880E+06  6.42821E-12
  4.30920E+06  6.39071E-12
  4.30960E+06  6.36417E-12
  4.31000E+06  6.34438E-12
  4.31040E+06  6.33089E-12
  4.31080E+06  6.32856E-12
  4.31120E+06  6.33324E-12
  4.31160E+06  6.34318E-12
  4.31200E+06  6.36252E-12
  4.31240E+06  6.38713E-12
  4.31280E+06  6.41564E-12
  4.31320E+06  6.44932E-12
  4.31360E+06  6.48490E-12
  4.31400E+06  6.52268E-12
  4.31440E+06  6.56131E-12
  4.31480E+06  6.59784E-12
  4.31520E+06  6.63329E-12
  4.31560E+06  6.66405E-12
  4.31600E+06  6.68901E-12
  4.31640E+06  6.70185E-12
  4.31680E+06  6.71341E-12
  4.31720E+06  6.71599E-12
  4.31760E+06  6.70786E-12
  4.31800E+06  6.69328E-12
  4.31840E+06  6.66828E-12
  4.31880E+06  6.63341E-12
  4.31920E+06  6.59120E-12
  4.31960E+06  6.53905E-12
  4.32000E+06  6.47601E-12
  4.32040E+06  6.40994E-12
  4.32080E+06  6.33606E-12
  4.32120E+06  6.25262E-12
  4.32160E+06  6.16787E-12
  4.32200E+06  6.07858E-12
  4.32240E+06  5.98631E-12
  4.32280E+06  5.89231E-12
  4.32320E+06  5.79741E-12
  4.32360E+06  5.70368E-12
  4.32400E+06  5.61216E-12
  4.32440E+06  5.52279E-12
  4.32480E+06  5.44318E-12
  4.32520E+06  5.36464E-12
  4.32560E+06  5.29068E-12
  4.32600E+06  5.22170E-12
  4.32640E+06  5.16043E-12
  4.32680E+06  5.10474E-12
  4.32720E+06  5.05570E-12
  4.32760E+06  5.01330E-12
  4.32800E+06  4.97648E-12
  4.32840E+06  4.95157E-12
  4.32880E+06  4.92891E-12
  4.32920E+06  4.91156E-12
  4.32960E+06  4.89359E-12
  4.33000E+06  4.88894E-12
  4.33040E+06  4.88849E-12
  4.33080E+06  4.89684E-12
  4.33120E+06  4.90677E-12
  4.33160E+06  4.92065E-12
  4.33200E+06  4.94032E-12
  4.33240E+06  4.96570E-12
  4.33280E+06  4.99484E-12
  4.33320E+06  5.02762E-12
  4.33360E+06  5.06639E-12
  4.33400E+06  5.10876E-12
  4.33440E+06  5.15797E-12
  4.33480E+06  5.21161E-12
  4.33520E+06  5.26867E-12
  4.33560E+06  5.32544E-12
  4.33600E+06  5.39113E-12
  4.33640E+06  5.45927E-12
  4.33680E+06  5.53184E-12
  4.33720E+06  5.60604E-12
  4.33760E+06  5.68141E-12
  4.33800E+06  5.76078E-12
  4.33840E+06  5.83877E-12
  4.33880E+06  5.91616E-12
  4.33920E+06  5.98938E-12
  4.33960E+06  6.06478E-12
  4.34000E+06  6.13713E-12
  4.34040E+06  6.20771E-12
  4.34080E+06  6.27345E-12
  4.34120E+06  6.33403E-12
  4.34160E+06  6.39636E-12
  4.34200E+06  6.44805E-12
  4.34240E+06  6.49322E-12
  4.34280E+06  6.53032E-12
  4.34320E+06  6.56371E-12
  4.34360E+06  6.58939E-12
  4.34400E+06  6.60988E-12
  4.34440E+06  6.62275E-12
  4.34480E+06  6.62779E-12
  4.34520E+06  6.62787E-12
  4.34560E+06  6.61846E-12
  4.34600E+06  6.60193E-12
  4.34640E+06  6.58235E-12
  4.34680E+06  6.55545E-12
  4.34720E+06  6.52291E-12
  4.34760E+06  6.48697E-12
  4.34800E+06  6.44838E-12
  4.34840E+06  6.40632E-12
  4.34880E+06  6.36329E-12
  4.34920E+06  6.32020E-12
  4.34960E+06  6.27636E-12
  4.35000E+06  6.23854E-12
  4.35040E+06  6.19820E-12
  4.35080E+06  6.16008E-12
  4.35120E+06  6.12660E-12
  4.35160E+06  6.09605E-12
  4.35200E+06  6.06965E-12
  4.35240E+06  6.04736E-12
  4.35280E+06  6.03173E-12
  4.35320E+06  6.02082E-12
  4.35360E+06  6.00884E-12
  4.35400E+06  6.00973E-12
  4.35440E+06  6.01423E-12
  4.35480E+06  6.02560E-12
  4.35520E+06  6.03855E-12
  4.35560E+06  6.05355E-12
  4.35600E+06  6.07220E-12
  4.35640E+06  6.09132E-12
  4.35680E+06  6.11018E-12
  4.35720E+06  6.12881E-12
  4.35760E+06  6.14879E-12
  4.35800E+06  6.16607E-12
  4.35840E+06  6.18342E-12
  4.35880E+06  6.19555E-12
  4.35920E+06  6.20342E-12
  4.35960E+06  6.20689E-12
  4.36000E+06  6.20810E-12
  4.36040E+06  6.20427E-12
  4.36080E+06  6.19603E-12
  4.36120E+06  6.18595E-12
  4.36160E+06  6.17140E-12
  4.36200E+06  6.15526E-12
  4.36240E+06  6.13578E-12
  4.36280E+06  6.11380E-12
  4.36320E+06  6.08685E-12
  4.36360E+06  6.06525E-12
  4.36400E+06  6.04343E-12
  4.36440E+06  6.02429E-12
  4.36480E+06  6.00632E-12
  4.36520E+06  5.99067E-12
  4.36560E+06  5.97927E-12
  4.36600E+06  5.97262E-12
  4.36640E+06  5.96977E-12
  4.36680E+06  5.97219E-12
  4.36720E+06  5.97988E-12
  4.36760E+06  5.99137E-12
  4.36800E+06  6.00937E-12
  4.36840E+06  6.02861E-12
  4.36880E+06  6.05019E-12
  4.36920E+06  6.07562E-12
  4.36960E+06  6.10162E-12
  4.37000E+06  6.12733E-12
  4.37040E+06  6.14851E-12
  4.37080E+06  6.17367E-12
  4.37120E+06  6.19545E-12
  4.37160E+06  6.21265E-12
  4.37200E+06  6.22695E-12
  4.37240E+06  6.23572E-12
  4.37280E+06  6.23878E-12
  4.37320E+06  6.23820E-12
  4.37360E+06  6.23118E-12
  4.37400E+06  6.22391E-12
  4.37440E+06  6.20715E-12
  4.37480E+06  6.18477E-12
  4.37520E+06  6.15607E-12
  4.37560E+06  6.12629E-12
  4.37600E+06  6.09230E-12
  4.37640E+06  6.05363E-12
  4.37680E+06  6.01569E-12
  4.37720E+06  5.97544E-12
  4.37760E+06  5.93659E-12
  4.37800E+06  5.89748E-12
  4.37840E+06  5.85823E-12
  4.37880E+06  5.81834E-12
  4.37920E+06  5.78312E-12
  4.37960E+06  5.74937E-12
  4.38000E+06  5.71958E-12
  4.38040E+06  5.69178E-12
  4.38080E+06  5.66669E-12
  4.38120E+06  5.64655E-12
  4.38160E+06  5.62916E-12
  4.38200E+06  5.61499E-12
  4.38240E+06  5.61299E-12
  4.38280E+06  5.60895E-12
  4.38320E+06  5.60851E-12
  4.38360E+06  5.60902E-12
  4.38400E+06  5.61738E-12
  4.38440E+06  5.62858E-12
  4.38480E+06  5.64227E-12
  4.38520E+06  5.66049E-12
  4.38560E+06  5.68051E-12
  4.38600E+06  5.69838E-12
  4.38640E+06  5.72310E-12
  4.38680E+06  5.74804E-12
  4.38720E+06  5.77683E-12
  4.38760E+06  5.80429E-12
  4.38800E+06  5.83082E-12
  4.38840E+06  5.86147E-12
  4.38880E+06  5.88881E-12
  4.38920E+06  5.91445E-12
  4.38960E+06  5.93563E-12
  4.39000E+06  5.95925E-12
  4.39040E+06  5.98040E-12
  4.39080E+06  6.00167E-12
  4.39120E+06  6.02071E-12
  4.39160E+06  6.03731E-12
  4.39200E+06  6.05255E-12
  4.39240E+06  6.06654E-12
  4.39280E+06  6.07847E-12
  4.39320E+06  6.09362E-12
  4.39360E+06  6.10514E-12
  4.39400E+06  6.11546E-12
  4.39440E+06  6.12612E-12
  4.39480E+06  6.13738E-12
  4.39520E+06  6.14819E-12
  4.39560E+06  6.16147E-12
  4.39600E+06  6.17509E-12
  4.39640E+06  6.18900E-12
  4.39680E+06  6.20575E-12
  4.39720E+06  6.22310E-12
  4.39760E+06  6.24120E-12
  4.39800E+06  6.26553E-12
  4.39840E+06  6.28903E-12
  4.39880E+06  6.31356E-12
  4.39920E+06  6.34279E-12
  4.39960E+06  6.37192E-12
  4.40000E+06  6.40197E-12
  4.40040E+06  6.43342E-12
  4.40080E+06  6.46608E-12
  4.40120E+06  6.49906E-12
  4.40160E+06  6.53202E-12
  4.40200E+06  6.56704E-12
  4.40240E+06  6.60149E-12
  4.40280E+06  6.63152E-12
  4.40320E+06  6.66627E-12
  4.40360E+06  6.69927E-12
  4.40400E+06  6.72981E-12
  4.40440E+06  6.75991E-12
  4.40480E+06  6.78715E-12
  4.40520E+06  6.81625E-12
  4.40560E+06  6.83972E-12
  4.40600E+06  6.85933E-12
  4.40640E+06  6.87660E-12
  4.40680E+06  6.89111E-12
  4.40720E+06  6.90054E-12
  4.40760E+06  6.90687E-12
  4.40800E+06  6.90742E-12
  4.40840E+06  6.90196E-12
  4.40880E+06  6.89262E-12
  4.40920E+06  6.87688E-12
  4.40960E+06  6.85477E-12
  4.41000E+06  6.82870E-12
  4.41040E+06  6.79649E-12
  4.41080E+06  6.75856E-12
  4.41120E+06  6.71660E-12
  4.41160E+06  6.67364E-12
  4.41200E+06  6.62689E-12
  4.41240E+06  6.58210E-12
  4.41280E+06  6.53329E-12
  4.41320E+06  6.48412E-12
  4.41360E+06  6.43673E-12
  4.41400E+06  6.39231E-12
  4.41440E+06  6.35101E-12
  4.41480E+06  6.31591E-12
  4.41520E+06  6.28558E-12
  4.41560E+06  6.26118E-12
  4.41600E+06  6.24663E-12
  4.41640E+06  6.24001E-12
  4.41680E+06  6.24066E-12
  4.41720E+06  6.24813E-12
  4.41760E+06  6.26698E-12
  4.41800E+06  6.29248E-12
  4.41840E+06  6.32890E-12
  4.41880E+06  6.36844E-12
  4.41920E+06  6.41277E-12
  4.41960E+06  6.46255E-12
  4.42000E+06  6.51678E-12
  4.42040E+06  6.57280E-12
  4.42080E+06  6.63055E-12
  4.42120E+06  6.68903E-12
  4.42160E+06  6.74632E-12
  4.42200E+06  6.80211E-12
  4.42240E+06  6.85802E-12
  4.42280E+06  6.91043E-12
  4.42320E+06  6.96431E-12
  4.42360E+06  7.01222E-12
  4.42400E+06  7.05584E-12
  4.42440E+06  7.09531E-12
  4.42480E+06  7.13302E-12
  4.42520E+06  7.16639E-12
  4.42560E+06  7.19413E-12
  4.42600E+06  7.22114E-12
  4.42640E+06  7.24424E-12
  4.42680E+06  7.25762E-12
  4.42720E+06  7.27562E-12
  4.42760E+06  7.28979E-12
  4.42800E+06  7.29911E-12
  4.42840E+06  7.30834E-12
  4.42880E+06  7.31372E-12
  4.42920E+06  7.32273E-12
  4.42960E+06  7.32344E-12
  4.43000E+06  7.32030E-12
  4.43040E+06  7.31684E-12
  4.43080E+06  7.30809E-12
  4.43120E+06  7.29496E-12
  4.43160E+06  7.27924E-12
  4.43200E+06  7.25833E-12
  4.43240E+06  7.23246E-12
  4.43280E+06  7.20348E-12
  4.43320E+06  7.16895E-12
  4.43360E+06  7.12924E-12
  4.43400E+06  7.08361E-12
  4.43440E+06  7.03695E-12
  4.43480E+06  6.98550E-12
  4.43520E+06  6.92607E-12
  4.43560E+06  6.86861E-12
  4.43600E+06  6.80751E-12
  4.43640E+06  6.74332E-12
  4.43680E+06  6.67909E-12
  4.43720E+06  6.61316E-12
  4.43760E+06  6.54618E-12
  4.43800E+06  6.48118E-12
  4.43840E+06  6.41645E-12
  4.43880E+06  6.34971E-12
  4.43920E+06  6.28852E-12
  4.43960E+06  6.22876E-12
  4.44000E+06  6.17154E-12
  4.44040E+06  6.11937E-12
  4.44080E+06  6.06895E-12
  4.44120E+06  6.02184E-12
  4.44160E+06  5.97788E-12
  4.44200E+06  5.93521E-12
  4.44240E+06  5.89864E-12
  4.44280E+06  5.86076E-12
  4.44320E+06  5.82345E-12
  4.44360E+06  5.78739E-12
  4.44400E+06  5.75233E-12
  4.44440E+06  5.71712E-12
  4.44480E+06  5.68674E-12
  4.44520E+06  5.65659E-12
  4.44560E+06  5.62682E-12
  4.44600E+06  5.59672E-12
  4.44640E+06  5.57161E-12
  4.44680E+06  5.54842E-12
  4.44720E+06  5.52680E-12
  4.44760E+06  5.51229E-12
  4.44800E+06  5.50201E-12
  4.44840E+06  5.49702E-12
  4.44880E+06  5.50048E-12
  4.44920E+06  5.51039E-12
  4.44960E+06  5.53243E-12
  4.45000E+06  5.55993E-12
  4.45040E+06  5.59530E-12
  4.45080E+06  5.63881E-12
  4.45120E+06  5.69263E-12
  4.45160E+06  5.75366E-12
  4.45200E+06  5.82220E-12
  4.45240E+06  5.89979E-12
  4.45280E+06  5.98217E-12
  4.45320E+06  6.06678E-12
  4.45360E+06  6.15708E-12
  4.45400E+06  6.24833E-12
  4.45440E+06  6.33978E-12
  4.45480E+06  6.43000E-12
  4.45520E+06  6.51691E-12
  4.45560E+06  6.60222E-12
  4.45600E+06  6.67993E-12
  4.45640E+06  6.75066E-12
  4.45680E+06  6.81573E-12
  4.45720E+06  6.87193E-12
  4.45760E+06  6.91867E-12
  4.45800E+06  6.95499E-12
  4.45840E+06  6.98533E-12
  4.45880E+06  7.00525E-12
  4.45920E+06  7.01647E-12
  4.45960E+06  7.01926E-12
  4.46000E+06  7.01241E-12
  4.46040E+06  7.00015E-12
  4.46080E+06  6.97838E-12
  4.46120E+06  6.94893E-12
  4.46160E+06  6.91766E-12
  4.46200E+06  6.87831E-12
  4.46240E+06  6.83393E-12
  4.46280E+06  6.79225E-12
  4.46320E+06  6.74479E-12
  4.46360E+06  6.69550E-12
  4.46400E+06  6.65021E-12
  4.46440E+06  6.60291E-12
  4.46480E+06  6.55716E-12
  4.46520E+06  6.51639E-12
  4.46560E+06  6.47927E-12
  4.46600E+06  6.44687E-12
  4.46640E+06  6.42251E-12
  4.46680E+06  6.40467E-12
  4.46720E+06  6.39419E-12
  4.46760E+06  6.39752E-12
  4.46800E+06  6.40569E-12
  4.46840E+06  6.42286E-12
  4.46880E+06  6.44830E-12
  4.46920E+06  6.48660E-12
  4.46960E+06  6.53336E-12
  4.47000E+06  6.58828E-12
  4.47040E+06  6.65295E-12
  4.47080E+06  6.72371E-12
  4.47120E+06  6.80134E-12
  4.47160E+06  6.88454E-12
  4.47200E+06  6.96994E-12
  4.47240E+06  7.05977E-12
  4.47280E+06  7.14776E-12
  4.47320E+06  7.23348E-12
  4.47360E+06  7.30865E-12
  4.47400E+06  7.38836E-12
  4.47440E+06  7.46100E-12
  4.47480E+06  7.52500E-12
  4.47520E+06  7.58171E-12
  4.47560E+06  7.62829E-12
  4.47600E+06  7.66784E-12
  4.47640E+06  7.69523E-12
  4.47680E+06  7.71143E-12
  4.47720E+06  7.71498E-12
  4.47760E+06  7.71080E-12
  4.47800E+06  7.69586E-12
  4.47840E+06  7.67260E-12
  4.47880E+06  7.64170E-12
  4.47920E+06  7.60198E-12
  4.47960E+06  7.55834E-12
  4.48000E+06  7.50696E-12
  4.48040E+06  7.44957E-12
  4.48080E+06  7.38212E-12
  4.48120E+06  7.31727E-12
  4.48160E+06  7.24862E-12
  4.48200E+06  7.18310E-12
  4.48240E+06  7.11198E-12
  4.48280E+06  7.03951E-12
  4.48320E+06  6.97385E-12
  4.48360E+06  6.90379E-12
  4.48400E+06  6.83454E-12
  4.48440E+06  6.77177E-12
  4.48480E+06  6.70898E-12
  4.48520E+06  6.64892E-12
  4.48560E+06  6.59484E-12
  4.48600E+06  6.54497E-12
  4.48640E+06  6.49964E-12
  4.48680E+06  6.45690E-12
  4.48720E+06  6.42434E-12
  4.48760E+06  6.39762E-12
  4.48800E+06  6.37601E-12
  4.48840E+06  6.36451E-12
  4.48880E+06  6.35958E-12
  4.48920E+06  6.36150E-12
  4.48960E+06  6.37258E-12
  4.49000E+06  6.38989E-12
  4.49040E+06  6.41227E-12
  4.49080E+06  6.44389E-12
  4.49120E+06  6.48005E-12
  4.49160E+06  6.51423E-12
  4.49200E+06  6.55967E-12
  4.49240E+06  6.60639E-12
  4.49280E+06  6.64937E-12
  4.49320E+06  6.69679E-12
  4.49360E+06  6.74155E-12
  4.49400E+06  6.78086E-12
  4.49440E+06  6.81813E-12
  4.49480E+06  6.84868E-12
  4.49520E+06  6.86984E-12
  4.49560E+06  6.88522E-12
  4.49600E+06  6.89044E-12
  4.49640E+06  6.88630E-12
  4.49680E+06  6.87217E-12
  4.49720E+06  6.84603E-12
  4.49760E+06  6.81036E-12
  4.49800E+06  6.76284E-12
  4.49840E+06  6.70351E-12
  4.49880E+06  6.63694E-12
  4.49920E+06  6.55913E-12
  4.49960E+06  6.47188E-12
  4.50000E+06  6.37689E-12
  4.50040E+06  6.27788E-12
  4.50080E+06  6.17335E-12
  4.50120E+06  6.06518E-12
  4.50160E+06  5.95743E-12
  4.50200E+06  5.84922E-12
  4.50240E+06  5.74297E-12
  4.50280E+06  5.64042E-12
  4.50320E+06  5.54260E-12
  4.50360E+06  5.45447E-12
  4.50400E+06  5.37275E-12
  4.50440E+06  5.30016E-12
  4.50480E+06  5.23666E-12
  4.50520E+06  5.18781E-12
  4.50560E+06  5.15052E-12
  4.50600E+06  5.12857E-12
  4.50640E+06  5.11734E-12
  4.50680E+06  5.11811E-12
  4.50720E+06  5.13099E-12
  4.50760E+06  5.15762E-12
  4.50800E+06  5.19409E-12
  4.50840E+06  5.23704E-12
  4.50880E+06  5.29223E-12
  4.50920E+06  5.35305E-12
  4.50960E+06  5.42098E-12
  4.51000E+06  5.48962E-12
  4.51040E+06  5.55902E-12
  4.51080E+06  5.63220E-12
  4.51120E+06  5.70290E-12
  4.51160E+06  5.76989E-12
  4.51200E+06  5.82873E-12
  4.51240E+06  5.88788E-12
  4.51280E+06  5.94014E-12
  4.51320E+06  5.98145E-12
  4.51360E+06  6.02103E-12
  4.51400E+06  6.05270E-12
  4.51440E+06  6.07696E-12
  4.51480E+06  6.09660E-12
  4.51520E+06  6.10955E-12
  4.51560E+06  6.11857E-12
  4.51600E+06  6.12212E-12
  4.51640E+06  6.12145E-12
  4.51680E+06  6.12389E-12
  4.51720E+06  6.12086E-12
  4.51760E+06  6.11638E-12
  4.51800E+06  6.11248E-12
  4.51840E+06  6.10977E-12
  4.51880E+06  6.10742E-12
  4.51920E+06  6.10848E-12
  4.51960E+06  6.11084E-12
  4.52000E+06  6.11438E-12
  4.52040E+06  6.12253E-12
  4.52080E+06  6.13047E-12
  4.52120E+06  6.13952E-12
  4.52160E+06  6.15667E-12
  4.52200E+06  6.16988E-12
  4.52240E+06  6.18387E-12
  4.52280E+06  6.20042E-12
  4.52320E+06  6.21696E-12
  4.52360E+06  6.23372E-12
  4.52400E+06  6.25672E-12
  4.52440E+06  6.27647E-12
  4.52480E+06  6.29651E-12
  4.52520E+06  6.32267E-12
  4.52560E+06  6.34798E-12
  4.52600E+06  6.37418E-12
  4.52640E+06  6.40585E-12
  4.52680E+06  6.43852E-12
  4.52720E+06  6.47294E-12
  4.52760E+06  6.50714E-12
  4.52800E+06  6.54840E-12
  4.52840E+06  6.59175E-12
  4.52880E+06  6.64028E-12
  4.52920E+06  6.69168E-12
  4.52960E+06  6.74535E-12
  4.53000E+06  6.79836E-12
  4.53040E+06  6.85759E-12
  4.53080E+06  6.91831E-12
  4.53120E+06  6.97943E-12
  4.53160E+06  7.04284E-12
  4.53200E+06  7.10628E-12
  4.53240E+06  7.16903E-12
  4.53280E+06  7.23274E-12
  4.53320E+06  7.29431E-12
  4.53360E+06  7.35665E-12
  4.53400E+06  7.41416E-12
  4.53440E+06  7.46709E-12
  4.53480E+06  7.51301E-12
  4.53520E+06  7.55567E-12
  4.53560E+06  7.59067E-12
  4.53600E+06  7.61590E-12
  4.53640E+06  7.63512E-12
  4.53680E+06  7.64372E-12
  4.53720E+06  7.64186E-12
  4.53760E+06  7.62884E-12
  4.53800E+06  7.60314E-12
  4.53840E+06  7.56394E-12
  4.53880E+06  7.51339E-12
  4.53920E+06  7.44946E-12
  4.53960E+06  7.36530E-12
  4.54000E+06  7.27788E-12
  4.54040E+06  7.17792E-12
  4.54080E+06  7.07148E-12
  4.54120E+06  6.95263E-12
  4.54160E+06  6.82491E-12
  4.54200E+06  6.69460E-12
  4.54240E+06  6.55624E-12
  4.54280E+06  6.41405E-12
  4.54320E+06  6.27245E-12
  4.54360E+06  6.13084E-12
  4.54400E+06  5.99069E-12
  4.54440E+06  5.85601E-12
  4.54480E+06  5.72597E-12
  4.54520E+06  5.60205E-12
  4.54560E+06  5.48639E-12
  4.54600E+06  5.38247E-12
  4.54640E+06  5.28792E-12
  4.54680E+06  5.20622E-12
  4.54720E+06  5.13564E-12
  4.54760E+06  5.07642E-12
  4.54800E+06  5.03188E-12
  4.54840E+06  4.99987E-12
  4.54880E+06  4.97992E-12
  4.54920E+06  4.97190E-12
  4.54960E+06  4.97804E-12
  4.55000E+06  4.99573E-12
  4.55040E+06  5.02242E-12
  4.55080E+06  5.06472E-12
  4.55120E+06  5.11695E-12
  4.55160E+06  5.18081E-12
  4.55200E+06  5.25314E-12
  4.55240E+06  5.33313E-12
  4.55280E+06  5.41479E-12
  4.55320E+06  5.50879E-12
  4.55360E+06  5.60665E-12
  4.55400E+06  5.70548E-12
  4.55440E+06  5.81098E-12
  4.55480E+06  5.91596E-12
  4.55520E+06  6.01848E-12
  4.55560E+06  6.12183E-12
  4.55600E+06  6.22021E-12
  4.55640E+06  6.32155E-12
  4.55680E+06  6.41049E-12
  4.55720E+06  6.49131E-12
  4.55760E+06  6.55954E-12
  4.55800E+06  6.62388E-12
  4.55840E+06  6.67766E-12
  4.55880E+06  6.72918E-12
  4.55920E+06  6.76425E-12
  4.55960E+06  6.78908E-12
  4.56000E+06  6.80715E-12
  4.56040E+06  6.81441E-12
  4.56080E+06  6.81346E-12
  4.56120E+06  6.80628E-12
  4.56160E+06  6.79401E-12
  4.56200E+06  6.77693E-12
  4.56240E+06  6.75521E-12
  4.56280E+06  6.73491E-12
  4.56320E+06  6.71359E-12
  4.56360E+06  6.69449E-12
  4.56400E+06  6.67632E-12
  4.56440E+06  6.66038E-12
  4.56480E+06  6.65107E-12
  4.56520E+06  6.64415E-12
  4.56560E+06  6.64096E-12
  4.56600E+06  6.64106E-12
  4.56640E+06  6.64652E-12
  4.56680E+06  6.65475E-12
  4.56720E+06  6.67255E-12
  4.56760E+06  6.68722E-12
  4.56800E+06  6.70235E-12
  4.56840E+06  6.71715E-12
  4.56880E+06  6.73042E-12
  4.56920E+06  6.74067E-12
  4.56960E+06  6.74871E-12
  4.57000E+06  6.75358E-12
  4.57040E+06  6.75254E-12
  4.57080E+06  6.75078E-12
  4.57120E+06  6.74092E-12
  4.57160E+06  6.72444E-12
  4.57200E+06  6.70593E-12
  4.57240E+06  6.68115E-12
  4.57280E+06  6.65133E-12
  4.57320E+06  6.61731E-12
  4.57360E+06  6.58255E-12
  4.57400E+06  6.54591E-12
  4.57440E+06  6.50789E-12
  4.57480E+06  6.47456E-12
  4.57520E+06  6.44320E-12
  4.57560E+06  6.41674E-12
  4.57600E+06  6.39638E-12
  4.57640E+06  6.38159E-12
  4.57680E+06  6.37935E-12
  4.57720E+06  6.38337E-12
  4.57760E+06  6.39543E-12
  4.57800E+06  6.42103E-12
  4.57840E+06  6.45323E-12
  4.57880E+06  6.49415E-12
  4.57920E+06  6.57214E-12
  4.57960E+06  6.63973E-12
  4.58000E+06  6.71671E-12
  4.58040E+06  6.94095E-12
  4.58080E+06  7.07948E-12
  4.58120E+06  7.23678E-12
  4.58160E+06  7.98496E-12
  4.58200E+06  8.35850E-12
  4.58240E+06  8.80180E-12
  4.58280E+06  1.17596E-11
  4.58320E+06  1.31198E-11
  4.58360E+06  1.47827E-11
  4.58400E+06  2.34278E-11
  4.58440E+06  2.78826E-11
  4.58480E+06  3.33539E-11
  4.58520E+06  5.41564E-11
  4.58560E+06  6.65227E-11
  4.58600E+06  8.16368E-11
  4.58640E+06  1.03990E-10
  4.58680E+06  1.27284E-10
  4.58720E+06  1.55193E-10
  4.58760E+06  1.88733E-10
  4.58800E+06  2.27981E-10
  4.58840E+06  2.73913E-10
  4.58880E+06  3.27321E-10
  4.58920E+06  3.88730E-10
  4.58960E+06  4.58836E-10
  4.59000E+06  5.38218E-10
  4.59040E+06  6.27258E-10
  4.59080E+06  7.26271E-10
  4.59120E+06  8.35406E-10
  4.59160E+06  9.54506E-10
  4.59200E+06  1.08326E-09
  4.59240E+06  1.22109E-09
  4.59280E+06  1.36707E-09
  4.59320E+06  1.52002E-09
  4.59360E+06  1.67853E-09
  4.59400E+06  1.84074E-09
  4.59440E+06  2.00467E-09
  4.59480E+06  2.16814E-09
  4.59520E+06  2.32857E-09
  4.59560E+06  2.48345E-09
  4.59600E+06  2.63024E-09
  4.59640E+06  2.76618E-09
  4.59680E+06  2.88879E-09
  4.59720E+06  2.99580E-09
  4.59760E+06  3.08494E-09
  4.59800E+06  3.15444E-09
  4.59840E+06  3.20304E-09
  4.59880E+06  3.22945E-09
  4.59920E+06  3.23324E-09
  4.59960E+06  3.21442E-09
  4.60000E+06  3.17327E-09
  4.60040E+06  3.11073E-09
  4.60080E+06  3.02818E-09
  4.60120E+06  2.92725E-09
  4.60160E+06  2.81002E-09
  4.60200E+06  2.67889E-09
  4.60240E+06  2.53626E-09
  4.60280E+06  2.38480E-09
  4.60320E+06  2.22719E-09
  4.60360E+06  2.06601E-09
  4.60400E+06  1.90378E-09
  4.60440E+06  1.74285E-09
  4.60480E+06  1.58530E-09
  4.60520E+06  1.43298E-09
  4.60560E+06  1.28747E-09
  4.60600E+06  1.15001E-09
  4.60640E+06  1.02155E-09
  4.60680E+06  9.02764E-10
  4.60720E+06  7.94012E-10
  4.60760E+06  6.95420E-10
  4.60800E+06  6.06869E-10
  4.60840E+06  5.28103E-10
  4.60880E+06  4.58646E-10
  4.60920E+06  3.97829E-10
  4.60960E+06  3.45214E-10
  4.61000E+06  2.99955E-10
  4.61040E+06  2.60882E-10
  4.61080E+06  2.28212E-10
  4.61120E+06  2.00657E-10
  4.61160E+06  1.75686E-10
  4.61200E+06  1.56796E-10
  4.61240E+06  1.40994E-10
  4.61280E+06  1.22725E-10
  4.61320E+06  1.12855E-10
  4.61360E+06  1.04431E-10
  4.61400E+06  8.64135E-11
  4.61440E+06  8.27093E-11
  4.61480E+06  7.91354E-11
  4.61520E+06  7.26073E-11
  4.61560E+06  6.99366E-11
  4.61600E+06  6.71405E-11
  4.61640E+06  6.39973E-11
  4.61680E+06  6.11063E-11
  4.61720E+06  5.81564E-11
  4.61760E+06  5.51686E-11
  4.61800E+06  5.22277E-11
  4.61840E+06  4.93172E-11
  4.61880E+06  4.65366E-11
  4.61920E+06  4.38033E-11
  4.61960E+06  4.11812E-11
  4.62000E+06  3.87035E-11
  4.62040E+06  3.63842E-11
  4.62080E+06  3.42318E-11
  4.62120E+06  3.22811E-11
  4.62160E+06  3.05242E-11
  4.62200E+06  2.89681E-11
  4.62240E+06  2.76625E-11
  4.62280E+06  2.65627E-11
  4.62320E+06  2.56800E-11
  4.62360E+06  2.49788E-11
  4.62400E+06  2.45580E-11
  4.62440E+06  2.43509E-11
  4.62480E+06  2.43031E-11
  4.62520E+06  2.45300E-11
  4.62560E+06  2.49513E-11
  4.62600E+06  2.54980E-11
  4.62640E+06  2.62987E-11
  4.62680E+06  2.72576E-11
  4.62720E+06  2.82493E-11
  4.62760E+06  2.95127E-11
  4.62800E+06  3.08775E-11
  4.62840E+06  3.22701E-11
  4.62880E+06  3.37966E-11
  4.62920E+06  3.53568E-11
  4.62960E+06  3.68866E-11
  4.63000E+06  3.84580E-11
  4.63040E+06  3.99860E-11
  4.63080E+06  4.14040E-11
  4.63120E+06  4.27868E-11
  4.63160E+06  4.40500E-11
  4.63200E+06  4.51733E-11
  4.63240E+06  4.61465E-11
  4.63280E+06  4.69422E-11
  4.63320E+06  4.75663E-11
  4.63360E+06  4.79874E-11
  4.63400E+06  4.82017E-11
  4.63440E+06  4.82613E-11
  4.63480E+06  4.80831E-11
  4.63520E+06  4.77071E-11
  4.63560E+06  4.71524E-11
  4.63600E+06  4.64236E-11
  4.63640E+06  4.55383E-11
  4.63680E+06  4.45213E-11
  4.63720E+06  4.33899E-11
  4.63760E+06  4.21682E-11
  4.63800E+06  4.08854E-11
  4.63840E+06  3.95644E-11
  4.63880E+06  3.82285E-11
  4.63920E+06  3.69054E-11
  4.63960E+06  3.56155E-11
  4.64000E+06  3.43783E-11
  4.64040E+06  3.32042E-11
  4.64080E+06  3.21274E-11
  4.64120E+06  3.11476E-11
  4.64160E+06  3.02815E-11
  4.64200E+06  2.95220E-11
  4.64240E+06  2.88744E-11
  4.64280E+06  2.83433E-11
  4.64320E+06  2.79161E-11
  4.64360E+06  2.75852E-11
  4.64400E+06  2.73396E-11
  4.64440E+06  2.71737E-11
  4.64480E+06  2.70656E-11
  4.64520E+06  2.69856E-11
  4.64560E+06  2.69555E-11
  4.64600E+06  2.69350E-11
  4.64640E+06  2.68720E-11
  4.64680E+06  2.68400E-11
  4.64720E+06  2.67735E-11
  4.64760E+06  2.66066E-11
  4.64800E+06  2.64662E-11
  4.64840E+06  2.62632E-11
  4.64880E+06  2.59747E-11
  4.64920E+06  2.56520E-11
  4.64960E+06  2.52638E-11
  4.65000E+06  2.47825E-11
  4.65040E+06  2.42897E-11
  4.65080E+06  2.37465E-11
  4.65120E+06  2.31080E-11
  4.65160E+06  2.25117E-11
  4.65200E+06  2.18904E-11
  4.65240E+06  2.12428E-11
  4.65280E+06  2.06125E-11
  4.65320E+06  1.99875E-11
  4.65360E+06  1.93771E-11
  4.65400E+06  1.87939E-11
  4.65440E+06  1.82395E-11
  4.65480E+06  1.77252E-11
  4.65520E+06  1.72479E-11
  4.65560E+06  1.68112E-11
  4.65600E+06  1.64155E-11
  4.65640E+06  1.60678E-11
  4.65680E+06  1.57606E-11
  4.65720E+06  1.54934E-11
  4.65760E+06  1.52658E-11
  4.65800E+06  1.50704E-11
  4.65840E+06  1.49109E-11
  4.65880E+06  1.47764E-11
  4.65920E+06  1.46628E-11
  4.65960E+06  1.45704E-11
  4.66000E+06  1.44933E-11
  4.66040E+06  1.44262E-11
  4.66080E+06  1.43630E-11
  4.66120E+06  1.43153E-11
  4.66160E+06  1.42695E-11
  4.66200E+06  1.42094E-11
  4.66240E+06  1.41763E-11
  4.66280E+06  1.41409E-11
  4.66320E+06  1.40574E-11
  4.66360E+06  1.40324E-11
  4.66400E+06  1.40033E-11
  4.66440E+06  1.39679E-11
  4.66480E+06  1.39418E-11
  4.66520E+06  1.39151E-11
  4.66560E+06  1.38876E-11
  4.66600E+06  1.38677E-11
  4.66640E+06  1.38507E-11
  4.66680E+06  1.38489E-11
  4.66720E+06  1.38490E-11
  4.66760E+06  1.38545E-11
  4.66800E+06  1.38670E-11
  4.66840E+06  1.38887E-11
  4.66880E+06  1.39157E-11
  4.66920E+06  1.39525E-11
  4.66960E+06  1.39913E-11
  4.67000E+06  1.40330E-11
  4.67040E+06  1.40710E-11
  4.67080E+06  1.41180E-11
  4.67120E+06  1.41631E-11
  4.67160E+06  1.42028E-11
  4.67200E+06  1.42448E-11
  4.67240E+06  1.42798E-11
  4.67280E+06  1.43095E-11
  4.67320E+06  1.43326E-11
  4.67360E+06  1.43448E-11
  4.67400E+06  1.43436E-11
  4.67440E+06  1.43353E-11
  4.67480E+06  1.43137E-11
  4.67520E+06  1.42778E-11
  4.67560E+06  1.42324E-11
  4.67600E+06  1.41730E-11
  4.67640E+06  1.40938E-11
  4.67680E+06  1.40141E-11
  4.67720E+06  1.39212E-11
  4.67760E+06  1.38145E-11
  4.67800E+06  1.37021E-11
  4.67840E+06  1.35788E-11
  4.67880E+06  1.34465E-11
  4.67920E+06  1.33084E-11
  4.67960E+06  1.31623E-11
  4.68000E+06  1.30029E-11
  4.68040E+06  1.28476E-11
  4.68080E+06  1.26869E-11
  4.68120E+06  1.25244E-11
  4.68160E+06  1.23611E-11
  4.68200E+06  1.21955E-11
  4.68240E+06  1.20321E-11
  4.68280E+06  1.18696E-11
  4.68320E+06  1.17078E-11
  4.68360E+06  1.15655E-11
  4.68400E+06  1.14180E-11
  4.68440E+06  1.12749E-11
  4.68480E+06  1.11575E-11
  4.68520E+06  1.10362E-11
  4.68560E+06  1.09238E-11
  4.68600E+06  1.09070E-11
  4.68640E+06  1.08462E-11
  4.68680E+06  1.08045E-11
  4.68720E+06  1.08318E-11
  4.68760E+06  1.08580E-11
  4.68800E+06  1.09156E-11
  4.68840E+06  1.10255E-11
  4.68880E+06  1.11687E-11
  4.68920E+06  1.13570E-11
  4.68960E+06  1.16471E-11
  4.69000E+06  1.19614E-11
  4.69040E+06  1.23389E-11
  4.69080E+06  1.27946E-11
  4.69120E+06  1.33240E-11
  4.69160E+06  1.39313E-11
  4.69200E+06  1.46258E-11
  4.69240E+06  1.54030E-11
  4.69280E+06  1.62657E-11
  4.69320E+06  1.72301E-11
  4.69360E+06  1.82710E-11
  4.69400E+06  1.93921E-11
  4.69440E+06  2.06324E-11
  4.69480E+06  2.19111E-11
  4.69520E+06  2.32501E-11
  4.69560E+06  2.47221E-11
  4.69600E+06  2.61802E-11
  4.69640E+06  2.76659E-11
  4.69680E+06  2.97065E-11
  4.69720E+06  3.13706E-11
  4.69760E+06  3.30588E-11
  4.69800E+06  3.79412E-11
  4.69840E+06  4.06230E-11
  4.69880E+06  4.35629E-11
  4.69920E+06  6.24155E-11
  4.69960E+06  7.07630E-11
  4.70000E+06  8.07837E-11
  4.70040E+06  1.63908E-10
  4.70080E+06  1.99875E-10
  4.70120E+06  2.44277E-10
  4.70160E+06  5.79795E-10
  4.70200E+06  7.31330E-10
  4.70240E+06  9.19002E-10
  4.70280E+06  1.95645E-09
  4.70320E+06  2.48212E-09
  4.70360E+06  3.13050E-09
  4.70400E+06  5.89101E-09
  4.70440E+06  7.45022E-09
  4.70480E+06  9.36163E-09
  4.70520E+06  1.24534E-08
  4.70560E+06  1.54918E-08
  4.70600E+06  1.91445E-08
  4.70640E+06  2.35518E-08
  4.70680E+06  2.87227E-08
  4.70720E+06  3.47937E-08
  4.70760E+06  4.18737E-08
  4.70800E+06  5.00422E-08
  4.70840E+06  5.93977E-08
  4.70880E+06  7.00245E-08
  4.70920E+06  8.19852E-08
  4.70960E+06  9.53308E-08
  4.71000E+06  1.10090E-07
  4.71040E+06  1.26255E-07
  4.71080E+06  1.43795E-07
  4.71120E+06  1.62642E-07
  4.71160E+06  1.82681E-07
  4.71200E+06  2.03765E-07
  4.71240E+06  2.25706E-07
  4.71280E+06  2.48264E-07
  4.71320E+06  2.71171E-07
  4.71360E+06  2.94128E-07
  4.71400E+06  3.16792E-07
  4.71440E+06  3.38812E-07
  4.71480E+06  3.59826E-07
  4.71520E+06  3.79457E-07
  4.71560E+06  3.97346E-07
  4.71600E+06  4.13159E-07
  4.71640E+06  4.26570E-07
  4.71680E+06  4.37314E-07
  4.71720E+06  4.45175E-07
  4.71760E+06  4.49974E-07
  4.71800E+06  4.51614E-07
  4.71840E+06  4.50066E-07
  4.71880E+06  4.45353E-07
  4.71920E+06  4.37579E-07
  4.71960E+06  4.26912E-07
  4.72000E+06  4.13563E-07
  4.72040E+06  3.97810E-07
  4.72080E+06  3.79969E-07
  4.72120E+06  3.60377E-07
  4.72160E+06  3.39400E-07
  4.72200E+06  3.17413E-07
  4.72240E+06  2.94785E-07
  4.72280E+06  2.71876E-07
  4.72320E+06  2.49023E-07
  4.72360E+06  2.26535E-07
  4.72400E+06  2.04687E-07
  4.72440E+06  1.83714E-07
  4.72480E+06  1.63808E-07
  4.72520E+06  1.45121E-07
  4.72560E+06  1.27761E-07
  4.72600E+06  1.11798E-07
  4.72640E+06  9.72620E-08
  4.72680E+06  8.41503E-08
  4.72720E+06  7.24373E-08
  4.72760E+06  6.20661E-08
  4.72800E+06  5.29526E-08
  4.72840E+06  4.50360E-08
  4.72880E+06  3.82050E-08
  4.72920E+06  3.23042E-08
  4.72960E+06  2.73514E-08
  4.73000E+06  2.31744E-08
  4.73040E+06  1.94617E-08
  4.73080E+06  1.66009E-08
  4.73120E+06  1.42286E-08
  4.73160E+06  1.16553E-08
  4.73200E+06  1.01919E-08
  4.73240E+06  8.98055E-09
  4.73280E+06  6.47830E-09
  4.73320E+06  6.00805E-09
  4.73360E+06  5.59047E-09
  4.73400E+06  4.63176E-09
  4.73440E+06  4.43248E-09
  4.73480E+06  4.22749E-09
  4.73520E+06  3.98213E-09
  4.73560E+06  3.77960E-09
  4.73600E+06  3.57351E-09
  4.73640E+06  3.36438E-09
  4.73680E+06  3.16094E-09
  4.73720E+06  2.95990E-09
  4.73760E+06  2.77415E-09
  4.73800E+06  2.58810E-09
  4.73840E+06  2.41075E-09
  4.73880E+06  2.24783E-09
  4.73920E+06  2.09498E-09
  4.73960E+06  1.95571E-09
  4.74000E+06  1.83463E-09
  4.74040E+06  1.72844E-09
  4.74080E+06  1.63938E-09
  4.74120E+06  1.57574E-09
  4.74160E+06  1.52728E-09
  4.74200E+06  1.49863E-09
  4.74240E+06  1.48843E-09
  4.74280E+06  1.50248E-09
  4.74320E+06  1.53735E-09
  4.74360E+06  1.58919E-09
  4.74400E+06  1.66678E-09
  4.74440E+06  1.76453E-09
  4.74480E+06  1.87653E-09
  4.74520E+06  2.01389E-09
  4.74560E+06  2.16848E-09
  4.74600E+06  2.33230E-09
  4.74640E+06  2.51846E-09
  4.74680E+06  2.71625E-09
  4.74720E+06  2.91988E-09
  4.74760E+06  3.13469E-09
  4.74800E+06  3.35313E-09
  4.74840E+06  3.56873E-09
  4.74880E+06  3.78633E-09
  4.74920E+06  3.99769E-09
  4.74960E+06  4.19945E-09
  4.75000E+06  4.39043E-09
  4.75040E+06  4.56530E-09
  4.75080E+06  4.73918E-09
  4.75120E+06  4.87939E-09
  4.75160E+06  4.99702E-09
  4.75200E+06  5.17857E-09
  4.75240E+06  5.27404E-09
  4.75280E+06  5.35075E-09
  4.75320E+06  5.77551E-09
  4.75360E+06  5.93105E-09
  4.75400E+06  6.10368E-09
  4.75440E+06  7.59410E-09
  4.75480E+06  8.22335E-09
  4.75520E+06  9.00579E-09
  4.75560E+06  1.33420E-08
  4.75600E+06  1.55607E-08
  4.75640E+06  1.83162E-08
  4.75680E+06  2.63520E-08
  4.75720E+06  3.19036E-08
  4.75760E+06  3.86941E-08
  4.75800E+06  4.74315E-08
  4.75840E+06  5.74861E-08
  4.75880E+06  6.94827E-08
  4.75920E+06  8.36820E-08
  4.75960E+06  1.00329E-07
  4.76000E+06  1.19685E-07
  4.76040E+06  1.41996E-07
  4.76080E+06  1.67490E-07
  4.76120E+06  1.96362E-07
  4.76160E+06  2.28770E-07
  4.76200E+06  2.64813E-07
  4.76240E+06  3.04529E-07
  4.76280E+06  3.47875E-07
  4.76320E+06  3.94723E-07
  4.76360E+06  4.44846E-07
  4.76400E+06  4.97911E-07
  4.76440E+06  5.53485E-07
  4.76480E+06  6.11021E-07
  4.76520E+06  6.69866E-07
  4.76560E+06  7.29286E-07
  4.76600E+06  7.88449E-07
  4.76640E+06  8.46452E-07
  4.76680E+06  9.02379E-07
  4.76720E+06  9.55258E-07
  4.76760E+06  1.00413E-06
  4.76800E+06  1.04808E-06
  4.76840E+06  1.08625E-06
  4.76880E+06  1.11787E-06
  4.76920E+06  1.14228E-06
  4.76960E+06  1.15896E-06
  4.77000E+06  1.16756E-06
  4.77040E+06  1.16788E-06
  4.77080E+06  1.15990E-06
  4.77120E+06  1.14379E-06
  4.77160E+06  1.11988E-06
  4.77200E+06  1.08866E-06
  4.77240E+06  1.05076E-06
  4.77280E+06  1.00694E-06
  4.77320E+06  9.58051E-07
  4.77360E+06  9.05017E-07
  4.77400E+06  8.48800E-07
  4.77440E+06  7.90372E-07
  4.77480E+06  7.30689E-07
  4.77520E+06  6.70665E-07
  4.77560E+06  6.11151E-07
  4.77600E+06  5.52915E-07
  4.77640E+06  4.96630E-07
  4.77680E+06  4.42864E-07
  4.77720E+06  3.92074E-07
  4.77760E+06  3.44608E-07
  4.77800E+06  3.00704E-07
  4.77840E+06  2.60497E-07
  4.77880E+06  2.24039E-07
  4.77920E+06  1.91292E-07
  4.77960E+06  1.62136E-07
  4.78000E+06  1.36444E-07
  4.78040E+06  1.13992E-07
  4.78080E+06  9.44770E-08
  4.78120E+06  7.77961E-08
  4.78160E+06  6.35956E-08
  4.78200E+06  5.13313E-08
  4.78240E+06  4.13685E-08
  4.78280E+06  3.30965E-08
  4.78320E+06  2.53022E-08
  4.78360E+06  1.99808E-08
  4.78400E+06  1.56627E-08
  4.78440E+06  9.62399E-09
  4.78480E+06  7.47580E-09
  4.78520E+06  5.76390E-09
  4.78560E+06  8.75275E-10
  4.78600E+06  6.77586E-10
  4.78640E+06  5.20660E-10
  4.78680E+06  1.45048E-11
  4.78720E+06  1.14366E-11
  4.78760E+06  9.00798E-12
  4.78800E+06  9.19877E-13
  4.78840E+06  9.46779E-13
  4.78880E+06  9.71735E-13
  4.78920E+06  9.95906E-13
  4.78960E+06  1.01674E-12
  4.79000E+06  1.03514E-12
  4.79040E+06  1.05096E-12
  4.79080E+06  1.06414E-12
  4.79120E+06  1.07463E-12
  4.79160E+06  1.08380E-12
  4.79200E+06  1.08934E-12
  4.79240E+06  1.09239E-12
  4.79280E+06  1.09307E-12
  4.79320E+06  1.09154E-12
  4.79360E+06  1.08798E-12
  4.79400E+06  1.08396E-12
  4.79440E+06  1.07733E-12
  4.79480E+06  1.06938E-12
  4.79520E+06  1.06033E-12
  4.79560E+06  1.05038E-12
  4.79600E+06  1.03973E-12
  4.79640E+06  1.02889E-12
  4.79680E+06  1.01801E-12
  4.79720E+06  1.00693E-12
  4.79760E+06  9.97148E-13
  4.79800E+06  9.86416E-13
  4.79840E+06  9.75874E-13
  4.79880E+06  9.66970E-13
  4.79920E+06  9.57397E-13
  4.79960E+06  9.48254E-13
  4.80000E+06  9.38520E-13
  4.80040E+06  9.30582E-13
  4.80080E+06  9.23087E-13
  4.80120E+06  9.20210E-13
  4.80160E+06  9.14923E-13
  4.80200E+06  9.10460E-13
  4.80240E+06  9.06897E-13
  4.80280E+06  9.04311E-13
  4.80320E+06  9.02785E-13
  4.80360E+06  9.01673E-13
  4.80400E+06  9.03431E-13
  4.80440E+06  9.06460E-13
  4.80480E+06  9.10856E-13
  4.80520E+06  9.16697E-13
  4.80560E+06  9.24035E-13
  4.80600E+06  9.33554E-13
  4.80640E+06  9.45276E-13
  4.80680E+06  9.58560E-13
  4.80720E+06  9.74769E-13
  4.80760E+06  9.91490E-13
  4.80800E+06  1.00969E-12
  4.80840E+06  1.02820E-12
  4.80880E+06  1.04921E-12
  4.80920E+06  1.07115E-12
  4.80960E+06  1.10104E-12
  4.81000E+06  1.12691E-12
  4.81040E+06  1.15354E-12
  4.81080E+06  1.18354E-12
  4.81120E+06  1.21205E-12
  4.81160E+06  1.24107E-12
  4.81200E+06  1.27083E-12
  4.81240E+06  1.30127E-12
  4.81280E+06  1.33205E-12
  4.81320E+06  1.36456E-12
  4.81360E+06  1.39649E-12
  4.81400E+06  1.42899E-12
  4.81440E+06  1.46525E-12
  4.81480E+06  1.50071E-12
  4.81520E+06  1.53736E-12
  4.81560E+06  1.57848E-12
  4.81600E+06  1.61957E-12
  4.81640E+06  1.66265E-12
  4.81680E+06  1.70787E-12
  4.81720E+06  1.75539E-12
  4.81760E+06  1.80525E-12
  4.81800E+06  1.85638E-12
  4.81840E+06  1.91103E-12
  4.81880E+06  1.96759E-12
  4.81920E+06  2.02576E-12
  4.81960E+06  2.08510E-12
  4.82000E+06  2.14506E-12
  4.82040E+06  2.20811E-12
  4.82080E+06  2.26882E-12
  4.82120E+06  2.32824E-12
  4.82160E+06  2.38972E-12
  4.82200E+06  2.44539E-12
  4.82240E+06  2.49763E-12
  4.82280E+06  2.54739E-12
  4.82320E+06  2.59165E-12
  4.82360E+06  2.63052E-12
  4.82400E+06  2.66490E-12
  4.82440E+06  2.69205E-12
  4.82480E+06  2.71275E-12
  4.82520E+06  2.72584E-12
  4.82560E+06  2.73369E-12
  4.82600E+06  2.73507E-12
  4.82640E+06  2.73197E-12
  4.82680E+06  2.72246E-12
  4.82720E+06  2.70780E-12
  4.82760E+06  2.69170E-12
  4.82800E+06  2.67017E-12
  4.82840E+06  2.64575E-12
  4.82880E+06  2.62064E-12
  4.82920E+06  2.59327E-12
  4.82960E+06  2.56545E-12
  4.83000E+06  2.53888E-12
  4.83040E+06  2.51424E-12
  4.83080E+06  2.49116E-12
  4.83120E+06  2.47015E-12
  4.83160E+06  2.45161E-12
  4.83200E+06  2.43579E-12
  4.83240E+06  2.42592E-12
  4.83280E+06  2.41732E-12
  4.83320E+06  2.41174E-12
  4.83360E+06  2.41317E-12
  4.83400E+06  2.41433E-12
  4.83440E+06  2.41814E-12
  4.83480E+06  2.43049E-12
  4.83520E+06  2.44169E-12
  4.83560E+06  2.45508E-12
  4.83600E+06  2.47357E-12
  4.83640E+06  2.49230E-12
  4.83680E+06  2.51295E-12
  4.83720E+06  2.53550E-12
  4.83760E+06  2.55991E-12
  4.83800E+06  2.58622E-12
  4.83840E+06  2.61089E-12
  4.83880E+06  2.64349E-12
  4.83920E+06  2.67798E-12
  4.83960E+06  2.71655E-12
  4.84000E+06  2.75698E-12
  4.84040E+06  2.79978E-12
  4.84080E+06  2.84533E-12
  4.84120E+06  2.89361E-12
  4.84160E+06  2.94419E-12
  4.84200E+06  2.99995E-12
  4.84240E+06  3.05587E-12
  4.84280E+06  3.11338E-12
  4.84320E+06  3.17157E-12
  4.84360E+06  3.23227E-12
  4.84400E+06  3.29281E-12
  4.84440E+06  3.35073E-12
  4.84480E+06  3.41000E-12
  4.84520E+06  3.46675E-12
  4.84560E+06  3.52159E-12
  4.84600E+06  3.57134E-12
  4.84640E+06  3.61628E-12
  4.84680E+06  3.65844E-12
  4.84720E+06  3.69243E-12
  4.84760E+06  3.71980E-12
  4.84800E+06  3.74423E-12
  4.84840E+06  3.75832E-12
  4.84880E+06  3.76505E-12
  4.84920E+06  3.76815E-12
  4.84960E+06  3.76305E-12
  4.85000E+06  3.75122E-12
  4.85040E+06  3.73273E-12
  4.85080E+06  3.71056E-12
  4.85120E+06  3.68340E-12
  4.85160E+06  3.65270E-12
  4.85200E+06  3.61935E-12
  4.85240E+06  3.58360E-12
  4.85280E+06  3.54808E-12
  4.85320E+06  3.51136E-12
  4.85360E+06  3.47504E-12
  4.85400E+06  3.44547E-12
  4.85440E+06  3.41401E-12
  4.85480E+06  3.38557E-12
  4.85520E+06  3.36003E-12
  4.85560E+06  3.34026E-12
  4.85600E+06  3.32496E-12
  4.85640E+06  3.31401E-12
  4.85680E+06  3.30994E-12
  4.85720E+06  3.31077E-12
  4.85760E+06  3.32089E-12
  4.85800E+06  3.33306E-12
  4.85840E+06  3.34982E-12
  4.85880E+06  3.36762E-12
  4.85920E+06  3.39301E-12
  4.85960E+06  3.42128E-12
  4.86000E+06  3.45310E-12
  4.86040E+06  3.48537E-12
  4.86080E+06  3.51833E-12
  4.86120E+06  3.54933E-12
  4.86160E+06  3.58224E-12
  4.86200E+06  3.61314E-12
  4.86240E+06  3.63944E-12
  4.86280E+06  3.66509E-12
  4.86320E+06  3.68633E-12
  4.86360E+06  3.69759E-12
  4.86400E+06  3.71016E-12
  4.86440E+06  3.71641E-12
  4.86480E+06  3.71842E-12
  4.86520E+06  3.71364E-12
  4.86560E+06  3.70212E-12
  4.86600E+06  3.68666E-12
  4.86640E+06  3.66269E-12
  4.86680E+06  3.63256E-12
  4.86720E+06  3.59860E-12
  4.86760E+06  3.55889E-12
  4.86800E+06  3.51435E-12
  4.86840E+06  3.46515E-12
  4.86880E+06  3.41433E-12
  4.86920E+06  3.36060E-12
  4.86960E+06  3.30643E-12
  4.87000E+06  3.25030E-12
  4.87040E+06  3.19377E-12
  4.87080E+06  3.13730E-12
  4.87120E+06  3.08411E-12
  4.87160E+06  3.03301E-12
  4.87200E+06  2.98410E-12
  4.87240E+06  2.94049E-12
  4.87280E+06  2.90114E-12
  4.87320E+06  2.86696E-12
  4.87360E+06  2.83840E-12
  4.87400E+06  2.81544E-12
  4.87440E+06  2.79859E-12
  4.87480E+06  2.78783E-12
  4.87520E+06  2.78270E-12
  4.87560E+06  2.78213E-12
  4.87600E+06  2.78801E-12
  4.87640E+06  2.79802E-12
  4.87680E+06  2.81101E-12
  4.87720E+06  2.82850E-12
  4.87760E+06  2.84755E-12
  4.87800E+06  2.86746E-12
  4.87840E+06  2.88965E-12
  4.87880E+06  2.91053E-12
  4.87920E+06  2.92994E-12
  4.87960E+06  2.94709E-12
  4.88000E+06  2.96070E-12
  4.88040E+06  2.96948E-12
  4.88080E+06  2.97541E-12
  4.88120E+06  2.97656E-12
  4.88160E+06  2.97488E-12
  4.88200E+06  2.96812E-12
  4.88240E+06  2.95698E-12
  4.88280E+06  2.94180E-12
  4.88320E+06  2.92554E-12
  4.88360E+06  2.90655E-12
  4.88400E+06  2.88737E-12
  4.88440E+06  2.86648E-12
  4.88480E+06  2.84551E-12
  4.88520E+06  2.82321E-12
  4.88560E+06  2.80512E-12
  4.88600E+06  2.78923E-12
  4.88640E+06  2.77195E-12
  4.88680E+06  2.76323E-12
  4.88720E+06  2.75793E-12
  4.88760E+06  2.75628E-12
  4.88800E+06  2.75828E-12
  4.88840E+06  2.76378E-12
  4.88880E+06  2.77138E-12
  4.88920E+06  2.78291E-12
  4.88960E+06  2.79634E-12
  4.89000E+06  2.80981E-12
  4.89040E+06  2.82476E-12
  4.89080E+06  2.83882E-12
  4.89120E+06  2.84989E-12
  4.89160E+06  2.85925E-12
  4.89200E+06  2.86446E-12
  4.89240E+06  2.86343E-12
  4.89280E+06  2.85758E-12
  4.89320E+06  2.84466E-12
  4.89360E+06  2.81972E-12
  4.89400E+06  2.79160E-12
  4.89440E+06  2.75439E-12
  4.89480E+06  2.70574E-12
  4.89520E+06  2.65033E-12
  4.89560E+06  2.58553E-12
  4.89600E+06  2.50848E-12
  4.89640E+06  2.42678E-12
  4.89680E+06  2.33693E-12
  4.89720E+06  2.23765E-12
  4.89760E+06  2.13460E-12
  4.89800E+06  2.02608E-12
  4.89840E+06  1.91110E-12
  4.89880E+06  1.79557E-12
  4.89920E+06  1.67796E-12
  4.89960E+06  1.55737E-12
  4.90000E+06  1.43972E-12
  4.90040E+06  1.32338E-12
  4.90080E+06  1.20839E-12
  4.90120E+06  1.09806E-12
  4.90160E+06  9.91882E-13
  4.90200E+06  8.89540E-13
  4.90240E+06  7.93999E-13
  4.90280E+06  7.04353E-13
  4.90320E+06  6.19888E-13
  4.90360E+06  5.43177E-13
  4.90400E+06  4.72930E-13
  4.90440E+06  4.08074E-13
  4.90480E+06  3.50850E-13
  4.90520E+06  2.99678E-13
  4.90560E+06  2.52176E-13
  4.90600E+06  2.12744E-13
  4.90640E+06  1.78268E-13
  4.90680E+06  1.44151E-13
  4.90720E+06  1.19454E-13
  4.90760E+06  9.82930E-14
  4.90800E+06  7.82031E-14
  4.90840E+06  6.35625E-14
  4.90880E+06  5.12917E-14
  4.90920E+06  4.00384E-14
  4.90960E+06  3.18877E-14
  4.91000E+06  2.52119E-14
  4.91040E+06  1.66271E-14
  4.91080E+06  1.30295E-14
  4.91120E+06  1.01346E-14
  4.91160E+06  4.66243E-15
  4.91200E+06  3.60565E-15
  4.91240E+06  2.76738E-15
  4.91280E+06  1.00000E-35
  4.91320E+06  1.00000E-35
  4.91360E+06  1.00000E-35
  4.91400E+06  1.00000E-35
  4.91440E+06  1.00000E-35
  4.91480E+06  1.00000E-35
  4.91520E+06  1.00000E-35
  4.91560E+06  1.00000E-35
  4.91600E+06  1.00000E-35
  4.91640E+06  1.00000E-35
  4.91680E+06  1.00000E-35
  4.91720E+06  1.00000E-35
  4.91760E+06  1.00000E-35
  4.91800E+06  1.00000E-35
  4.91840E+06  1.00000E-35
  4.91880E+06  1.00000E-35
  4.91920E+06  1.00000E-35
  4.91960E+06  1.00000E-35
  4.92000E+06  1.00000E-35
  4.92040E+06  1.00000E-35
  4.92080E+06  1.00000E-35
  4.92120E+06  1.00000E-35
  4.92160E+06  1.00000E-35
  4.92200E+06  1.00000E-35
  4.92240E+06  1.00000E-35
  4.92280E+06  1.00000E-35
  4.92320E+06  1.00000E-35
  4.92360E+06  1.00000E-35
  4.92400E+06  1.00000E-35
  4.92440E+06  1.00000E-35
  4.92480E+06  1.00000E-35
  4.92520E+06  1.00000E-35
  4.92560E+06  1.00000E-35
  4.92600E+06  1.00000E-35
  4.92640E+06  1.00000E-35
  4.92680E+06  1.00000E-35
  4.92720E+06  1.00000E-35
  4.92760E+06  1.00000E-35
  4.92800E+06  1.00000E-35
  4.92840E+06  1.00000E-35
  4.92880E+06  1.00000E-35
  4.92920E+06  1.00000E-35
  4.92960E+06  1.00000E-35
  4.93000E+06  1.00000E-35
  4.93040E+06  1.00000E-35
  4.93080E+06  1.00000E-35
  4.93120E+06  1.00000E-35
  4.93160E+06  1.00000E-35
  4.93200E+06  1.00000E-35
  4.93240E+06  1.00000E-35
  4.93280E+06  1.00000E-35
  4.93320E+06  1.00000E-35
  4.93360E+06  1.00000E-35
  4.93400E+06  1.00000E-35
  4.93440E+06  1.00000E-35
  4.93480E+06  1.00000E-35
  4.93520E+06  1.00000E-35
  4.93560E+06  1.00000E-35
  4.93600E+06  1.00000E-35
  4.93640E+06  1.00000E-35
  4.93680E+06  1.00000E-35
  4.93720E+06  1.00000E-35
  4.93760E+06  1.00000E-35
  4.93800E+06  1.00000E-35
  4.93840E+06  1.00000E-35
  4.93880E+06  1.00000E-35
  4.93920E+06  1.00000E-35
  4.93960E+06  1.00000E-35
  4.94000E+06  1.00000E-35
  4.94040E+06  1.00000E-35
  4.94080E+06  1.00000E-35
  4.94120E+06  1.00000E-35
  4.94160E+06  1.00000E-35
  4.94200E+06  1.00000E-35
  4.94240E+06  1.00000E-35
  4.94280E+06  1.00000E-35
