  3.70070E+06  4.21865E-12
  3.70110E+06  4.37273E-12
  3.70150E+06  4.51436E-12
  3.70190E+06  4.64990E-12
  3.70230E+06  4.76800E-12
  3.70270E+06  4.87410E-12
  3.70310E+06  4.97263E-12
  3.70350E+06  5.05790E-12
  3.70390E+06  5.14387E-12
  3.70430E+06  5.21471E-12
  3.70470E+06  5.27940E-12
  3.70510E+06  5.34691E-12
  3.70550E+06  5.40562E-12
  3.70590E+06  5.47936E-12
  3.70630E+06  5.54102E-12
  3.70670E+06  5.60460E-12
  3.70710E+06  5.67121E-12
  3.70750E+06  5.74177E-12
  3.70790E+06  5.82034E-12
  3.70830E+06  5.90172E-12
  3.70870E+06  5.98879E-12
  3.70910E+06  6.08543E-12
  3.70950E+06  6.18505E-12
  3.70990E+06  6.29697E-12
  3.71030E+06  6.40941E-12
  3.71070E+06  6.52692E-12
  3.71110E+06  6.64884E-12
  3.71150E+06  6.77436E-12
  3.71190E+06  6.90254E-12
  3.71230E+06  7.03230E-12
  3.71270E+06  7.16249E-12
  3.71310E+06  7.29941E-12
  3.71350E+06  7.42869E-12
  3.71390E+06  7.55810E-12
  3.71430E+06  7.68047E-12
  3.71470E+06  7.79682E-12
  3.71510E+06  7.92080E-12
  3.71550E+06  8.01466E-12
  3.71590E+06  8.11146E-12
  3.71630E+06  8.19076E-12
  3.71670E+06  8.26442E-12
  3.71710E+06  8.33520E-12
  3.71750E+06  8.38013E-12
  3.71790E+06  8.41303E-12
  3.71830E+06  8.43016E-12
  3.71870E+06  8.43136E-12
  3.71910E+06  8.42050E-12
  3.71950E+06  8.38892E-12
  3.71990E+06  8.35590E-12
  3.72030E+06  8.29919E-12
  3.72070E+06  8.23433E-12
  3.72110E+06  8.16294E-12
  3.72150E+06  8.07782E-12
  3.72190E+06  7.98957E-12
  3.72230E+06  7.89403E-12
  3.72270E+06  7.79983E-12
  3.72310E+06  7.70901E-12
  3.72350E+06  7.61445E-12
  3.72390E+06  7.52646E-12
  3.72430E+06  7.44030E-12
  3.72470E+06  7.36364E-12
  3.72510E+06  7.29349E-12
  3.72550E+06  7.22773E-12
  3.72590E+06  7.17541E-12
  3.72630E+06  7.12425E-12
  3.72670E+06  7.08264E-12
  3.72710E+06  7.04957E-12
  3.72750E+06  7.01216E-12
  3.72790E+06  6.98988E-12
  3.72830E+06  6.95730E-12
  3.72870E+06  6.93091E-12
  3.72910E+06  6.90148E-12
  3.72950E+06  6.86234E-12
  3.72990E+06  6.82341E-12
  3.73030E+06  6.77672E-12
  3.73070E+06  6.72115E-12
  3.73110E+06  6.66344E-12
  3.73150E+06  6.58490E-12
  3.73190E+06  6.51253E-12
  3.73230E+06  6.41984E-12
  3.73270E+06  6.32150E-12
  3.73310E+06  6.22217E-12
  3.73350E+06  6.10232E-12
  3.73390E+06  5.98631E-12
  3.73430E+06  5.86001E-12
  3.73470E+06  5.73833E-12
  3.73510E+06  5.62325E-12
  3.73550E+06  5.49108E-12
  3.73590E+06  5.38491E-12
  3.73630E+06  5.27891E-12
  3.73670E+06  5.18027E-12
  3.73710E+06  5.09088E-12
  3.73750E+06  5.00989E-12
  3.73790E+06  4.95774E-12
  3.73830E+06  4.90666E-12
  3.73870E+06  4.87433E-12
  3.73910E+06  4.86145E-12
  3.73950E+06  4.85680E-12
  3.73990E+06  4.88144E-12
  3.74030E+06  4.91715E-12
  3.74070E+06  4.96858E-12
  3.74110E+06  5.03495E-12
  3.74150E+06  5.11523E-12
  3.74190E+06  5.21146E-12
  3.74230E+06  5.31062E-12
  3.74270E+06  5.42665E-12
  3.74310E+06  5.55399E-12
  3.74350E+06  5.68173E-12
  3.74390E+06  5.81990E-12
  3.74430E+06  5.94591E-12
  3.74470E+06  6.08648E-12
  3.74510E+06  6.22844E-12
  3.74550E+06  6.36352E-12
  3.74590E+06  6.49632E-12
  3.74630E+06  6.61081E-12
  3.74670E+06  6.72766E-12
  3.74710E+06  6.83419E-12
  3.74750E+06  6.92926E-12
  3.74790E+06  7.01515E-12
  3.74830E+06  7.08237E-12
  3.74870E+06  7.13924E-12
  3.74910E+06  7.19281E-12
  3.74950E+06  7.21555E-12
  3.74990E+06  7.23985E-12
  3.75030E+06  7.24156E-12
  3.75070E+06  7.23264E-12
  3.75110E+06  7.20982E-12
  3.75150E+06  7.17378E-12
  3.75190E+06  7.12531E-12
  3.75230E+06  7.06247E-12
  3.75270E+06  6.99284E-12
  3.75310E+06  6.91384E-12
  3.75350E+06  6.82673E-12
  3.75390E+06  6.73951E-12
  3.75430E+06  6.64219E-12
  3.75470E+06  6.54129E-12
  3.75510E+06  6.44203E-12
  3.75550E+06  6.33670E-12
  3.75590E+06  6.23852E-12
  3.75630E+06  6.13678E-12
  3.75670E+06  6.04161E-12
  3.75710E+06  5.95393E-12
  3.75750E+06  5.86285E-12
  3.75790E+06  5.78992E-12
  3.75830E+06  5.71749E-12
  3.75870E+06  5.65087E-12
  3.75910E+06  5.59008E-12
  3.75950E+06  5.53493E-12
  3.75990E+06  5.49505E-12
  3.76030E+06  5.44709E-12
  3.76070E+06  5.41125E-12
  3.76110E+06  5.38324E-12
  3.76150E+06  5.34840E-12
  3.76190E+06  5.32960E-12
  3.76230E+06  5.30495E-12
  3.76270E+06  5.28977E-12
  3.76310E+06  5.27627E-12
  3.76350E+06  5.26432E-12
  3.76390E+06  5.25721E-12
  3.76430E+06  5.24341E-12
  3.76470E+06  5.23862E-12
  3.76510E+06  5.23540E-12
  3.76550E+06  5.22883E-12
  3.76590E+06  5.24047E-12
  3.76630E+06  5.24680E-12
  3.76670E+06  5.25563E-12
  3.76710E+06  5.27467E-12
  3.76750E+06  5.28071E-12
  3.76790E+06  5.30898E-12
  3.76830E+06  5.33182E-12
  3.76870E+06  5.36069E-12
  3.76910E+06  5.39534E-12
  3.76950E+06  5.42382E-12
  3.76990E+06  5.46333E-12
  3.77030E+06  5.50108E-12
  3.77070E+06  5.53916E-12
  3.77110E+06  5.57706E-12
  3.77150E+06  5.61174E-12
  3.77190E+06  5.64840E-12
  3.77230E+06  5.68041E-12
  3.77270E+06  5.71393E-12
  3.77310E+06  5.74869E-12
  3.77350E+06  5.77542E-12
  3.77390E+06  5.80262E-12
  3.77430E+06  5.82397E-12
  3.77470E+06  5.84593E-12
  3.77510E+06  5.86846E-12
  3.77550E+06  5.88245E-12
  3.77590E+06  5.90307E-12
  3.77630E+06  5.91550E-12
  3.77670E+06  5.92465E-12
  3.77710E+06  5.93023E-12
  3.77750E+06  5.92932E-12
  3.77790E+06  5.93044E-12
  3.77830E+06  5.91530E-12
  3.77870E+06  5.90544E-12
  3.77910E+06  5.89271E-12
  3.77950E+06  5.86497E-12
  3.77990E+06  5.84606E-12
  3.78030E+06  5.81194E-12
  3.78070E+06  5.77008E-12
  3.78110E+06  5.72428E-12
  3.78150E+06  5.66821E-12
  3.78190E+06  5.60851E-12
  3.78230E+06  5.54014E-12
  3.78270E+06  5.46650E-12
  3.78310E+06  5.40007E-12
  3.78350E+06  5.31755E-12
  3.78390E+06  5.24397E-12
  3.78430E+06  5.16579E-12
  3.78470E+06  5.09391E-12
  3.78510E+06  5.03018E-12
  3.78550E+06  4.96734E-12
  3.78590E+06  4.91571E-12
  3.78630E+06  4.87061E-12
  3.78670E+06  4.83988E-12
  3.78710E+06  4.82077E-12
  3.78750E+06  4.80892E-12
  3.78790E+06  4.81946E-12
  3.78830E+06  4.84009E-12
  3.78870E+06  4.87307E-12
  3.78910E+06  4.92151E-12
  3.78950E+06  4.97025E-12
  3.78990E+06  5.03798E-12
  3.79030E+06  5.11022E-12
  3.79070E+06  5.19169E-12
  3.79110E+06  5.27656E-12
  3.79150E+06  5.36009E-12
  3.79190E+06  5.45233E-12
  3.79230E+06  5.53628E-12
  3.79270E+06  5.61477E-12
  3.79310E+06  5.68561E-12
  3.79350E+06  5.74418E-12
  3.79390E+06  5.80431E-12
  3.79430E+06  5.84404E-12
  3.79470E+06  5.86976E-12
  3.79510E+06  5.89198E-12
  3.79550E+06  5.88303E-12
  3.79590E+06  5.87203E-12
  3.79630E+06  5.83788E-12
  3.79670E+06  5.79699E-12
  3.79710E+06  5.74680E-12
  3.79750E+06  5.67727E-12
  3.79790E+06  5.60791E-12
  3.79830E+06  5.52562E-12
  3.79870E+06  5.44185E-12
  3.79910E+06  5.35907E-12
  3.79950E+06  5.27081E-12
  3.79990E+06  5.19154E-12
  3.80030E+06  5.11473E-12
  3.80070E+06  5.04523E-12
  3.80110E+06  4.98512E-12
  3.80150E+06  4.93613E-12
  3.80190E+06  4.90632E-12
  3.80230E+06  4.88241E-12
  3.80270E+06  4.87661E-12
  3.80310E+06  4.88533E-12
  3.80350E+06  4.90826E-12
  3.80390E+06  4.95134E-12
  3.80430E+06  4.99914E-12
  3.80470E+06  5.06177E-12
  3.80510E+06  5.13743E-12
  3.80550E+06  5.21245E-12
  3.80590E+06  5.30556E-12
  3.80630E+06  5.39640E-12
  3.80670E+06  5.48772E-12
  3.80710E+06  5.58481E-12
  3.80750E+06  5.66991E-12
  3.80790E+06  5.75922E-12
  3.80830E+06  5.83343E-12
  3.80870E+06  5.90282E-12
  3.80910E+06  5.96258E-12
  3.80950E+06  6.00441E-12
  3.80990E+06  6.04515E-12
  3.81030E+06  6.07200E-12
  3.81070E+06  6.09194E-12
  3.81110E+06  6.10192E-12
  3.81150E+06  6.10036E-12
  3.81190E+06  6.10076E-12
  3.81230E+06  6.08097E-12
  3.81270E+06  6.06704E-12
  3.81310E+06  6.06804E-12
  3.81350E+06  6.05033E-12
  3.81390E+06  6.04231E-12
  3.81430E+06  6.02766E-12
  3.81470E+06  6.01917E-12
  3.81510E+06  6.01398E-12
  3.81550E+06  6.01277E-12
  3.81590E+06  6.02599E-12
  3.81630E+06  6.03681E-12
  3.81670E+06  6.05296E-12
  3.81710E+06  6.08954E-12
  3.81750E+06  6.11779E-12
  3.81790E+06  6.15822E-12
  3.81830E+06  6.19867E-12
  3.81870E+06  6.24802E-12
  3.81910E+06  6.30607E-12
  3.81950E+06  6.36615E-12
  3.81990E+06  6.43442E-12
  3.82030E+06  6.50514E-12
  3.82070E+06  6.58084E-12
  3.82110E+06  6.66533E-12
  3.82150E+06  6.74702E-12
  3.82190E+06  6.84020E-12
  3.82230E+06  6.93815E-12
  3.82270E+06  7.04068E-12
  3.82310E+06  7.15502E-12
  3.82350E+06  7.25993E-12
  3.82390E+06  7.38092E-12
  3.82430E+06  7.49266E-12
  3.82470E+06  7.61610E-12
  3.82510E+06  7.74608E-12
  3.82550E+06  7.86546E-12
  3.82590E+06  7.99068E-12
  3.82630E+06  8.10224E-12
  3.82670E+06  8.20982E-12
  3.82710E+06  8.30765E-12
  3.82750E+06  8.39124E-12
  3.82790E+06  8.47111E-12
  3.82830E+06  8.52802E-12
  3.82870E+06  8.57222E-12
  3.82910E+06  8.61029E-12
  3.82950E+06  8.61953E-12
  3.82990E+06  8.61416E-12
  3.83030E+06  8.59109E-12
  3.83070E+06  8.55090E-12
  3.83110E+06  8.49837E-12
  3.83150E+06  8.42322E-12
  3.83190E+06  8.34472E-12
  3.83230E+06  8.25248E-12
  3.83270E+06  8.15114E-12
  3.83310E+06  8.04671E-12
  3.83350E+06  7.92981E-12
  3.83390E+06  7.82695E-12
  3.83430E+06  7.71365E-12
  3.83470E+06  7.60609E-12
  3.83510E+06  7.50226E-12
  3.83550E+06  7.39856E-12
  3.83590E+06  7.31090E-12
  3.83630E+06  7.22197E-12
  3.83670E+06  7.14790E-12
  3.83710E+06  7.08133E-12
  3.83750E+06  7.01706E-12
  3.83790E+06  6.97274E-12
  3.83830E+06  6.92971E-12
  3.83870E+06  6.89224E-12
  3.83910E+06  6.85934E-12
  3.83950E+06  6.82987E-12
  3.83990E+06  6.80260E-12
  3.84030E+06  6.77626E-12
  3.84070E+06  6.74957E-12
  3.84110E+06  6.72513E-12
  3.84150E+06  6.69017E-12
  3.84190E+06  6.67468E-12
  3.84230E+06  6.62822E-12
  3.84270E+06  6.59567E-12
  3.84310E+06  6.56164E-12
  3.84350E+06  6.51452E-12
  3.84390E+06  6.47211E-12
  3.84430E+06  6.42238E-12
  3.84470E+06  6.36835E-12
  3.84510E+06  6.31822E-12
  3.84550E+06  6.25204E-12
  3.84590E+06  6.20027E-12
  3.84630E+06  6.13093E-12
  3.84670E+06  6.07633E-12
  3.84710E+06  6.02639E-12
  3.84750E+06  5.97333E-12
  3.84790E+06  5.93041E-12
  3.84830E+06  5.88697E-12
  3.84870E+06  5.85330E-12
  3.84910E+06  5.83812E-12
  3.84950E+06  5.82039E-12
  3.84990E+06  5.82215E-12
  3.85030E+06  5.82657E-12
  3.85070E+06  5.84588E-12
  3.85110E+06  5.88429E-12
  3.85150E+06  5.92893E-12
  3.85190E+06  5.98890E-12
  3.85230E+06  6.05233E-12
  3.85270E+06  6.13423E-12
  3.85310E+06  6.23378E-12
  3.85350E+06  6.33438E-12
  3.85390E+06  6.44632E-12
  3.85430E+06  6.55903E-12
  3.85470E+06  6.68396E-12
  3.85510E+06  6.81565E-12
  3.85550E+06  6.94073E-12
  3.85590E+06  7.08508E-12
  3.85630E+06  7.21759E-12
  3.85670E+06  7.34691E-12
  3.85710E+06  7.48675E-12
  3.85750E+06  7.60467E-12
  3.85790E+06  7.72934E-12
  3.85830E+06  7.83317E-12
  3.85870E+06  7.94024E-12
  3.85910E+06  8.04645E-12
  3.85950E+06  8.13869E-12
  3.85990E+06  8.22954E-12
  3.86030E+06  8.30500E-12
  3.86070E+06  8.37714E-12
  3.86110E+06  8.45418E-12
  3.86150E+06  8.51480E-12
  3.86190E+06  8.57431E-12
  3.86230E+06  8.62742E-12
  3.86270E+06  8.68160E-12
  3.86310E+06  8.73778E-12
  3.86350E+06  8.78270E-12
  3.86390E+06  8.84385E-12
  3.86430E+06  8.90064E-12
  3.86470E+06  8.95878E-12
  3.86510E+06  9.03012E-12
  3.86550E+06  9.09283E-12
  3.86590E+06  9.16143E-12
  3.86630E+06  9.23240E-12
  3.86670E+06  9.30531E-12
  3.86710E+06  9.38322E-12
  3.86750E+06  9.45357E-12
  3.86790E+06  9.52946E-12
  3.86830E+06  9.60284E-12
  3.86870E+06  9.67213E-12
  3.86910E+06  9.75079E-12
  3.86950E+06  9.81102E-12
  3.86990E+06  9.86940E-12
  3.87030E+06  9.90998E-12
  3.87070E+06  9.94285E-12
  3.87110E+06  9.97427E-12
  3.87150E+06  9.97091E-12
  3.87190E+06  9.97262E-12
  3.87230E+06  9.95386E-12
  3.87270E+06  9.92373E-12
  3.87310E+06  9.88261E-12
  3.87350E+06  9.82216E-12
  3.87390E+06  9.75200E-12
  3.87430E+06  9.66426E-12
  3.87470E+06  9.57352E-12
  3.87510E+06  9.47390E-12
  3.87550E+06  9.36215E-12
  3.87590E+06  9.25486E-12
  3.87630E+06  9.13865E-12
  3.87670E+06  9.02438E-12
  3.87710E+06  8.91370E-12
  3.87750E+06  8.79897E-12
  3.87790E+06  8.69331E-12
  3.87830E+06  8.57985E-12
  3.87870E+06  8.48128E-12
  3.87910E+06  8.39790E-12
  3.87950E+06  8.30511E-12
  3.87990E+06  8.23279E-12
  3.88030E+06  8.15093E-12
  3.88070E+06  8.07956E-12
  3.88110E+06  8.02171E-12
  3.88150E+06  7.95442E-12
  3.88190E+06  7.89794E-12
  3.88230E+06  7.83092E-12
  3.88270E+06  7.77081E-12
  3.88310E+06  7.70949E-12
  3.88350E+06  7.64665E-12
  3.88390E+06  7.58886E-12
  3.88430E+06  7.52198E-12
  3.88470E+06  7.45810E-12
  3.88510E+06  7.39418E-12
  3.88550E+06  7.32100E-12
  3.88590E+06  7.26256E-12
  3.88630E+06  7.19525E-12
  3.88670E+06  7.14662E-12
  3.88710E+06  7.11440E-12
  3.88750E+06  7.07541E-12
  3.88790E+06  7.05442E-12
  3.88830E+06  7.03433E-12
  3.88870E+06  7.03146E-12
  3.88910E+06  7.03860E-12
  3.88950E+06  7.05059E-12
  3.88990E+06  7.07828E-12
  3.89030E+06  7.10529E-12
  3.89070E+06  7.14978E-12
  3.89110E+06  7.21382E-12
  3.89150E+06  7.26933E-12
  3.89190E+06  7.33243E-12
  3.89230E+06  7.38649E-12
  3.89270E+06  7.44073E-12
  3.89310E+06  7.49667E-12
  3.89350E+06  7.53407E-12
  3.89390E+06  7.57499E-12
  3.89430E+06  7.59122E-12
  3.89470E+06  7.60643E-12
  3.89510E+06  7.61251E-12
  3.89550E+06  7.60294E-12
  3.89590E+06  7.58106E-12
  3.89630E+06  7.54481E-12
  3.89670E+06  7.50191E-12
  3.89710E+06  7.45015E-12
  3.89750E+06  7.39132E-12
  3.89790E+06  7.33071E-12
  3.89830E+06  7.25301E-12
  3.89870E+06  7.18888E-12
  3.89910E+06  7.13276E-12
  3.89950E+06  7.06838E-12
  3.89990E+06  7.02122E-12
  3.90030E+06  6.96583E-12
  3.90070E+06  6.92784E-12
  3.90110E+06  6.90411E-12
  3.90150E+06  6.87931E-12
  3.90190E+06  6.87482E-12
  3.90230E+06  6.86688E-12
  3.90270E+06  6.86892E-12
  3.90310E+06  6.87612E-12
  3.90350E+06  6.88729E-12
  3.90390E+06  6.91106E-12
  3.90430E+06  6.92898E-12
  3.90470E+06  6.94739E-12
  3.90510E+06  6.96504E-12
  3.90550E+06  6.97833E-12
  3.90590E+06  6.99873E-12
  3.90630E+06  7.00802E-12
  3.90670E+06  7.01750E-12
  3.90710E+06  7.02715E-12
  3.90750E+06  7.02812E-12
  3.90790E+06  7.02949E-12
  3.90830E+06  7.01981E-12
  3.90870E+06  7.01940E-12
  3.90910E+06  7.02916E-12
  3.90950E+06  7.02282E-12
  3.90990E+06  7.03047E-12
  3.91030E+06  7.02853E-12
  3.91070E+06  7.03980E-12
  3.91110E+06  7.05339E-12
  3.91150E+06  7.06443E-12
  3.91190E+06  7.09426E-12
  3.91230E+06  7.11889E-12
  3.91270E+06  7.14545E-12
  3.91310E+06  7.18081E-12
  3.91350E+06  7.20596E-12
  3.91390E+06  7.23709E-12
  3.91430E+06  7.26648E-12
  3.91470E+06  7.29302E-12
  3.91510E+06  7.32321E-12
  3.91550E+06  7.34304E-12
  3.91590E+06  7.36749E-12
  3.91630E+06  7.37011E-12
  3.91670E+06  7.37776E-12
  3.91710E+06  7.38276E-12
  3.91750E+06  7.37622E-12
  3.91790E+06  7.37378E-12
  3.91830E+06  7.36136E-12
  3.91870E+06  7.34484E-12
  3.91910E+06  7.32893E-12
  3.91950E+06  7.30811E-12
  3.91990E+06  7.28631E-12
  3.92030E+06  7.25289E-12
  3.92070E+06  7.23490E-12
  3.92110E+06  7.23331E-12
  3.92150E+06  7.21784E-12
  3.92190E+06  7.21236E-12
  3.92230E+06  7.20497E-12
  3.92270E+06  7.20913E-12
  3.92310E+06  7.21745E-12
  3.92350E+06  7.22479E-12
  3.92390E+06  7.24230E-12
  3.92430E+06  7.25992E-12
  3.92470E+06  7.28351E-12
  3.92510E+06  7.31221E-12
  3.92550E+06  7.33850E-12
  3.92590E+06  7.36748E-12
  3.92630E+06  7.39224E-12
  3.92670E+06  7.41403E-12
  3.92710E+06  7.43531E-12
  3.92750E+06  7.44570E-12
  3.92790E+06  7.45254E-12
  3.92830E+06  7.44546E-12
  3.92870E+06  7.43641E-12
  3.92910E+06  7.42824E-12
  3.92950E+06  7.39557E-12
  3.92990E+06  7.35801E-12
  3.93030E+06  7.30274E-12
  3.93070E+06  7.24270E-12
  3.93110E+06  7.17798E-12
  3.93150E+06  7.08829E-12
  3.93190E+06  7.00380E-12
  3.93230E+06  6.90405E-12
  3.93270E+06  6.79525E-12
  3.93310E+06  6.68627E-12
  3.93350E+06  6.55795E-12
  3.93390E+06  6.43819E-12
  3.93430E+06  6.31316E-12
  3.93470E+06  6.18733E-12
  3.93510E+06  6.06644E-12
  3.93550E+06  5.94085E-12
  3.93590E+06  5.82678E-12
  3.93630E+06  5.71648E-12
  3.93670E+06  5.61816E-12
  3.93710E+06  5.53712E-12
  3.93750E+06  5.46164E-12
  3.93790E+06  5.40191E-12
  3.93830E+06  5.34426E-12
  3.93870E+06  5.31126E-12
  3.93910E+06  5.29550E-12
  3.93950E+06  5.28780E-12
  3.93990E+06  5.29630E-12
  3.94030E+06  5.31688E-12
  3.94070E+06  5.34844E-12
  3.94110E+06  5.40097E-12
  3.94150E+06  5.44573E-12
  3.94190E+06  5.51353E-12
  3.94230E+06  5.57541E-12
  3.94270E+06  5.64774E-12
  3.94310E+06  5.72496E-12
  3.94350E+06  5.79884E-12
  3.94390E+06  5.89065E-12
  3.94430E+06  5.95903E-12
  3.94470E+06  6.03120E-12
  3.94510E+06  6.10636E-12
  3.94550E+06  6.16335E-12
  3.94590E+06  6.23492E-12
  3.94630E+06  6.29134E-12
  3.94670E+06  6.34733E-12
  3.94710E+06  6.42278E-12
  3.94750E+06  6.47478E-12
  3.94790E+06  6.55044E-12
  3.94830E+06  6.61365E-12
  3.94870E+06  6.68578E-12
  3.94910E+06  6.78050E-12
  3.94950E+06  6.87407E-12
  3.94990E+06  6.98384E-12
  3.95030E+06  7.09468E-12
  3.95070E+06  7.23730E-12
  3.95110E+06  7.41741E-12
  3.95150E+06  7.60411E-12
  3.95190E+06  7.82331E-12
  3.95230E+06  8.05885E-12
  3.95270E+06  8.31884E-12
  3.95310E+06  8.63364E-12
  3.95350E+06  8.95071E-12
  3.95390E+06  9.30919E-12
  3.95430E+06  9.67644E-12
  3.95470E+06  1.00700E-11
  3.95510E+06  1.05144E-11
  3.95550E+06  1.09525E-11
  3.95590E+06  1.14241E-11
  3.95630E+06  1.18974E-11
  3.95670E+06  1.23861E-11
  3.95710E+06  1.28908E-11
  3.95750E+06  1.33953E-11
  3.95790E+06  1.39055E-11
  3.95830E+06  1.44037E-11
  3.95870E+06  1.49090E-11
  3.95910E+06  1.54144E-11
  3.95950E+06  1.59042E-11
  3.95990E+06  1.63881E-11
  3.96030E+06  1.68464E-11
  3.96070E+06  1.72947E-11
  3.96110E+06  1.77309E-11
  3.96150E+06  1.81346E-11
  3.96190E+06  1.85211E-11
  3.96230E+06  1.88757E-11
  3.96270E+06  1.92095E-11
  3.96310E+06  1.95128E-11
  3.96350E+06  1.97808E-11
  3.96390E+06  2.00202E-11
  3.96430E+06  2.02167E-11
  3.96470E+06  2.03769E-11
  3.96510E+06  2.05059E-11
  3.96550E+06  2.05819E-11
  3.96590E+06  2.06247E-11
  3.96630E+06  2.06036E-11
  3.96670E+06  2.05404E-11
  3.96710E+06  2.04264E-11
  3.96750E+06  2.02582E-11
  3.96790E+06  2.00449E-11
  3.96830E+06  1.97751E-11
  3.96870E+06  1.94593E-11
  3.96910E+06  1.90995E-11
  3.96950E+06  1.86920E-11
  3.96990E+06  1.82501E-11
  3.97030E+06  1.77579E-11
  3.97070E+06  1.72449E-11
  3.97110E+06  1.67053E-11
  3.97150E+06  1.61398E-11
  3.97190E+06  1.55726E-11
  3.97230E+06  1.49890E-11
  3.97270E+06  1.44068E-11
  3.97310E+06  1.38359E-11
  3.97350E+06  1.32537E-11
  3.97390E+06  1.27087E-11
  3.97430E+06  1.21742E-11
  3.97470E+06  1.16701E-11
  3.97510E+06  1.11997E-11
  3.97550E+06  1.07450E-11
  3.97590E+06  1.03375E-11
  3.97630E+06  9.93945E-12
  3.97670E+06  9.59569E-12
  3.97710E+06  9.28711E-12
  3.97750E+06  8.99382E-12
  3.97790E+06  8.74939E-12
  3.97830E+06  8.51834E-12
  3.97870E+06  8.32747E-12
  3.97910E+06  8.19386E-12
  3.97950E+06  8.05442E-12
  3.97990E+06  7.95928E-12
  3.98030E+06  7.85477E-12
  3.98070E+06  7.78744E-12
  3.98110E+06  7.81719E-12
  3.98150E+06  7.79936E-12
  3.98190E+06  7.92945E-12
  3.98230E+06  7.97678E-12
  3.98270E+06  8.08558E-12
  3.98310E+06  8.44609E-12
  3.98350E+06  8.68019E-12
  3.98390E+06  9.25686E-12
  3.98430E+06  9.69134E-12
  3.98470E+06  1.02524E-11
  3.98510E+06  1.12700E-11
  3.98550E+06  1.21591E-11
  3.98590E+06  1.36282E-11
  3.98630E+06  1.49999E-11
  3.98670E+06  1.66206E-11
  3.98710E+06  1.90635E-11
  3.98750E+06  2.14154E-11
  3.98790E+06  2.46286E-11
  3.98830E+06  2.79041E-11
  3.98870E+06  3.16701E-11
  3.98910E+06  3.64985E-11
  3.98950E+06  4.15114E-11
  3.98990E+06  4.76668E-11
  3.99030E+06  5.41613E-11
  3.99070E+06  6.14264E-11
  3.99110E+06  7.00941E-11
  3.99150E+06  7.91709E-11
  3.99190E+06  8.96745E-11
  3.99230E+06  1.00730E-10
  3.99270E+06  1.12756E-10
  3.99310E+06  1.26254E-10
  3.99350E+06  1.40365E-10
  3.99390E+06  1.55723E-10
  3.99430E+06  1.71830E-10
  3.99470E+06  1.88865E-10
  3.99510E+06  2.06814E-10
  3.99550E+06  2.25483E-10
  3.99590E+06  2.44861E-10
  3.99630E+06  2.64798E-10
  3.99670E+06  2.85177E-10
  3.99710E+06  3.05865E-10
  3.99750E+06  3.26680E-10
  3.99790E+06  3.47487E-10
  3.99830E+06  3.68062E-10
  3.99870E+06  3.88239E-10
  3.99910E+06  4.07833E-10
  3.99950E+06  4.26609E-10
  3.99990E+06  4.44405E-10
  4.00030E+06  4.60994E-10
  4.00070E+06  4.76193E-10
  4.00110E+06  4.89831E-10
  4.00150E+06  5.01714E-10
  4.00190E+06  5.11723E-10
  4.00230E+06  5.19682E-10
  4.00270E+06  5.25502E-10
  4.00310E+06  5.29108E-10
  4.00350E+06  5.30397E-10
  4.00390E+06  5.29366E-10
  4.00430E+06  5.25985E-10
  4.00470E+06  5.20299E-10
  4.00510E+06  5.12366E-10
  4.00550E+06  5.02252E-10
  4.00590E+06  4.90098E-10
  4.00630E+06  4.76025E-10
  4.00670E+06  4.60211E-10
  4.00710E+06  4.42855E-10
  4.00750E+06  4.24136E-10
  4.00790E+06  4.04292E-10
  4.00830E+06  3.83521E-10
  4.00870E+06  3.62118E-10
  4.00910E+06  3.40290E-10
  4.00950E+06  3.18240E-10
  4.00990E+06  2.96244E-10
  4.01030E+06  2.74407E-10
  4.01070E+06  2.53070E-10
  4.01110E+06  2.32341E-10
  4.01150E+06  2.12264E-10
  4.01190E+06  1.93182E-10
  4.01230E+06  1.74914E-10
  4.01270E+06  1.57918E-10
  4.01310E+06  1.42046E-10
  4.01350E+06  1.27119E-10
  4.01390E+06  1.13625E-10
  4.01430E+06  1.01014E-10
  4.01470E+06  8.98678E-11
  4.01510E+06  7.98121E-11
  4.01550E+06  7.04903E-11
  4.01590E+06  6.25410E-11
  4.01630E+06  5.50706E-11
  4.01670E+06  4.89655E-11
  4.01710E+06  4.36176E-11
  4.01750E+06  3.85762E-11
  4.01790E+06  3.46238E-11
  4.01830E+06  3.07849E-11
  4.01870E+06  2.79291E-11
  4.01910E+06  2.54690E-11
  4.01950E+06  2.29826E-11
  4.01990E+06  2.12638E-11
  4.02030E+06  1.93259E-11
  4.02070E+06  1.81676E-11
  4.02110E+06  1.71713E-11
  4.02150E+06  1.59004E-11
  4.02190E+06  1.52462E-11
  4.02230E+06  1.42828E-11
  4.02270E+06  1.38575E-11
  4.02310E+06  1.34710E-11
  4.02350E+06  1.29089E-11
  4.02390E+06  1.26300E-11
  4.02430E+06  1.23142E-11
  4.02470E+06  1.20674E-11
  4.02510E+06  1.18354E-11
  4.02550E+06  1.15941E-11
  4.02590E+06  1.13745E-11
  4.02630E+06  1.11478E-11
  4.02670E+06  1.09354E-11
  4.02710E+06  1.07324E-11
  4.02750E+06  1.05098E-11
  4.02790E+06  1.03072E-11
  4.02830E+06  1.00896E-11
  4.02870E+06  9.88948E-12
  4.02910E+06  9.69550E-12
  4.02950E+06  9.48474E-12
  4.02990E+06  9.29623E-12
  4.03030E+06  9.09156E-12
  4.03070E+06  8.89879E-12
  4.03110E+06  8.70756E-12
  4.03150E+06  8.50622E-12
  4.03190E+06  8.34107E-12
  4.03230E+06  8.15085E-12
  4.03270E+06  7.98889E-12
  4.03310E+06  7.84151E-12
  4.03350E+06  7.68954E-12
  4.03390E+06  7.56063E-12
  4.03430E+06  7.43459E-12
  4.03470E+06  7.32817E-12
  4.03510E+06  7.24237E-12
  4.03550E+06  7.15992E-12
  4.03590E+06  7.10199E-12
  4.03630E+06  7.04504E-12
  4.03670E+06  7.01794E-12
  4.03710E+06  7.00938E-12
  4.03750E+06  7.01271E-12
  4.03790E+06  7.03045E-12
  4.03830E+06  7.05610E-12
  4.03870E+06  7.10181E-12
  4.03910E+06  7.17029E-12
  4.03950E+06  7.23058E-12
  4.03990E+06  7.31617E-12
  4.04030E+06  7.39781E-12
  4.04070E+06  7.49602E-12
  4.04110E+06  7.60149E-12
  4.04150E+06  7.70333E-12
  4.04190E+06  7.82491E-12
  4.04230E+06  7.92673E-12
  4.04270E+06  8.03277E-12
  4.04310E+06  8.14512E-12
  4.04350E+06  8.23500E-12
  4.04390E+06  8.33355E-12
  4.04430E+06  8.41533E-12
  4.04470E+06  8.49109E-12
  4.04510E+06  8.57922E-12
  4.04550E+06  8.63534E-12
  4.04590E+06  8.71522E-12
  4.04630E+06  8.76160E-12
  4.04670E+06  8.80919E-12
  4.04710E+06  8.90152E-12
  4.04750E+06  8.94860E-12
  4.04790E+06  9.08834E-12
  4.04830E+06  9.17804E-12
  4.04870E+06  9.28337E-12
  4.04910E+06  9.53100E-12
  4.04950E+06  9.71846E-12
  4.04990E+06  1.01059E-11
  4.05030E+06  1.04224E-11
  4.05070E+06  1.08126E-11
  4.05110E+06  1.14993E-11
  4.05150E+06  1.21136E-11
  4.05190E+06  1.30129E-11
  4.05230E+06  1.39149E-11
  4.05270E+06  1.49712E-11
  4.05310E+06  1.64406E-11
  4.05350E+06  1.79141E-11
  4.05390E+06  1.97647E-11
  4.05430E+06  2.17284E-11
  4.05470E+06  2.39589E-11
  4.05510E+06  2.67285E-11
  4.05550E+06  2.96027E-11
  4.05590E+06  3.30316E-11
  4.05630E+06  3.66349E-11
  4.05670E+06  4.06125E-11
  4.05710E+06  4.51726E-11
  4.05750E+06  4.99709E-11
  4.05790E+06  5.53018E-11
  4.05830E+06  6.09310E-11
  4.05870E+06  6.69672E-11
  4.05910E+06  7.34359E-11
  4.05950E+06  8.02323E-11
  4.05990E+06  8.74059E-11
  4.06030E+06  9.48734E-11
  4.06070E+06  1.02612E-10
  4.06110E+06  1.10577E-10
  4.06150E+06  1.18694E-10
  4.06190E+06  1.26946E-10
  4.06230E+06  1.35218E-10
  4.06270E+06  1.43461E-10
  4.06310E+06  1.51612E-10
  4.06350E+06  1.59547E-10
  4.06390E+06  1.67209E-10
  4.06430E+06  1.74499E-10
  4.06470E+06  1.81348E-10
  4.06510E+06  1.87679E-10
  4.06550E+06  1.93392E-10
  4.06590E+06  1.98436E-10
  4.06630E+06  2.02724E-10
  4.06670E+06  2.06209E-10
  4.06710E+06  2.08854E-10
  4.06750E+06  2.10593E-10
  4.06790E+06  2.11417E-10
  4.06830E+06  2.11290E-10
  4.06870E+06  2.10233E-10
  4.06910E+06  2.08256E-10
  4.06950E+06  2.05358E-10
  4.06990E+06  2.01590E-10
  4.07030E+06  1.96990E-10
  4.07070E+06  1.91624E-10
  4.07110E+06  1.85566E-10
  4.07150E+06  1.78860E-10
  4.07190E+06  1.71644E-10
  4.07230E+06  1.63952E-10
  4.07270E+06  1.55908E-10
  4.07310E+06  1.47597E-10
  4.07350E+06  1.39105E-10
  4.07390E+06  1.30543E-10
  4.07430E+06  1.21964E-10
  4.07470E+06  1.13495E-10
  4.07510E+06  1.05200E-10
  4.07550E+06  9.71082E-11
  4.07590E+06  8.93340E-11
  4.07630E+06  8.18635E-11
  4.07670E+06  7.48231E-11
  4.07710E+06  6.81991E-11
  4.07750E+06  6.19465E-11
  4.07790E+06  5.62187E-11
  4.07830E+06  5.08482E-11
  4.07870E+06  4.60419E-11
  4.07910E+06  4.16780E-11
  4.07950E+06  3.76076E-11
  4.07990E+06  3.41017E-11
  4.08030E+06  3.07931E-11
  4.08070E+06  2.80440E-11
  4.08110E+06  2.56285E-11
  4.08150E+06  2.33585E-11
  4.08190E+06  2.15132E-11
  4.08230E+06  1.97084E-11
  4.08270E+06  1.83441E-11
  4.08310E+06  1.71594E-11
  4.08350E+06  1.59987E-11
  4.08390E+06  1.51328E-11
  4.08430E+06  1.41675E-11
  4.08470E+06  1.35465E-11
  4.08510E+06  1.29968E-11
  4.08550E+06  1.23360E-11
  4.08590E+06  1.19437E-11
  4.08630E+06  1.14312E-11
  4.08670E+06  1.11468E-11
  4.08710E+06  1.08872E-11
  4.08750E+06  1.05429E-11
  4.08790E+06  1.03440E-11
  4.08830E+06  1.01225E-11
  4.08870E+06  9.95696E-12
  4.08910E+06  9.81372E-12
  4.08950E+06  9.65566E-12
  4.08990E+06  9.53480E-12
  4.09030E+06  9.41911E-12
  4.09070E+06  9.31723E-12
  4.09110E+06  9.22458E-12
  4.09150E+06  9.12986E-12
  4.09190E+06  9.06109E-12
  4.09230E+06  8.97454E-12
  4.09270E+06  8.91271E-12
  4.09310E+06  8.86249E-12
  4.09350E+06  8.80008E-12
  4.09390E+06  8.74490E-12
  4.09430E+06  8.67196E-12
  4.09470E+06  8.60455E-12
  4.09510E+06  8.53026E-12
  4.09550E+06  8.44069E-12
  4.09590E+06  8.35252E-12
  4.09630E+06  8.24410E-12
  4.09670E+06  8.14187E-12
  4.09710E+06  8.03142E-12
  4.09750E+06  7.90873E-12
  4.09790E+06  7.78652E-12
  4.09830E+06  7.65092E-12
  4.09870E+06  7.52315E-12
  4.09910E+06  7.39736E-12
  4.09950E+06  7.26871E-12
  4.09990E+06  7.16170E-12
  4.10030E+06  7.03494E-12
  4.10070E+06  6.92462E-12
  4.10110E+06  6.82812E-12
  4.10150E+06  6.72059E-12
  4.10190E+06  6.64032E-12
  4.10230E+06  6.56543E-12
  4.10270E+06  6.49862E-12
  4.10310E+06  6.43974E-12
  4.10350E+06  6.38334E-12
  4.10390E+06  6.34692E-12
  4.10430E+06  6.30309E-12
  4.10470E+06  6.27590E-12
  4.10510E+06  6.26479E-12
  4.10550E+06  6.24978E-12
  4.10590E+06  6.24929E-12
  4.10630E+06  6.24318E-12
  4.10670E+06  6.24565E-12
  4.10710E+06  6.26070E-12
  4.10750E+06  6.27568E-12
  4.10790E+06  6.30695E-12
  4.10830E+06  6.33223E-12
  4.10870E+06  6.37293E-12
  4.10910E+06  6.42983E-12
  4.10950E+06  6.48298E-12
  4.10990E+06  6.56928E-12
  4.11030E+06  6.64200E-12
  4.11070E+06  6.74441E-12
  4.11110E+06  6.86164E-12
  4.11150E+06  6.98724E-12
  4.11190E+06  7.13387E-12
  4.11230E+06  7.27814E-12
  4.11270E+06  7.43996E-12
  4.11310E+06  7.61460E-12
  4.11350E+06  7.78671E-12
  4.11390E+06  7.98163E-12
  4.11430E+06  8.17655E-12
  4.11470E+06  8.37507E-12
  4.11510E+06  8.57936E-12
  4.11550E+06  8.78122E-12
  4.11590E+06  8.99851E-12
  4.11630E+06  9.19827E-12
  4.11670E+06  9.39824E-12
  4.11710E+06  9.63883E-12
  4.11750E+06  9.84081E-12
  4.11790E+06  1.01084E-11
  4.11830E+06  1.03133E-11
  4.11870E+06  1.05288E-11
  4.11910E+06  1.09083E-11
  4.11950E+06  1.11713E-11
  4.11990E+06  1.18592E-11
  4.12030E+06  1.22818E-11
  4.12070E+06  1.27599E-11
  4.12110E+06  1.39716E-11
  4.12150E+06  1.47903E-11
  4.12190E+06  1.68980E-11
  4.12230E+06  1.83736E-11
  4.12270E+06  2.01491E-11
  4.12310E+06  2.42376E-11
  4.12350E+06  2.73216E-11
  4.12390E+06  3.35495E-11
  4.12430E+06  3.86877E-11
  4.12470E+06  4.48068E-11
  4.12510E+06  5.53824E-11
  4.12550E+06  6.48828E-11
  4.12590E+06  7.94791E-11
  4.12630E+06  9.35733E-11
  4.12670E+06  1.10037E-10
  4.12710E+06  1.33218E-10
  4.12750E+06  1.56446E-10
  4.12790E+06  1.86717E-10
  4.12830E+06  2.18325E-10
  4.12870E+06  2.54346E-10
  4.12910E+06  2.99366E-10
  4.12950E+06  3.46472E-10
  4.12990E+06  4.02855E-10
  4.13030E+06  4.62739E-10
  4.13070E+06  5.29161E-10
  4.13110E+06  6.06329E-10
  4.13150E+06  6.87636E-10
  4.13190E+06  7.79257E-10
  4.13230E+06  8.76140E-10
  4.13270E+06  9.80539E-10
  4.13310E+06  1.09438E-09
  4.13350E+06  1.21387E-09
  4.13390E+06  1.34067E-09
  4.13430E+06  1.47352E-09
  4.13470E+06  1.61215E-09
  4.13510E+06  1.75583E-09
  4.13550E+06  1.90354E-09
  4.13590E+06  2.05440E-09
  4.13630E+06  2.20709E-09
  4.13670E+06  2.36042E-09
  4.13710E+06  2.51313E-09
  4.13750E+06  2.66360E-09
  4.13790E+06  2.81052E-09
  4.13830E+06  2.95220E-09
  4.13870E+06  3.08716E-09
  4.13910E+06  3.21395E-09
  4.13950E+06  3.33096E-09
  4.13990E+06  3.43694E-09
  4.14030E+06  3.53037E-09
  4.14070E+06  3.61015E-09
  4.14110E+06  3.67531E-09
  4.14150E+06  3.72476E-09
  4.14190E+06  3.75798E-09
  4.14230E+06  3.77430E-09
  4.14270E+06  3.77349E-09
  4.14310E+06  3.75561E-09
  4.14350E+06  3.72060E-09
  4.14390E+06  3.66906E-09
  4.14430E+06  3.60140E-09
  4.14470E+06  3.51854E-09
  4.14510E+06  3.42164E-09
  4.14550E+06  3.31164E-09
  4.14590E+06  3.19012E-09
  4.14630E+06  3.05840E-09
  4.14670E+06  2.91820E-09
  4.14710E+06  2.77122E-09
  4.14750E+06  2.61897E-09
  4.14790E+06  2.46339E-09
  4.14830E+06  2.30589E-09
  4.14870E+06  2.14839E-09
  4.14910E+06  1.99235E-09
  4.14950E+06  1.83874E-09
  4.14990E+06  1.68964E-09
  4.15030E+06  1.54522E-09
  4.15070E+06  1.40762E-09
  4.15110E+06  1.27702E-09
  4.15150E+06  1.15312E-09
  4.15190E+06  1.03837E-09
  4.15230E+06  9.30394E-10
  4.15270E+06  8.32732E-10
  4.15310E+06  7.43491E-10
  4.15350E+06  6.60494E-10
  4.15390E+06  5.87919E-10
  4.15430E+06  5.20334E-10
  4.15470E+06  4.63078E-10
  4.15510E+06  4.12431E-10
  4.15550E+06  3.65243E-10
  4.15590E+06  3.26911E-10
  4.15630E+06  2.90367E-10
  4.15670E+06  2.62126E-10
  4.15710E+06  2.37701E-10
  4.15750E+06  2.13879E-10
  4.15790E+06  1.96343E-10
  4.15830E+06  1.77934E-10
  4.15870E+06  1.65592E-10
  4.15910E+06  1.54854E-10
  4.15950E+06  1.42694E-10
  4.15990E+06  1.35047E-10
  4.16030E+06  1.25121E-10
  4.16070E+06  1.19617E-10
  4.16110E+06  1.14504E-10
  4.16150E+06  1.07412E-10
  4.16190E+06  1.03438E-10
  4.16230E+06  9.79761E-11
  4.16270E+06  9.45749E-11
  4.16310E+06  9.12171E-11
  4.16350E+06  8.75422E-11
  4.16390E+06  8.43501E-11
  4.16430E+06  8.11264E-11
  4.16470E+06  7.80350E-11
  4.16510E+06  7.50489E-11
  4.16550E+06  7.20573E-11
  4.16590E+06  6.92768E-11
  4.16630E+06  6.65041E-11
  4.16670E+06  6.39398E-11
  4.16710E+06  6.15094E-11
  4.16750E+06  5.91034E-11
  4.16790E+06  5.69533E-11
  4.16830E+06  5.48346E-11
  4.16870E+06  5.28945E-11
  4.16910E+06  5.10948E-11
  4.16950E+06  4.93103E-11
  4.16990E+06  4.77635E-11
  4.17030E+06  4.62146E-11
  4.17070E+06  4.48851E-11
  4.17110E+06  4.37021E-11
  4.17150E+06  4.25103E-11
  4.17190E+06  4.15548E-11
  4.17230E+06  4.05708E-11
  4.17270E+06  3.98036E-11
  4.17310E+06  3.91504E-11
  4.17350E+06  3.84873E-11
  4.17390E+06  3.80622E-11
  4.17430E+06  3.75881E-11
  4.17470E+06  3.73252E-11
  4.17510E+06  3.71808E-11
  4.17550E+06  3.70330E-11
  4.17590E+06  3.70627E-11
  4.17630E+06  3.70744E-11
  4.17670E+06  3.72216E-11
  4.17710E+06  3.74815E-11
  4.17750E+06  3.77231E-11
  4.17790E+06  3.81623E-11
  4.17830E+06  3.85163E-11
  4.17870E+06  3.89947E-11
  4.17910E+06  3.97460E-11
  4.17950E+06  4.03479E-11
  4.17990E+06  4.16685E-11
  4.18030E+06  4.25606E-11
  4.18070E+06  4.35867E-11
  4.18110E+06  4.65848E-11
  4.18150E+06  4.83693E-11
  4.18190E+06  5.41977E-11
  4.18230E+06  5.76734E-11
  4.18270E+06  6.18747E-11
  4.18310E+06  7.61473E-11
  4.18350E+06  8.47645E-11
  4.18390E+06  1.10522E-10
  4.18430E+06  1.27535E-10
  4.18470E+06  1.48148E-10
  4.18510E+06  2.03264E-10
  4.18550E+06  2.41814E-10
  4.18590E+06  3.27933E-10
  4.18630E+06  3.95248E-10
  4.18670E+06  4.76021E-10
  4.18710E+06  6.32465E-10
  4.18750E+06  7.64118E-10
  4.18790E+06  9.84728E-10
  4.18830E+06  1.18790E-09
  4.18870E+06  1.42729E-09
  4.18910E+06  1.78761E-09
  4.18950E+06  2.13693E-09
  4.18990E+06  2.61662E-09
  4.19030E+06  3.10673E-09
  4.19070E+06  3.67078E-09
  4.19110E+06  4.40297E-09
  4.19150E+06  5.16129E-09
  4.19190E+06  6.09708E-09
  4.19230E+06  7.08648E-09
  4.19270E+06  8.19568E-09
  4.19310E+06  9.51779E-09
  4.19350E+06  1.09107E-08
  4.19390E+06  1.25182E-08
  4.19430E+06  1.42213E-08
  4.19470E+06  1.60779E-08
  4.19510E+06  1.81576E-08
  4.19550E+06  2.03423E-08
  4.19590E+06  2.27116E-08
  4.19630E+06  2.52094E-08
  4.19670E+06  2.78510E-08
  4.19710E+06  3.06323E-08
  4.19750E+06  3.35292E-08
  4.19790E+06  3.65326E-08
  4.19830E+06  3.96206E-08
  4.19870E+06  4.27732E-08
  4.19910E+06  4.59685E-08
  4.19950E+06  4.91767E-08
  4.19990E+06  5.23733E-08
  4.20030E+06  5.55248E-08
  4.20070E+06  5.86018E-08
  4.20110E+06  6.15752E-08
  4.20150E+06  6.44081E-08
  4.20190E+06  6.70733E-08
  4.20230E+06  6.95356E-08
  4.20270E+06  7.17669E-08
  4.20310E+06  7.37427E-08
  4.20350E+06  7.54322E-08
  4.20390E+06  7.68182E-08
  4.20430E+06  7.78768E-08
  4.20470E+06  7.85950E-08
  4.20510E+06  7.89650E-08
  4.20550E+06  7.89749E-08
  4.20590E+06  7.86283E-08
  4.20630E+06  7.79231E-08
  4.20670E+06  7.68695E-08
  4.20710E+06  7.54830E-08
  4.20750E+06  7.37753E-08
  4.20790E+06  7.17724E-08
  4.20830E+06  6.94955E-08
  4.20870E+06  6.69750E-08
  4.20910E+06  6.42436E-08
  4.20950E+06  6.13314E-08
  4.20990E+06  5.82765E-08
  4.21030E+06  5.51113E-08
  4.21070E+06  5.18752E-08
  4.21110E+06  4.86024E-08
  4.21150E+06  4.53229E-08
  4.21190E+06  4.20761E-08
  4.21230E+06  3.88801E-08
  4.21270E+06  3.57782E-08
  4.21310E+06  3.27852E-08
  4.21350E+06  2.99089E-08
  4.21390E+06  2.71930E-08
  4.21430E+06  2.46111E-08
  4.21470E+06  2.22249E-08
  4.21510E+06  2.00106E-08
  4.21550E+06  1.79399E-08
  4.21590E+06  1.60810E-08
  4.21630E+06  1.43446E-08
  4.21670E+06  1.28291E-08
  4.21710E+06  1.14684E-08
  4.21750E+06  1.02036E-08
  4.21790E+06  9.13678E-09
  4.21830E+06  8.13095E-09
  4.21870E+06  7.31368E-09
  4.21910E+06  6.59558E-09
  4.21950E+06  5.90868E-09
  4.21990E+06  5.37136E-09
  4.22030E+06  4.83237E-09
  4.22070E+06  4.43381E-09
  4.22110E+06  4.08275E-09
  4.22150E+06  3.71200E-09
  4.22190E+06  3.44966E-09
  4.22230E+06  3.14625E-09
  4.22270E+06  2.94744E-09
  4.22310E+06  2.76558E-09
  4.22350E+06  2.54142E-09
  4.22390E+06  2.39907E-09
  4.22430E+06  2.21143E-09
  4.22470E+06  2.09655E-09
  4.22510E+06  1.98776E-09
  4.22550E+06  1.86045E-09
  4.22590E+06  1.76836E-09
  4.22630E+06  1.67550E-09
  4.22670E+06  1.59432E-09
  4.22710E+06  1.52043E-09
  4.22750E+06  1.45065E-09
  4.22790E+06  1.39039E-09
  4.22830E+06  1.33474E-09
  4.22870E+06  1.28839E-09
  4.22910E+06  1.25001E-09
  4.22950E+06  1.21633E-09
  4.22990E+06  1.19210E-09
  4.23030E+06  1.17198E-09
  4.23070E+06  1.16064E-09
  4.23110E+06  1.15531E-09
  4.23150E+06  1.15299E-09
  4.23190E+06  1.15798E-09
  4.23230E+06  1.16438E-09
  4.23270E+06  1.17712E-09
  4.23310E+06  1.19294E-09
  4.23350E+06  1.20834E-09
  4.23390E+06  1.22837E-09
  4.23430E+06  1.24650E-09
  4.23470E+06  1.26774E-09
  4.23510E+06  1.28914E-09
  4.23550E+06  1.30683E-09
  4.23590E+06  1.32670E-09
  4.23630E+06  1.34155E-09
  4.23670E+06  1.35699E-09
  4.23710E+06  1.37121E-09
  4.23750E+06  1.37955E-09
  4.23790E+06  1.38862E-09
  4.23830E+06  1.39164E-09
  4.23870E+06  1.39289E-09
  4.23910E+06  1.39346E-09
  4.23950E+06  1.38814E-09
  4.23990E+06  1.38321E-09
  4.24030E+06  1.37312E-09
  4.24070E+06  1.36139E-09
  4.24110E+06  1.35083E-09
  4.24150E+06  1.33626E-09
  4.24190E+06  1.32422E-09
  4.24230E+06  1.30968E-09
  4.24270E+06  1.29615E-09
  4.24310E+06  1.28717E-09
  4.24350E+06  1.27749E-09
  4.24390E+06  1.27380E-09
  4.24430E+06  1.27122E-09
  4.24470E+06  1.27333E-09
  4.24510E+06  1.28325E-09
  4.24550E+06  1.29614E-09
  4.24590E+06  1.31776E-09
  4.24630E+06  1.34368E-09
  4.24670E+06  1.37711E-09
  4.24710E+06  1.41957E-09
  4.24750E+06  1.46721E-09
  4.24790E+06  1.52310E-09
  4.24830E+06  1.58489E-09
  4.24870E+06  1.65402E-09
  4.24910E+06  1.72952E-09
  4.24950E+06  1.80959E-09
  4.24990E+06  1.89552E-09
  4.25030E+06  1.98415E-09
  4.25070E+06  2.07681E-09
  4.25110E+06  2.17167E-09
  4.25150E+06  2.26598E-09
  4.25190E+06  2.36122E-09
  4.25230E+06  2.45333E-09
  4.25270E+06  2.54357E-09
  4.25310E+06  2.63005E-09
  4.25350E+06  2.70966E-09
  4.25390E+06  2.78432E-09
  4.25430E+06  2.84956E-09
  4.25470E+06  2.90730E-09
  4.25510E+06  2.95605E-09
  4.25550E+06  2.99283E-09
  4.25590E+06  3.02053E-09
  4.25630E+06  3.03510E-09
  4.25670E+06  3.03922E-09
  4.25710E+06  3.03244E-09
  4.25750E+06  3.01239E-09
  4.25790E+06  2.98285E-09
  4.25830E+06  2.94085E-09
  4.25870E+06  2.88926E-09
  4.25910E+06  2.82949E-09
  4.25950E+06  2.75957E-09
  4.25990E+06  2.68367E-09
  4.26030E+06  2.60004E-09
  4.26070E+06  2.51151E-09
  4.26110E+06  2.42040E-09
  4.26150E+06  2.32529E-09
  4.26190E+06  2.23042E-09
  4.26230E+06  2.13417E-09
  4.26270E+06  2.03950E-09
  4.26310E+06  1.94853E-09
  4.26350E+06  1.85960E-09
  4.26390E+06  1.77675E-09
  4.26430E+06  1.69770E-09
  4.26470E+06  1.62525E-09
  4.26510E+06  1.56075E-09
  4.26550E+06  1.50151E-09
  4.26590E+06  1.45163E-09
  4.26630E+06  1.40703E-09
  4.26670E+06  1.37145E-09
  4.26710E+06  1.34438E-09
  4.26750E+06  1.32210E-09
  4.26790E+06  1.30922E-09
  4.26830E+06  1.30002E-09
  4.26870E+06  1.29935E-09
  4.26910E+06  1.30433E-09
  4.26950E+06  1.31170E-09
  4.26990E+06  1.32588E-09
  4.27030E+06  1.34088E-09
  4.27070E+06  1.36151E-09
  4.27110E+06  1.38427E-09
  4.27150E+06  1.40603E-09
  4.27190E+06  1.43132E-09
  4.27230E+06  1.45391E-09
  4.27270E+06  1.47904E-09
  4.27310E+06  1.50306E-09
  4.27350E+06  1.52301E-09
  4.27390E+06  1.54365E-09
  4.27430E+06  1.55909E-09
  4.27470E+06  1.57421E-09
  4.27510E+06  1.58601E-09
  4.27550E+06  1.59205E-09
  4.27590E+06  1.59642E-09
  4.27630E+06  1.59473E-09
  4.27670E+06  1.59053E-09
  4.27710E+06  1.58217E-09
  4.27750E+06  1.56849E-09
  4.27790E+06  1.55126E-09
  4.27830E+06  1.52904E-09
  4.27870E+06  1.50283E-09
  4.27910E+06  1.47303E-09
  4.27950E+06  1.43885E-09
  4.27990E+06  1.40205E-09
  4.28030E+06  1.36133E-09
  4.28070E+06  1.31831E-09
  4.28110E+06  1.27368E-09
  4.28150E+06  1.22635E-09
  4.28190E+06  1.17870E-09
  4.28230E+06  1.12931E-09
  4.28270E+06  1.08019E-09
  4.28310E+06  1.03198E-09
  4.28350E+06  9.83363E-10
  4.28390E+06  9.37291E-10
  4.28430E+06  8.91772E-10
  4.28470E+06  8.49036E-10
  4.28510E+06  8.09396E-10
  4.28550E+06  7.71421E-10
  4.28590E+06  7.37754E-10
  4.28630E+06  7.06230E-10
  4.28670E+06  6.79111E-10
  4.28710E+06  6.56213E-10
  4.28750E+06  6.35614E-10
  4.28790E+06  6.20407E-10
  4.28830E+06  6.07027E-10
  4.28870E+06  5.98524E-10
  4.28910E+06  5.94959E-10
  4.28950E+06  5.92328E-10
  4.28990E+06  5.96940E-10
  4.29030E+06  6.01016E-10
  4.29070E+06  6.09165E-10
  4.29110E+06  6.26757E-10
  4.29150E+06  6.40602E-10
  4.29190E+06  6.69389E-10
  4.29230E+06  6.91630E-10
  4.29270E+06  7.18333E-10
  4.29310E+06  7.69071E-10
  4.29350E+06  8.07544E-10
  4.29390E+06  8.77829E-10
  4.29430E+06  9.34945E-10
  4.29470E+06  1.00179E-09
  4.29510E+06  1.11565E-09
  4.29550E+06  1.21290E-09
  4.29590E+06  1.36433E-09
  4.29630E+06  1.50521E-09
  4.29670E+06  1.66933E-09
  4.29710E+06  1.90577E-09
  4.29750E+06  2.13603E-09
  4.29790E+06  2.44552E-09
  4.29830E+06  2.76185E-09
  4.29870E+06  3.12362E-09
  4.29910E+06  3.58670E-09
  4.29950E+06  4.06624E-09
  4.29990E+06  4.65349E-09
  4.30030E+06  5.27301E-09
  4.30070E+06  5.96495E-09
  4.30110E+06  6.78454E-09
  4.30150E+06  7.64642E-09
  4.30190E+06  8.63510E-09
  4.30230E+06  9.68095E-09
  4.30270E+06  1.08174E-08
  4.30310E+06  1.20779E-08
  4.30350E+06  1.34037E-08
  4.30390E+06  1.48300E-08
  4.30430E+06  1.63329E-08
  4.30470E+06  1.79163E-08
  4.30510E+06  1.95800E-08
  4.30550E+06  2.13031E-08
  4.30590E+06  2.30873E-08
  4.30630E+06  2.49098E-08
  4.30670E+06  2.67628E-08
  4.30710E+06  2.86379E-08
  4.30750E+06  3.05075E-08
  4.30790E+06  3.23661E-08
  4.30830E+06  3.41861E-08
  4.30870E+06  3.59543E-08
  4.30910E+06  3.76564E-08
  4.30950E+06  3.92658E-08
  4.30990E+06  4.07710E-08
  4.31030E+06  4.21503E-08
  4.31070E+06  4.33900E-08
  4.31110E+06  4.44759E-08
  4.31150E+06  4.53914E-08
  4.31190E+06  4.61284E-08
  4.31230E+06  4.66739E-08
  4.31270E+06  4.70230E-08
  4.31310E+06  4.71718E-08
  4.31350E+06  4.71148E-08
  4.31390E+06  4.68565E-08
  4.31430E+06  4.63962E-08
  4.31470E+06  4.57423E-08
  4.31510E+06  4.49038E-08
  4.31550E+06  4.38886E-08
  4.31590E+06  4.27128E-08
  4.31630E+06  4.13882E-08
  4.31670E+06  3.99333E-08
  4.31710E+06  3.83664E-08
  4.31750E+06  3.67036E-08
  4.31790E+06  3.49671E-08
  4.31830E+06  3.31728E-08
  4.31870E+06  3.13433E-08
  4.31910E+06  2.94966E-08
  4.31950E+06  2.76464E-08
  4.31990E+06  2.58162E-08
  4.32030E+06  2.40113E-08
  4.32070E+06  2.22582E-08
  4.32110E+06  2.05625E-08
  4.32150E+06  1.89245E-08
  4.32190E+06  1.73729E-08
  4.32230E+06  1.58860E-08
  4.32270E+06  1.45048E-08
  4.32310E+06  1.32124E-08
  4.32350E+06  1.19899E-08
  4.32390E+06  1.08819E-08
  4.32430E+06  9.83255E-09
  4.32470E+06  8.90462E-09
  4.32510E+06  8.05845E-09
  4.32550E+06  7.26080E-09
  4.32590E+06  6.57334E-09
  4.32630E+06  5.91705E-09
  4.32670E+06  5.36906E-09
  4.32710E+06  4.87804E-09
  4.32750E+06  4.40528E-09
  4.32790E+06  4.02247E-09
  4.32830E+06  3.64100E-09
  4.32870E+06  3.34658E-09
  4.32910E+06  3.08433E-09
  4.32950E+06  2.81472E-09
  4.32990E+06  2.61554E-09
  4.33030E+06  2.39692E-09
  4.33070E+06  2.24596E-09
  4.33110E+06  2.11113E-09
  4.33150E+06  1.95591E-09
  4.33190E+06  1.85507E-09
  4.33230E+06  1.73484E-09
  4.33270E+06  1.65439E-09
  4.33310E+06  1.58860E-09
  4.33350E+06  1.51340E-09
  4.33390E+06  1.47171E-09
  4.33430E+06  1.41814E-09
  4.33470E+06  1.37794E-09
  4.33510E+06  1.38162E-09
  4.33550E+06  1.36148E-09
  4.33590E+06  1.41815E-09
  4.33630E+06  1.43857E-09
  4.33670E+06  1.48266E-09
  4.33710E+06  1.65818E-09
  4.33750E+06  1.77296E-09
  4.33790E+06  2.06841E-09
  4.33830E+06  2.29906E-09
  4.33870E+06  2.58817E-09
  4.33910E+06  3.14964E-09
  4.33950E+06  3.63123E-09
  4.33990E+06  4.42646E-09
  4.34030E+06  5.17429E-09
  4.34070E+06  6.05910E-09
  4.34110E+06  7.36726E-09
  4.34150E+06  8.65093E-09
  4.34190E+06  1.03880E-08
  4.34230E+06  1.21762E-08
  4.34270E+06  1.42307E-08
  4.34310E+06  1.68565E-08
  4.34350E+06  1.95909E-08
  4.34390E+06  2.29256E-08
  4.34430E+06  2.64595E-08
  4.34470E+06  3.04070E-08
  4.34510E+06  3.50598E-08
  4.34550E+06  3.99664E-08
  4.34590E+06  4.55668E-08
  4.34630E+06  5.15036E-08
  4.34670E+06  5.79474E-08
  4.34710E+06  6.50719E-08
  4.34750E+06  7.25664E-08
  4.34790E+06  8.05993E-08
  4.34830E+06  8.90649E-08
  4.34870E+06  9.79683E-08
  4.34910E+06  1.07275E-07
  4.34950E+06  1.16919E-07
  4.34990E+06  1.26853E-07
  4.35030E+06  1.36997E-07
  4.35070E+06  1.47278E-07
  4.35110E+06  1.57618E-07
  4.35150E+06  1.67912E-07
  4.35190E+06  1.78073E-07
  4.35230E+06  1.87991E-07
  4.35270E+06  1.97564E-07
  4.35310E+06  2.06695E-07
  4.35350E+06  2.15264E-07
  4.35390E+06  2.23185E-07
  4.35430E+06  2.30345E-07
  4.35470E+06  2.36660E-07
  4.35510E+06  2.42056E-07
  4.35550E+06  2.46443E-07
  4.35590E+06  2.49774E-07
  4.35630E+06  2.51987E-07
  4.35670E+06  2.53054E-07
  4.35710E+06  2.52964E-07
  4.35750E+06  2.51697E-07
  4.35790E+06  2.49280E-07
  4.35830E+06  2.45727E-07
  4.35870E+06  2.41089E-07
  4.35910E+06  2.35429E-07
  4.35950E+06  2.28808E-07
  4.35990E+06  2.21321E-07
  4.36030E+06  2.13052E-07
  4.36070E+06  2.04112E-07
  4.36110E+06  1.94615E-07
  4.36150E+06  1.84664E-07
  4.36190E+06  1.74390E-07
  4.36230E+06  1.63893E-07
  4.36270E+06  1.53304E-07
  4.36310E+06  1.42733E-07
  4.36350E+06  1.32258E-07
  4.36390E+06  1.22019E-07
  4.36430E+06  1.12038E-07
  4.36470E+06  1.02463E-07
  4.36510E+06  9.33489E-08
  4.36550E+06  8.46524E-08
  4.36590E+06  7.65953E-08
  4.36630E+06  6.89660E-08
  4.36670E+06  6.20172E-08
  4.36710E+06  5.57767E-08
  4.36750E+06  4.99127E-08
  4.36790E+06  4.49692E-08
  4.36830E+06  4.02752E-08
  4.36870E+06  3.63350E-08
  4.36910E+06  3.33001E-08
  4.36950E+06  3.03330E-08
  4.36990E+06  2.85519E-08
  4.37030E+06  2.67104E-08
  4.37070E+06  2.56253E-08
  4.37110E+06  2.57000E-08
  4.37150E+06  2.55821E-08
  4.37190E+06  2.69144E-08
  4.37230E+06  2.80729E-08
  4.37270E+06  3.00988E-08
  4.37310E+06  3.35903E-08
  4.37350E+06  3.69499E-08
  4.37390E+06  4.20675E-08
  4.37430E+06  4.72384E-08
  4.37470E+06  5.35825E-08
  4.37510E+06  6.17782E-08
  4.37550E+06  7.02209E-08
  4.37590E+06  8.07980E-08
  4.37630E+06  9.19162E-08
  4.37670E+06  1.04537E-07
  4.37710E+06  1.19385E-07
  4.37750E+06  1.35038E-07
  4.37790E+06  1.52898E-07
  4.37830E+06  1.71849E-07
  4.37870E+06  1.92404E-07
  4.37910E+06  2.14984E-07
  4.37950E+06  2.38792E-07
  4.37990E+06  2.64196E-07
  4.38030E+06  2.90963E-07
  4.38070E+06  3.19049E-07
  4.38110E+06  3.48314E-07
  4.38150E+06  3.78559E-07
  4.38190E+06  4.09608E-07
  4.38230E+06  4.41202E-07
  4.38270E+06  4.73107E-07
  4.38310E+06  5.05046E-07
  4.38350E+06  5.36694E-07
  4.38390E+06  5.67775E-07
  4.38430E+06  5.97924E-07
  4.38470E+06  6.26838E-07
  4.38510E+06  6.54200E-07
  4.38550E+06  6.79638E-07
  4.38590E+06  7.02900E-07
  4.38630E+06  7.23626E-07
  4.38670E+06  7.41579E-07
  4.38710E+06  7.56547E-07
  4.38750E+06  7.68244E-07
  4.38790E+06  7.76586E-07
  4.38830E+06  7.81357E-07
  4.38870E+06  7.82521E-07
  4.38910E+06  7.80094E-07
  4.38950E+06  7.73991E-07
  4.38990E+06  7.64384E-07
  4.39030E+06  7.51291E-07
  4.39070E+06  7.34928E-07
  4.39110E+06  7.15558E-07
  4.39150E+06  6.93327E-07
  4.39190E+06  6.68627E-07
  4.39230E+06  6.41681E-07
  4.39270E+06  6.12881E-07
  4.39310E+06  5.82636E-07
  4.39350E+06  5.51212E-07
  4.39390E+06  5.19088E-07
  4.39430E+06  4.86520E-07
  4.39470E+06  4.53949E-07
  4.39510E+06  4.21726E-07
  4.39550E+06  3.90048E-07
  4.39590E+06  3.59351E-07
  4.39630E+06  3.29688E-07
  4.39670E+06  3.01517E-07
  4.39710E+06  2.74894E-07
  4.39750E+06  2.49782E-07
  4.39790E+06  2.26646E-07
  4.39830E+06  2.05044E-07
  4.39870E+06  1.85658E-07
  4.39910E+06  1.68107E-07
  4.39950E+06  1.51990E-07
  4.39990E+06  1.38059E-07
  4.40030E+06  1.25238E-07
  4.40070E+06  1.14598E-07
  4.40110E+06  1.05354E-07
  4.40150E+06  9.68564E-08
  4.40190E+06  9.01666E-08
  4.40230E+06  8.38186E-08
  4.40270E+06  7.91456E-08
  4.40310E+06  7.51874E-08
  4.40350E+06  7.12457E-08
  4.40390E+06  6.85293E-08
  4.40430E+06  6.55012E-08
  4.40470E+06  6.35958E-08
  4.40510E+06  6.18633E-08
  4.40550E+06  5.96529E-08
  4.40590E+06  5.82358E-08
  4.40630E+06  5.61581E-08
  4.40670E+06  5.48363E-08
  4.40710E+06  5.34165E-08
  4.40750E+06  5.14003E-08
  4.40790E+06  4.98800E-08
  4.40830E+06  4.78818E-08
  4.40870E+06  4.61790E-08
  4.40910E+06  4.43488E-08
  4.40950E+06  4.23434E-08
  4.40990E+06  4.03272E-08
  4.41030E+06  3.82260E-08
  4.41070E+06  3.60866E-08
  4.41110E+06  3.39223E-08
  4.41150E+06  3.17410E-08
  4.41190E+06  2.95842E-08
  4.41230E+06  2.74473E-08
  4.41270E+06  2.53704E-08
  4.41310E+06  2.33628E-08
  4.41350E+06  2.14190E-08
  4.41390E+06  1.95831E-08
  4.41430E+06  1.78261E-08
  4.41470E+06  1.61974E-08
  4.41510E+06  1.46847E-08
  4.41550E+06  1.32619E-08
  4.41590E+06  1.19864E-08
  4.41630E+06  1.07916E-08
  4.41670E+06  9.74959E-09
  4.41710E+06  8.82143E-09
  4.41750E+06  7.96243E-09
  4.41790E+06  7.24912E-09
  4.41830E+06  6.58449E-09
  4.41870E+06  6.06097E-09
  4.41910E+06  5.61996E-09
  4.41950E+06  5.21098E-09
  4.41990E+06  4.91985E-09
  4.42030E+06  4.64195E-09
  4.42070E+06  4.47319E-09
  4.42110E+06  4.35018E-09
  4.42150E+06  4.22811E-09
  4.42190E+06  4.18876E-09
  4.42230E+06  4.13378E-09
  4.42270E+06  4.15490E-09
  4.42310E+06  4.19330E-09
  4.42350E+06  4.20944E-09
  4.42390E+06  4.27903E-09
  4.42430E+06  4.31893E-09
  4.42470E+06  4.40233E-09
  4.42510E+06  4.48356E-09
  4.42550E+06  4.53999E-09
  4.42590E+06  4.61433E-09
  4.42630E+06  4.67115E-09
  4.42670E+06  4.72584E-09
  4.42710E+06  4.76813E-09
  4.42750E+06  4.79339E-09
  4.42790E+06  4.80752E-09
  4.42830E+06  4.80311E-09
  4.42870E+06  4.78568E-09
  4.42910E+06  4.75247E-09
  4.42950E+06  4.70037E-09
  4.42990E+06  4.63529E-09
  4.43030E+06  4.55219E-09
  4.43070E+06  4.45686E-09
  4.43110E+06  4.34803E-09
  4.43150E+06  4.22473E-09
  4.43190E+06  4.09200E-09
  4.43230E+06  3.94768E-09
  4.43270E+06  3.79647E-09
  4.43310E+06  3.63876E-09
  4.43350E+06  3.47440E-09
  4.43390E+06  3.30825E-09
  4.43430E+06  3.13901E-09
  4.43470E+06  2.97076E-09
  4.43510E+06  2.80402E-09
  4.43550E+06  2.63893E-09
  4.43590E+06  2.47899E-09
  4.43630E+06  2.32270E-09
  4.43670E+06  2.17395E-09
  4.43710E+06  2.03223E-09
  4.43750E+06  1.89628E-09
  4.43790E+06  1.77031E-09
  4.43830E+06  1.64982E-09
  4.43870E+06  1.54058E-09
  4.43910E+06  1.43979E-09
  4.43950E+06  1.34448E-09
  4.43990E+06  1.26014E-09
  4.44030E+06  1.17976E-09
  4.44070E+06  1.11042E-09
  4.44110E+06  1.04782E-09
  4.44150E+06  9.87741E-10
  4.44190E+06  9.37328E-10
  4.44230E+06  8.87855E-10
  4.44270E+06  8.47317E-10
  4.44310E+06  8.10880E-10
  4.44350E+06  7.74344E-10
  4.44390E+06  7.45063E-10
  4.44430E+06  7.14112E-10
  4.44470E+06  6.89972E-10
  4.44510E+06  6.68071E-10
  4.44550E+06  6.43923E-10
  4.44590E+06  6.26125E-10
  4.44630E+06  6.05363E-10
  4.44670E+06  5.90003E-10
  4.44710E+06  5.76400E-10
  4.44750E+06  5.60387E-10
  4.44790E+06  5.49378E-10
  4.44830E+06  5.36450E-10
  4.44870E+06  5.27101E-10
  4.44910E+06  5.19778E-10
  4.44950E+06  5.11887E-10
  4.44990E+06  5.07042E-10
  4.45030E+06  5.02122E-10
  4.45070E+06  4.99279E-10
  4.45110E+06  4.98896E-10
  4.45150E+06  4.98742E-10
  4.45190E+06  5.01831E-10
  4.45230E+06  5.05354E-10
  4.45270E+06  5.11232E-10
  4.45310E+06  5.20000E-10
  4.45350E+06  5.29404E-10
  4.45390E+06  5.41862E-10
  4.45430E+06  5.55231E-10
  4.45470E+06  5.71056E-10
  4.45510E+06  5.89418E-10
  4.45550E+06  6.08609E-10
  4.45590E+06  6.30400E-10
  4.45630E+06  6.53095E-10
  4.45670E+06  6.77798E-10
  4.45710E+06  7.04044E-10
  4.45750E+06  7.30811E-10
  4.45790E+06  7.59229E-10
  4.45830E+06  7.87611E-10
  4.45870E+06  8.16981E-10
  4.45910E+06  8.46649E-10
  4.45950E+06  8.75597E-10
  4.45990E+06  9.04703E-10
  4.46030E+06  9.32402E-10
  4.46070E+06  9.59368E-10
  4.46110E+06  9.85108E-10
  4.46150E+06  1.00852E-09
  4.46190E+06  1.03046E-09
  4.46230E+06  1.04941E-09
  4.46270E+06  1.06607E-09
  4.46310E+06  1.08009E-09
  4.46350E+06  1.09054E-09
  4.46390E+06  1.09830E-09
  4.46430E+06  1.10217E-09
  4.46470E+06  1.10284E-09
  4.46510E+06  1.10041E-09
  4.46550E+06  1.09401E-09
  4.46590E+06  1.08480E-09
  4.46630E+06  1.07185E-09
  4.46670E+06  1.05604E-09
  4.46710E+06  1.03780E-09
  4.46750E+06  1.01636E-09
  4.46790E+06  9.93335E-10
  4.46830E+06  9.67713E-10
  4.46870E+06  9.40716E-10
  4.46910E+06  9.13161E-10
  4.46950E+06  8.83929E-10
  4.46990E+06  8.55584E-10
  4.47030E+06  8.25963E-10
  4.47070E+06  7.96936E-10
  4.47110E+06  7.70438E-10
  4.47150E+06  7.43324E-10
  4.47190E+06  7.21037E-10
  4.47230E+06  6.97829E-10
  4.47270E+06  6.77162E-10
  4.47310E+06  6.64693E-10
  4.47350E+06  6.50455E-10
  4.47390E+06  6.47979E-10
  4.47430E+06  6.43021E-10
  4.47470E+06  6.42991E-10
  4.47510E+06  6.60271E-10
  4.47550E+06  6.73205E-10
  4.47590E+06  7.06931E-10
  4.47630E+06  7.37230E-10
  4.47670E+06  7.76866E-10
  4.47710E+06  8.43539E-10
  4.47750E+06  9.06944E-10
  4.47790E+06  1.00033E-09
  4.47830E+06  1.09401E-09
  4.47870E+06  1.20427E-09
  4.47910E+06  1.35094E-09
  4.47950E+06  1.50110E-09
  4.47990E+06  1.69025E-09
  4.48030E+06  1.88866E-09
  4.48070E+06  2.11293E-09
  4.48110E+06  2.38274E-09
  4.48150E+06  2.66567E-09
  4.48190E+06  2.99534E-09
  4.48230E+06  3.34399E-09
  4.48270E+06  3.72646E-09
  4.48310E+06  4.15715E-09
  4.48350E+06  4.61000E-09
  4.48390E+06  5.10355E-09
  4.48430E+06  5.62542E-09
  4.48470E+06  6.18021E-09
  4.48510E+06  6.76673E-09
  4.48550E+06  7.37987E-09
  4.48590E+06  8.01855E-09
  4.48630E+06  8.67781E-09
  4.48670E+06  9.35396E-09
  4.48710E+06  1.00422E-08
  4.48750E+06  1.07359E-08
  4.48790E+06  1.14303E-08
  4.48830E+06  1.21177E-08
  4.48870E+06  1.27918E-08
  4.48910E+06  1.34460E-08
  4.48950E+06  1.40718E-08
  4.48990E+06  1.46632E-08
  4.49030E+06  1.52118E-08
  4.49070E+06  1.57116E-08
  4.49110E+06  1.61564E-08
  4.49150E+06  1.65389E-08
  4.49190E+06  1.68553E-08
  4.49230E+06  1.70994E-08
  4.49270E+06  1.72686E-08
  4.49310E+06  1.73604E-08
  4.49350E+06  1.73716E-08
  4.49390E+06  1.73033E-08
  4.49430E+06  1.71544E-08
  4.49470E+06  1.69275E-08
  4.49510E+06  1.66255E-08
  4.49550E+06  1.62509E-08
  4.49590E+06  1.58100E-08
  4.49630E+06  1.53069E-08
  4.49670E+06  1.47490E-08
  4.49710E+06  1.41436E-08
  4.49750E+06  1.34970E-08
  4.49790E+06  1.28187E-08
  4.49830E+06  1.21149E-08
  4.49870E+06  1.13955E-08
  4.49910E+06  1.06682E-08
  4.49950E+06  9.93883E-09
  4.49990E+06  9.21761E-09
  4.50030E+06  8.50779E-09
  4.50070E+06  7.81912E-09
  4.50110E+06  7.15553E-09
  4.50150E+06  6.51823E-09
  4.50190E+06  5.91729E-09
  4.50230E+06  5.34730E-09
  4.50270E+06  4.82061E-09
  4.50310E+06  4.33322E-09
  4.50350E+06  3.87888E-09
  4.50390E+06  3.47194E-09
  4.50430E+06  3.09352E-09
  4.50470E+06  2.76432E-09
  4.50510E+06  2.47072E-09
  4.50550E+06  2.19966E-09
  4.50590E+06  1.97309E-09
  4.50630E+06  1.76088E-09
  4.50670E+06  1.59158E-09
  4.50710E+06  1.44545E-09
  4.50750E+06  1.30654E-09
  4.50790E+06  1.20245E-09
  4.50830E+06  1.09848E-09
  4.50870E+06  1.02668E-09
  4.50910E+06  9.66176E-10
  4.50950E+06  9.01586E-10
  4.50990E+06  8.61747E-10
  4.51030E+06  8.12948E-10
  4.51070E+06  7.87580E-10
  4.51110E+06  7.66032E-10
  4.51150E+06  7.35001E-10
  4.51190E+06  7.21708E-10
  4.51230E+06  6.97856E-10
  4.51270E+06  6.89280E-10
  4.51310E+06  6.81359E-10
  4.51350E+06  6.68584E-10
  4.51390E+06  6.62090E-10
  4.51430E+06  6.54143E-10
  4.51470E+06  6.47388E-10
  4.51510E+06  6.41041E-10
  4.51550E+06  6.33939E-10
  4.51590E+06  6.27556E-10
  4.51630E+06  6.20562E-10
  4.51670E+06  6.14062E-10
  4.51710E+06  6.08046E-10
  4.51750E+06  6.01559E-10
  4.51790E+06  5.96045E-10
  4.51830E+06  5.90003E-10
  4.51870E+06  5.84728E-10
  4.51910E+06  5.80063E-10
  4.51950E+06  5.75095E-10
  4.51990E+06  5.71242E-10
  4.52030E+06  5.66986E-10
  4.52070E+06  5.63665E-10
  4.52110E+06  5.61149E-10
  4.52150E+06  5.58248E-10
  4.52190E+06  5.56898E-10
  4.52230E+06  5.54945E-10
  4.52270E+06  5.53997E-10
  4.52310E+06  5.54816E-10
  4.52350E+06  5.54547E-10
  4.52390E+06  5.57769E-10
  4.52430E+06  5.59132E-10
  4.52470E+06  5.61595E-10
  4.52510E+06  5.70747E-10
  4.52550E+06  5.75804E-10
  4.52590E+06  5.92732E-10
  4.52630E+06  6.03206E-10
  4.52670E+06  6.16287E-10
  4.52710E+06  6.52223E-10
  4.52750E+06  6.76224E-10
  4.52790E+06  7.32480E-10
  4.52830E+06  7.74881E-10
  4.52870E+06  8.26098E-10
  4.52910E+06  9.27984E-10
  4.52950E+06  1.01171E-09
  4.52990E+06  1.15393E-09
  4.53030E+06  1.28389E-09
  4.53070E+06  1.43776E-09
  4.53110E+06  1.67422E-09
  4.53150E+06  1.90048E-09
  4.53190E+06  2.21560E-09
  4.53230E+06  2.53553E-09
  4.53270E+06  2.90503E-09
  4.53310E+06  3.38820E-09
  4.53350E+06  3.88761E-09
  4.53390E+06  4.50741E-09
  4.53430E+06  5.16246E-09
  4.53470E+06  5.89880E-09
  4.53510E+06  6.77843E-09
  4.53550E+06  7.70650E-09
  4.53590E+06  8.77809E-09
  4.53630E+06  9.91627E-09
  4.53670E+06  1.11593E-08
  4.53710E+06  1.25457E-08
  4.53750E+06  1.40098E-08
  4.53790E+06  1.55894E-08
  4.53830E+06  1.72632E-08
  4.53870E+06  1.90341E-08
  4.53910E+06  2.08962E-08
  4.53950E+06  2.28370E-08
  4.53990E+06  2.48478E-08
  4.54030E+06  2.69135E-08
  4.54070E+06  2.90201E-08
  4.54110E+06  3.11510E-08
  4.54150E+06  3.32861E-08
  4.54190E+06  3.54074E-08
  4.54230E+06  3.74917E-08
  4.54270E+06  3.95187E-08
  4.54310E+06  4.14662E-08
  4.54350E+06  4.33100E-08
  4.54390E+06  4.50300E-08
  4.54430E+06  4.66027E-08
  4.54470E+06  4.80091E-08
  4.54510E+06  4.92307E-08
  4.54550E+06  5.02489E-08
  4.54590E+06  5.10509E-08
  4.54630E+06  5.16228E-08
  4.54670E+06  5.19567E-08
  4.54710E+06  5.20471E-08
  4.54750E+06  5.18896E-08
  4.54790E+06  5.14873E-08
  4.54830E+06  5.08420E-08
  4.54870E+06  4.99628E-08
  4.54910E+06  4.88611E-08
  4.54950E+06  4.75490E-08
  4.54990E+06  4.60456E-08
  4.55030E+06  4.43680E-08
  4.55070E+06  4.25390E-08
  4.55110E+06  4.05820E-08
  4.55150E+06  3.85191E-08
  4.55190E+06  3.63778E-08
  4.55230E+06  3.41799E-08
  4.55270E+06  3.19530E-08
  4.55310E+06  2.97206E-08
  4.55350E+06  2.75017E-08
  4.55390E+06  2.53231E-08
  4.55430E+06  2.31953E-08
  4.55470E+06  2.11462E-08
  4.55510E+06  1.91852E-08
  4.55550E+06  1.73147E-08
  4.55590E+06  1.55635E-08
  4.55630E+06  1.39110E-08
  4.55670E+06  1.23975E-08
  4.55710E+06  1.10059E-08
  4.55750E+06  9.71420E-09
  4.55790E+06  8.56873E-09
  4.55830E+06  7.50634E-09
  4.55870E+06  6.59362E-09
  4.55910E+06  5.78524E-09
  4.55950E+06  5.04097E-09
  4.55990E+06  4.42800E-09
  4.56030E+06  3.85271E-09
  4.56070E+06  3.40482E-09
  4.56110E+06  3.02215E-09
  4.56150E+06  2.65757E-09
  4.56190E+06  2.39386E-09
  4.56230E+06  2.12678E-09
  4.56270E+06  1.95394E-09
  4.56310E+06  1.81238E-09
  4.56350E+06  1.65558E-09
  4.56390E+06  1.57294E-09
  4.56430E+06  1.46083E-09
  4.56470E+06  1.41752E-09
  4.56510E+06  1.38925E-09
  4.56550E+06  1.32908E-09
  4.56590E+06  1.32988E-09
  4.56630E+06  1.29820E-09
  4.56670E+06  1.30655E-09
  4.56710E+06  1.33789E-09
  4.56750E+06  1.34907E-09
  4.56790E+06  1.40306E-09
  4.56830E+06  1.43961E-09
  4.56870E+06  1.48484E-09
  4.56910E+06  1.58613E-09
  4.56950E+06  1.66305E-09
  4.56990E+06  1.80740E-09
  4.57030E+06  1.93185E-09
  4.57070E+06  2.08055E-09
  4.57110E+06  2.32507E-09
  4.57150E+06  2.55099E-09
  4.57190E+06  2.88274E-09
  4.57230E+06  3.21197E-09
  4.57270E+06  3.59609E-09
  4.57310E+06  4.11789E-09
  4.57350E+06  4.65027E-09
  4.57390E+06  5.32820E-09
  4.57430E+06  6.04218E-09
  4.57470E+06  6.85219E-09
  4.57510E+06  7.84132E-09
  4.57550E+06  8.88308E-09
  4.57590E+06  1.01063E-08
  4.57630E+06  1.14083E-08
  4.57670E+06  1.28425E-08
  4.57710E+06  1.44701E-08
  4.57750E+06  1.61906E-08
  4.57790E+06  1.80761E-08
  4.57830E+06  2.00798E-08
  4.57870E+06  2.22184E-08
  4.57910E+06  2.44884E-08
  4.57950E+06  2.68729E-08
  4.57990E+06  2.93650E-08
  4.58030E+06  3.19482E-08
  4.58070E+06  3.46073E-08
  4.58110E+06  3.73219E-08
  4.58150E+06  4.00692E-08
  4.58190E+06  4.28268E-08
  4.58230E+06  4.55670E-08
  4.58270E+06  4.82641E-08
  4.58310E+06  5.08885E-08
  4.58350E+06  5.34104E-08
  4.58390E+06  5.58018E-08
  4.58430E+06  5.80318E-08
  4.58470E+06  6.00742E-08
  4.58510E+06  6.19011E-08
  4.58550E+06  6.34869E-08
  4.58590E+06  6.48111E-08
  4.58630E+06  6.58522E-08
  4.58670E+06  6.65962E-08
  4.58710E+06  6.70301E-08
  4.58750E+06  6.71448E-08
  4.58790E+06  6.69384E-08
  4.58830E+06  6.64099E-08
  4.58870E+06  6.55662E-08
  4.58910E+06  6.44163E-08
  4.58950E+06  6.29735E-08
  4.58990E+06  6.12575E-08
  4.59030E+06  5.92885E-08
  4.59070E+06  5.70928E-08
  4.59110E+06  5.46978E-08
  4.59150E+06  5.21326E-08
  4.59190E+06  4.94301E-08
  4.59230E+06  4.66210E-08
  4.59270E+06  4.37399E-08
  4.59310E+06  4.08181E-08
  4.59350E+06  3.78848E-08
  4.59390E+06  3.49735E-08
  4.59430E+06  3.21050E-08
  4.59470E+06  2.93143E-08
  4.59510E+06  2.66178E-08
  4.59550E+06  2.40268E-08
  4.59590E+06  2.15744E-08
  4.59630E+06  1.92471E-08
  4.59670E+06  1.70899E-08
  4.59710E+06  1.50882E-08
  4.59750E+06  1.32229E-08
  4.59790E+06  1.15445E-08
  4.59830E+06  9.98517E-09
  4.59870E+06  8.62293E-09
  4.59910E+06  7.40467E-09
  4.59950E+06  6.28353E-09
  4.59990E+06  5.34045E-09
  4.60030E+06  4.46189E-09
  4.60070E+06  3.75692E-09
  4.60110E+06  3.14784E-09
  4.60150E+06  2.57519E-09
  4.60190E+06  2.14269E-09
  4.60230E+06  1.71679E-09
  4.60270E+06  1.42306E-09
  4.60310E+06  1.17725E-09
  4.60350E+06  9.21442E-10
  4.60390E+06  7.65488E-10
  4.60430E+06  5.77964E-10
  4.60470E+06  4.87430E-10
  4.60510E+06  4.13707E-10
  4.60550E+06  3.06307E-10
  4.60590E+06  2.69839E-10
  4.60630E+06  1.95154E-10
  4.60670E+06  1.82314E-10
  4.60710E+06  1.71973E-10
  4.60750E+06  1.44282E-10
  4.60790E+06  1.42115E-10
  4.60830E+06  1.36944E-10
  4.60870E+06  1.35924E-10
  4.60910E+06  1.34988E-10
  4.60950E+06  1.33852E-10
  4.60990E+06  1.33048E-10
  4.61030E+06  1.32134E-10
  4.61070E+06  1.31388E-10
  4.61110E+06  1.30777E-10
  4.61150E+06  1.30114E-10
  4.61190E+06  1.29700E-10
  4.61230E+06  1.29220E-10
  4.61270E+06  1.28919E-10
  4.61310E+06  1.28805E-10
  4.61350E+06  1.28623E-10
  4.61390E+06  1.28677E-10
  4.61430E+06  1.28669E-10
  4.61470E+06  1.28827E-10
  4.61510E+06  1.29124E-10
  4.61550E+06  1.29294E-10
  4.61590E+06  1.29688E-10
  4.61630E+06  1.29954E-10
  4.61670E+06  1.30343E-10
  4.61710E+06  1.30794E-10
  4.61750E+06  1.31097E-10
  4.61790E+06  1.31544E-10
  4.61830E+06  1.31793E-10
  4.61870E+06  1.32065E-10
  4.61910E+06  1.32338E-10
  4.61950E+06  1.32394E-10
  4.61990E+06  1.32529E-10
  4.62030E+06  1.32427E-10
  4.62070E+06  1.32350E-10
  4.62110E+06  1.32245E-10
  4.62150E+06  1.31908E-10
  4.62190E+06  1.31649E-10
  4.62230E+06  1.31152E-10
  4.62270E+06  1.30682E-10
  4.62310E+06  1.30218E-10
  4.62350E+06  1.29541E-10
  4.62390E+06  1.28967E-10
  4.62430E+06  1.28216E-10
  4.62470E+06  1.27493E-10
  4.62510E+06  1.26811E-10
  4.62550E+06  1.25953E-10
  4.62590E+06  1.25230E-10
  4.62630E+06  1.24409E-10
  4.62670E+06  1.23623E-10
  4.62710E+06  1.22890E-10
  4.62750E+06  1.22051E-10
  4.62790E+06  1.21343E-10
  4.62830E+06  1.20532E-10
  4.62870E+06  1.19807E-10
  4.62910E+06  1.19164E-10
  4.62950E+06  1.18395E-10
  4.62990E+06  1.17799E-10
  4.63030E+06  1.17077E-10
  4.63070E+06  1.16450E-10
  4.63110E+06  1.15876E-10
  4.63150E+06  1.15203E-10
  4.63190E+06  1.14687E-10
  4.63230E+06  1.14021E-10
  4.63270E+06  1.13453E-10
  4.63310E+06  1.12946E-10
  4.63350E+06  1.12318E-10
  4.63390E+06  1.11812E-10
  4.63430E+06  1.11156E-10
  4.63470E+06  1.10604E-10
  4.63510E+06  1.10079E-10
  4.63550E+06  1.09435E-10
  4.63590E+06  1.08950E-10
  4.63630E+06  1.08275E-10
  4.63670E+06  1.07719E-10
  4.63710E+06  1.07218E-10
  4.63750E+06  1.06575E-10
  4.63790E+06  1.06081E-10
  4.63830E+06  1.05473E-10
  4.63870E+06  1.04928E-10
  4.63910E+06  1.04421E-10
  4.63950E+06  1.03820E-10
  4.63990E+06  1.03385E-10
  4.64030E+06  1.02832E-10
  4.64070E+06  1.02360E-10
  4.64110E+06  1.01956E-10
  4.64150E+06  1.01447E-10
  4.64190E+06  1.01100E-10
  4.64230E+06  1.00639E-10
  4.64270E+06  1.00294E-10
  4.64310E+06  1.00018E-10
  4.64350E+06  9.96538E-11
  4.64390E+06  9.94264E-11
  4.64430E+06  9.90951E-11
  4.64470E+06  9.88539E-11
  4.64510E+06  9.86972E-11
  4.64550E+06  9.84308E-11
  4.64590E+06  9.82649E-11
  4.64630E+06  9.80043E-11
  4.64670E+06  9.78141E-11
  4.64710E+06  9.76844E-11
  4.64750E+06  9.74076E-11
  4.64790E+06  9.72729E-11
  4.64830E+06  9.70228E-11
  4.64870E+06  9.68276E-11
  4.64910E+06  9.66673E-11
  4.64950E+06  9.63948E-11
  4.64990E+06  9.62248E-11
  4.65030E+06  9.59300E-11
  4.65070E+06  9.56826E-11
  4.65110E+06  9.54941E-11
  4.65150E+06  9.51655E-11
  4.65190E+06  9.49666E-11
  4.65230E+06  9.46190E-11
  4.65270E+06  9.43415E-11
  4.65310E+06  9.40943E-11
  4.65350E+06  9.37335E-11
  4.65390E+06  9.34920E-11
  4.65430E+06  9.31316E-11
  4.65470E+06  9.28413E-11
  4.65510E+06  9.25667E-11
  4.65550E+06  9.22211E-11
  4.65590E+06  9.19737E-11
  4.65630E+06  9.16377E-11
  4.65670E+06  9.13574E-11
  4.65710E+06  9.11266E-11
  4.65750E+06  9.08117E-11
  4.65790E+06  9.06173E-11
  4.65830E+06  9.03123E-11
  4.65870E+06  9.00844E-11
  4.65910E+06  8.98990E-11
  4.65950E+06  8.96181E-11
  4.65990E+06  8.94595E-11
  4.66030E+06  8.92127E-11
  4.66070E+06  8.90072E-11
  4.66110E+06  8.88593E-11
  4.66150E+06  8.85756E-11
  4.66190E+06  8.83862E-11
  4.66230E+06  8.80949E-11
  4.66270E+06  8.78452E-11
  4.66310E+06  8.76075E-11
  4.66350E+06  8.72549E-11
  4.66390E+06  8.69657E-11
  4.66430E+06  8.65694E-11
  4.66470E+06  8.61762E-11
  4.66510E+06  8.58084E-11
  4.66550E+06  8.52805E-11
  4.66590E+06  8.48600E-11
  4.66630E+06  8.43020E-11
  4.66670E+06  8.37798E-11
  4.66710E+06  8.32824E-11
  4.66750E+06  8.26663E-11
  4.66790E+06  8.21540E-11
  4.66830E+06  8.15506E-11
  4.66870E+06  8.09794E-11
  4.66910E+06  8.04616E-11
  4.66950E+06  7.98386E-11
  4.66990E+06  7.93709E-11
  4.67030E+06  7.88224E-11
  4.67070E+06  7.83507E-11
  4.67110E+06  7.79525E-11
  4.67150E+06  7.74942E-11
  4.67190E+06  7.71654E-11
  4.67230E+06  7.67877E-11
  4.67270E+06  7.65004E-11
  4.67310E+06  7.62665E-11
  4.67350E+06  7.60013E-11
  4.67390E+06  7.58375E-11
  4.67430E+06  7.56271E-11
  4.67470E+06  7.55219E-11
  4.67510E+06  7.54816E-11
  4.67550E+06  7.53942E-11
  4.67590E+06  7.54192E-11
  4.67630E+06  7.53545E-11
  4.67670E+06  7.53650E-11
  4.67710E+06  7.54036E-11
  4.67750E+06  7.53716E-11
  4.67790E+06  7.54134E-11
  4.67830E+06  7.53628E-11
  4.67870E+06  7.53388E-11
  4.67910E+06  7.53266E-11
  4.67950E+06  7.51863E-11
  4.67990E+06  7.50907E-11
  4.68030E+06  7.48498E-11
  4.68070E+06  7.46274E-11
  4.68110E+06  7.44043E-11
  4.68150E+06  7.39997E-11
  4.68190E+06  7.36279E-11
  4.68230E+06  7.31263E-11
  4.68270E+06  7.26018E-11
  4.68310E+06  7.20578E-11
  4.68350E+06  7.13712E-11
  4.68390E+06  7.07263E-11
  4.68430E+06  6.99799E-11
  4.68470E+06  6.92195E-11
  4.68510E+06  6.84510E-11
  4.68550E+06  6.76069E-11
  4.68590E+06  6.68002E-11
  4.68630E+06  6.59503E-11
  4.68670E+06  6.51577E-11
  4.68710E+06  6.43781E-11
  4.68750E+06  6.35677E-11
  4.68790E+06  6.28463E-11
  4.68830E+06  6.21167E-11
  4.68870E+06  6.14596E-11
  4.68910E+06  6.08299E-11
  4.68950E+06  6.01854E-11
  4.68990E+06  5.96136E-11
  4.69030E+06  5.90006E-11
  4.69070E+06  5.84631E-11
  4.69110E+06  5.79210E-11
  4.69150E+06  5.73416E-11
  4.69190E+06  5.67658E-11
  4.69230E+06  5.61174E-11
  4.69270E+06  5.54634E-11
  4.69310E+06  5.47473E-11
  4.69350E+06  5.39255E-11
  4.69390E+06  5.30622E-11
  4.69430E+06  5.20537E-11
  4.69470E+06  5.10105E-11
  4.69510E+06  4.98600E-11
  4.69550E+06  4.85536E-11
  4.69590E+06  4.71937E-11
  4.69630E+06  4.56787E-11
  4.69670E+06  4.41109E-11
  4.69710E+06  4.24403E-11
  4.69750E+06  4.06300E-11
  4.69790E+06  3.87936E-11
  4.69830E+06  3.68404E-11
  4.69870E+06  3.48826E-11
  4.69910E+06  3.28790E-11
  4.69950E+06  3.07977E-11
  4.69990E+06  2.87639E-11
  4.70030E+06  2.66907E-11
  4.70070E+06  2.46863E-11
  4.70110E+06  2.27140E-11
  4.70150E+06  2.07559E-11
  4.70190E+06  1.89001E-11
  4.70230E+06  1.70984E-11
  4.70270E+06  1.54006E-11
  4.70310E+06  1.37931E-11
  4.70350E+06  1.22727E-11
  4.70390E+06  1.08670E-11
  4.70430E+06  9.53107E-12
  4.70470E+06  8.34447E-12
  4.70510E+06  7.26159E-12
  4.70550E+06  6.23508E-12
  4.70590E+06  5.36471E-12
  4.70630E+06  4.56364E-12
  4.70670E+06  3.87958E-12
  4.70710E+06  3.27705E-12
  4.70750E+06  2.72240E-12
  4.70790E+06  2.27234E-12
  4.70830E+06  1.84640E-12
  4.70870E+06  1.52348E-12
  4.70910E+06  1.24864E-12
  4.70950E+06  9.91090E-13
  4.70990E+06  8.02751E-13
  4.71030E+06  5.93302E-13
  4.71070E+06  4.76053E-13
  4.71110E+06  3.79298E-13
  4.71150E+06  2.79733E-13
  4.71190E+06  2.20333E-13
  4.71230E+06  1.34416E-13
  4.71270E+06  1.04985E-13
  4.71310E+06  8.14074E-14
  4.71350E+06  2.95902E-14
  4.71390E+06  2.28339E-14
  4.71430E+06  1.00000E-35
  4.71470E+06  1.00000E-35
  4.71510E+06  1.00000E-35
  4.71550E+06  1.00000E-35
  4.71590E+06  1.00000E-35
  4.71630E+06  1.00000E-35
  4.71670E+06  1.00000E-35
  4.71710E+06  1.00000E-35
  4.71750E+06  1.00000E-35
  4.71790E+06  1.00000E-35
  4.71830E+06  1.00000E-35
  4.71870E+06  1.00000E-35
  4.71910E+06  1.00000E-35
  4.71950E+06  1.00000E-35
  4.71990E+06  1.00000E-35
  4.72030E+06  1.00000E-35
  4.72070E+06  1.00000E-35
  4.72110E+06  1.00000E-35
  4.72150E+06  1.00000E-35
  4.72190E+06  1.00000E-35
  4.72230E+06  1.00000E-35
  4.72270E+06  1.00000E-35
  4.72310E+06  1.00000E-35
  4.72350E+06  1.00000E-35
  4.72390E+06  1.00000E-35
  4.72430E+06  1.00000E-35
  4.72470E+06  1.00000E-35
  4.72510E+06  1.00000E-35
  4.72550E+06  1.00000E-35
  4.72590E+06  1.00000E-35
  4.72630E+06  1.00000E-35
  4.72670E+06  1.00000E-35
  4.72710E+06  1.00000E-35
  4.72750E+06  1.00000E-35
  4.72790E+06  1.00000E-35
  4.72830E+06  1.00000E-35
  4.72870E+06  1.00000E-35
  4.72910E+06  1.00000E-35
  4.72950E+06  1.00000E-35
  4.72990E+06  1.00000E-35
  4.73030E+06  1.00000E-35
  4.73070E+06  1.00000E-35
  4.73110E+06  1.00000E-35
  4.73150E+06  1.00000E-35
  4.73190E+06  1.00000E-35
  4.73230E+06  1.00000E-35
  4.73270E+06  1.00000E-35
  4.73310E+06  1.00000E-35
  4.73350E+06  1.00000E-35
  4.73390E+06  1.00000E-35
  4.73430E+06  1.00000E-35
  4.73470E+06  1.00000E-35
  4.73510E+06  1.00000E-35
  4.73550E+06  1.00000E-35
  4.73590E+06  1.00000E-35
  4.73630E+06  1.00000E-35
  4.73670E+06  1.00000E-35
  4.73710E+06  1.00000E-35
  4.73750E+06  1.00000E-35
  4.73790E+06  1.00000E-35
  4.73830E+06  1.00000E-35
  4.73870E+06  1.00000E-35
  4.73910E+06  1.00000E-35
  4.73950E+06  1.00000E-35
  4.73990E+06  1.00000E-35
  4.74030E+06  1.00000E-35
  4.74070E+06  1.00000E-35
  4.74110E+06  1.00000E-35
  4.74150E+06  1.00000E-35
  4.74190E+06  1.00000E-35
  4.74230E+06  1.00000E-35
  4.74270E+06  1.00000E-35
  4.74310E+06  1.00000E-35
  4.74350E+06  1.00000E-35
