  3.70070E+06  3.84134E-12
  3.70110E+06  4.08453E-12
  3.70150E+06  4.31642E-12
  3.70190E+06  4.55060E-12
  3.70230E+06  4.77497E-12
  3.70270E+06  4.99349E-12
  3.70310E+06  5.21266E-12
  3.70350E+06  5.41928E-12
  3.70390E+06  5.63134E-12
  3.70430E+06  5.82662E-12
  3.70470E+06  6.01484E-12
  3.70510E+06  6.20335E-12
  3.70550E+06  6.37968E-12
  3.70590E+06  6.55287E-12
  3.70630E+06  6.71766E-12
  3.70670E+06  6.87673E-12
  3.70710E+06  7.03028E-12
  3.70750E+06  7.17845E-12
  3.70790E+06  7.32453E-12
  3.70830E+06  7.46301E-12
  3.70870E+06  7.59624E-12
  3.70910E+06  7.72401E-12
  3.70950E+06  7.84600E-12
  3.70990E+06  7.96178E-12
  3.71030E+06  8.07080E-12
  3.71070E+06  8.17240E-12
  3.71110E+06  8.26579E-12
  3.71150E+06  8.35014E-12
  3.71190E+06  8.42448E-12
  3.71230E+06  8.48779E-12
  3.71270E+06  8.53894E-12
  3.71310E+06  8.57678E-12
  3.71350E+06  8.60009E-12
  3.71390E+06  8.60766E-12
  3.71430E+06  8.59825E-12
  3.71470E+06  8.57067E-12
  3.71510E+06  8.52745E-12
  3.71550E+06  8.45641E-12
  3.71590E+06  8.37051E-12
  3.71630E+06  8.26274E-12
  3.71670E+06  8.13271E-12
  3.71710E+06  7.98398E-12
  3.71750E+06  7.80308E-12
  3.71790E+06  7.61630E-12
  3.71830E+06  7.40405E-12
  3.71870E+06  7.17263E-12
  3.71910E+06  6.92745E-12
  3.71950E+06  6.65944E-12
  3.71990E+06  6.38807E-12
  3.72030E+06  6.09860E-12
  3.72070E+06  5.80914E-12
  3.72110E+06  5.51929E-12
  3.72150E+06  5.22373E-12
  3.72190E+06  4.93421E-12
  3.72230E+06  4.64812E-12
  3.72270E+06  4.37505E-12
  3.72310E+06  4.11444E-12
  3.72350E+06  3.86912E-12
  3.72390E+06  3.64157E-12
  3.72430E+06  3.42546E-12
  3.72470E+06  3.24132E-12
  3.72510E+06  3.08308E-12
  3.72550E+06  2.94280E-12
  3.72590E+06  2.82908E-12
  3.72630E+06  2.72728E-12
  3.72670E+06  2.66192E-12
  3.72710E+06  2.62466E-12
  3.72750E+06  2.59664E-12
  3.72790E+06  2.59598E-12
  3.72830E+06  2.60600E-12
  3.72870E+06  2.63325E-12
  3.72910E+06  2.67171E-12
  3.72950E+06  2.71895E-12
  3.72990E+06  2.77568E-12
  3.73030E+06  2.82555E-12
  3.73070E+06  2.88759E-12
  3.73110E+06  2.95975E-12
  3.73150E+06  3.01651E-12
  3.73190E+06  3.07586E-12
  3.73230E+06  3.12463E-12
  3.73270E+06  3.17464E-12
  3.73310E+06  3.21813E-12
  3.73350E+06  3.24515E-12
  3.73390E+06  3.28433E-12
  3.73430E+06  3.30678E-12
  3.73470E+06  3.33084E-12
  3.73510E+06  3.35389E-12
  3.73550E+06  3.36838E-12
  3.73590E+06  3.39031E-12
  3.73630E+06  3.40680E-12
  3.73670E+06  3.42407E-12
  3.73710E+06  3.44699E-12
  3.73750E+06  3.46791E-12
  3.73790E+06  3.49929E-12
  3.73830E+06  3.53318E-12
  3.73870E+06  3.57259E-12
  3.73910E+06  3.61784E-12
  3.73950E+06  3.66896E-12
  3.73990E+06  3.73223E-12
  3.74030E+06  3.79629E-12
  3.74070E+06  3.86552E-12
  3.74110E+06  3.94654E-12
  3.74150E+06  4.02601E-12
  3.74190E+06  4.10867E-12
  3.74230E+06  4.19358E-12
  3.74270E+06  4.27975E-12
  3.74310E+06  4.36617E-12
  3.74350E+06  4.45185E-12
  3.74390E+06  4.54224E-12
  3.74430E+06  4.62265E-12
  3.74470E+06  4.70348E-12
  3.74510E+06  4.78769E-12
  3.74550E+06  4.86213E-12
  3.74590E+06  4.93192E-12
  3.74630E+06  4.99384E-12
  3.74670E+06  5.05382E-12
  3.74710E+06  5.11159E-12
  3.74750E+06  5.15576E-12
  3.74790E+06  5.20004E-12
  3.74830E+06  5.23513E-12
  3.74870E+06  5.26732E-12
  3.74910E+06  5.30033E-12
  3.74950E+06  5.31922E-12
  3.74990E+06  5.34812E-12
  3.75030E+06  5.35931E-12
  3.75070E+06  5.36928E-12
  3.75110E+06  5.38212E-12
  3.75150E+06  5.38576E-12
  3.75190E+06  5.38638E-12
  3.75230E+06  5.38455E-12
  3.75270E+06  5.38087E-12
  3.75310E+06  5.37597E-12
  3.75350E+06  5.37043E-12
  3.75390E+06  5.36485E-12
  3.75430E+06  5.35700E-12
  3.75470E+06  5.35369E-12
  3.75510E+06  5.35909E-12
  3.75550E+06  5.36110E-12
  3.75590E+06  5.36573E-12
  3.75630E+06  5.36764E-12
  3.75670E+06  5.37957E-12
  3.75710E+06  5.39792E-12
  3.75750E+06  5.41388E-12
  3.75790E+06  5.44195E-12
  3.75830E+06  5.46760E-12
  3.75870E+06  5.49524E-12
  3.75910E+06  5.52791E-12
  3.75950E+06  5.55605E-12
  3.75990E+06  5.58710E-12
  3.76030E+06  5.60842E-12
  3.76070E+06  5.63784E-12
  3.76110E+06  5.67435E-12
  3.76150E+06  5.69814E-12
  3.76190E+06  5.72641E-12
  3.76230E+06  5.74194E-12
  3.76270E+06  5.75151E-12
  3.76310E+06  5.75470E-12
  3.76350E+06  5.74637E-12
  3.76390E+06  5.74716E-12
  3.76430E+06  5.73167E-12
  3.76470E+06  5.71418E-12
  3.76510E+06  5.69187E-12
  3.76550E+06  5.66086E-12
  3.76590E+06  5.63335E-12
  3.76630E+06  5.60146E-12
  3.76670E+06  5.57291E-12
  3.76710E+06  5.56014E-12
  3.76750E+06  5.53706E-12
  3.76790E+06  5.52505E-12
  3.76830E+06  5.51674E-12
  3.76870E+06  5.51570E-12
  3.76910E+06  5.53014E-12
  3.76950E+06  5.54323E-12
  3.76990E+06  5.57837E-12
  3.77030E+06  5.61268E-12
  3.77070E+06  5.66352E-12
  3.77110E+06  5.72316E-12
  3.77150E+06  5.79093E-12
  3.77190E+06  5.87229E-12
  3.77230E+06  5.95513E-12
  3.77270E+06  6.04306E-12
  3.77310E+06  6.14199E-12
  3.77350E+06  6.23297E-12
  3.77390E+06  6.33438E-12
  3.77430E+06  6.42730E-12
  3.77470E+06  6.52544E-12
  3.77510E+06  6.62762E-12
  3.77550E+06  6.72024E-12
  3.77590E+06  6.81123E-12
  3.77630E+06  6.89153E-12
  3.77670E+06  6.96929E-12
  3.77710E+06  7.04771E-12
  3.77750E+06  7.11393E-12
  3.77790E+06  7.17664E-12
  3.77830E+06  7.22468E-12
  3.77870E+06  7.27314E-12
  3.77910E+06  7.31851E-12
  3.77950E+06  7.34487E-12
  3.77990E+06  7.38370E-12
  3.78030E+06  7.40590E-12
  3.78070E+06  7.42932E-12
  3.78110E+06  7.45435E-12
  3.78150E+06  7.46878E-12
  3.78190E+06  7.47856E-12
  3.78230E+06  7.48395E-12
  3.78270E+06  7.48516E-12
  3.78310E+06  7.48234E-12
  3.78350E+06  7.47557E-12
  3.78390E+06  7.46810E-12
  3.78430E+06  7.44884E-12
  3.78470E+06  7.43279E-12
  3.78510E+06  7.42362E-12
  3.78550E+06  7.40250E-12
  3.78590E+06  7.38108E-12
  3.78630E+06  7.35107E-12
  3.78670E+06  7.32121E-12
  3.78710E+06  7.29518E-12
  3.78750E+06  7.25549E-12
  3.78790E+06  7.22204E-12
  3.78830E+06  7.18018E-12
  3.78870E+06  7.13879E-12
  3.78910E+06  7.10534E-12
  3.78950E+06  7.06119E-12
  3.78990E+06  7.02151E-12
  3.79030E+06  6.96722E-12
  3.79070E+06  6.92254E-12
  3.79110E+06  6.88072E-12
  3.79150E+06  6.82873E-12
  3.79190E+06  6.79619E-12
  3.79230E+06  6.75783E-12
  3.79270E+06  6.72191E-12
  3.79310E+06  6.69296E-12
  3.79350E+06  6.65820E-12
  3.79390E+06  6.63779E-12
  3.79430E+06  6.62293E-12
  3.79470E+06  6.61434E-12
  3.79510E+06  6.61626E-12
  3.79550E+06  6.62282E-12
  3.79590E+06  6.63706E-12
  3.79630E+06  6.64773E-12
  3.79670E+06  6.67975E-12
  3.79710E+06  6.73277E-12
  3.79750E+06  6.77862E-12
  3.79790E+06  6.83653E-12
  3.79830E+06  6.89120E-12
  3.79870E+06  6.95653E-12
  3.79910E+06  7.02753E-12
  3.79950E+06  7.09159E-12
  3.79990E+06  7.16095E-12
  3.80030E+06  7.22761E-12
  3.80070E+06  7.28996E-12
  3.80110E+06  7.34639E-12
  3.80150E+06  7.39042E-12
  3.80190E+06  7.43484E-12
  3.80230E+06  7.46086E-12
  3.80270E+06  7.48248E-12
  3.80310E+06  7.49893E-12
  3.80350E+06  7.49464E-12
  3.80390E+06  7.48369E-12
  3.80430E+06  7.45175E-12
  3.80470E+06  7.41410E-12
  3.80510E+06  7.37124E-12
  3.80550E+06  7.30888E-12
  3.80590E+06  7.24225E-12
  3.80630E+06  7.15812E-12
  3.80670E+06  7.07273E-12
  3.80710E+06  6.98003E-12
  3.80750E+06  6.87890E-12
  3.80790E+06  6.77933E-12
  3.80830E+06  6.67110E-12
  3.80870E+06  6.56418E-12
  3.80910E+06  6.45973E-12
  3.80950E+06  6.34763E-12
  3.80990E+06  6.24265E-12
  3.81030E+06  6.13360E-12
  3.81070E+06  6.03382E-12
  3.81110E+06  5.93660E-12
  3.81150E+06  5.84245E-12
  3.81190E+06  5.75170E-12
  3.81230E+06  5.66451E-12
  3.81270E+06  5.58091E-12
  3.81310E+06  5.50079E-12
  3.81350E+06  5.42142E-12
  3.81390E+06  5.35436E-12
  3.81430E+06  5.27653E-12
  3.81470E+06  5.21121E-12
  3.81510E+06  5.15422E-12
  3.81550E+06  5.08999E-12
  3.81590E+06  5.02906E-12
  3.81630E+06  4.96198E-12
  3.81670E+06  4.90075E-12
  3.81710E+06  4.84117E-12
  3.81750E+06  4.77403E-12
  3.81790E+06  4.71368E-12
  3.81830E+06  4.63729E-12
  3.81870E+06  4.56859E-12
  3.81910E+06  4.50410E-12
  3.81950E+06  4.42674E-12
  3.81990E+06  4.35693E-12
  3.82030E+06  4.28077E-12
  3.82070E+06  4.20799E-12
  3.82110E+06  4.15073E-12
  3.82150E+06  4.07785E-12
  3.82190E+06  4.02179E-12
  3.82230E+06  3.96626E-12
  3.82270E+06  3.92164E-12
  3.82310E+06  3.88955E-12
  3.82350E+06  3.86521E-12
  3.82390E+06  3.85282E-12
  3.82430E+06  3.85072E-12
  3.82470E+06  3.86612E-12
  3.82510E+06  3.89967E-12
  3.82550E+06  3.94544E-12
  3.82590E+06  4.00627E-12
  3.82630E+06  4.07059E-12
  3.82670E+06  4.16289E-12
  3.82710E+06  4.27492E-12
  3.82750E+06  4.39045E-12
  3.82790E+06  4.52229E-12
  3.82830E+06  4.65718E-12
  3.82870E+06  4.80186E-12
  3.82910E+06  4.95049E-12
  3.82950E+06  5.10073E-12
  3.82990E+06  5.25976E-12
  3.83030E+06  5.40868E-12
  3.83070E+06  5.55245E-12
  3.83110E+06  5.69244E-12
  3.83150E+06  5.81775E-12
  3.83190E+06  5.93474E-12
  3.83230E+06  6.03287E-12
  3.83270E+06  6.12329E-12
  3.83310E+06  6.20126E-12
  3.83350E+06  6.25730E-12
  3.83390E+06  6.30896E-12
  3.83430E+06  6.33096E-12
  3.83470E+06  6.34368E-12
  3.83510E+06  6.34425E-12
  3.83550E+06  6.32504E-12
  3.83590E+06  6.29896E-12
  3.83630E+06  6.25897E-12
  3.83670E+06  6.20932E-12
  3.83710E+06  6.15929E-12
  3.83750E+06  6.09587E-12
  3.83790E+06  6.03545E-12
  3.83830E+06  5.96854E-12
  3.83870E+06  5.90582E-12
  3.83910E+06  5.84907E-12
  3.83950E+06  5.79358E-12
  3.83990E+06  5.74673E-12
  3.84030E+06  5.70411E-12
  3.84070E+06  5.66896E-12
  3.84110E+06  5.64546E-12
  3.84150E+06  5.62752E-12
  3.84190E+06  5.61792E-12
  3.84230E+06  5.61630E-12
  3.84270E+06  5.62209E-12
  3.84310E+06  5.64180E-12
  3.84350E+06  5.65701E-12
  3.84390E+06  5.68970E-12
  3.84430E+06  5.71573E-12
  3.84470E+06  5.75149E-12
  3.84510E+06  5.79950E-12
  3.84550E+06  5.83985E-12
  3.84590E+06  5.88639E-12
  3.84630E+06  5.92439E-12
  3.84670E+06  5.96425E-12
  3.84710E+06  6.00162E-12
  3.84750E+06  6.03102E-12
  3.84790E+06  6.06302E-12
  3.84830E+06  6.08531E-12
  3.84870E+06  6.11034E-12
  3.84910E+06  6.13448E-12
  3.84950E+06  6.14916E-12
  3.84990E+06  6.16615E-12
  3.85030E+06  6.16589E-12
  3.85070E+06  6.17644E-12
  3.85110E+06  6.19105E-12
  3.85150E+06  6.19531E-12
  3.85190E+06  6.20413E-12
  3.85230E+06  6.20654E-12
  3.85270E+06  6.21176E-12
  3.85310E+06  6.21647E-12
  3.85350E+06  6.22087E-12
  3.85390E+06  6.22820E-12
  3.85430E+06  6.23004E-12
  3.85470E+06  6.23484E-12
  3.85510E+06  6.24219E-12
  3.85550E+06  6.24524E-12
  3.85590E+06  6.25258E-12
  3.85630E+06  6.24686E-12
  3.85670E+06  6.24484E-12
  3.85710E+06  6.23848E-12
  3.85750E+06  6.22462E-12
  3.85790E+06  6.21135E-12
  3.85830E+06  6.18944E-12
  3.85870E+06  6.16095E-12
  3.85910E+06  6.12930E-12
  3.85950E+06  6.08074E-12
  3.85990E+06  6.03791E-12
  3.86030E+06  5.98323E-12
  3.86070E+06  5.92596E-12
  3.86110E+06  5.86677E-12
  3.86150E+06  5.80015E-12
  3.86190E+06  5.73299E-12
  3.86230E+06  5.65790E-12
  3.86270E+06  5.58458E-12
  3.86310E+06  5.51028E-12
  3.86350E+06  5.42852E-12
  3.86390E+06  5.35658E-12
  3.86430E+06  5.28278E-12
  3.86470E+06  5.21400E-12
  3.86510E+06  5.15439E-12
  3.86550E+06  5.08929E-12
  3.86590E+06  5.03648E-12
  3.86630E+06  4.97630E-12
  3.86670E+06  4.92630E-12
  3.86710E+06  4.88279E-12
  3.86750E+06  4.83696E-12
  3.86790E+06  4.80018E-12
  3.86830E+06  4.76075E-12
  3.86870E+06  4.72723E-12
  3.86910E+06  4.69942E-12
  3.86950E+06  4.66841E-12
  3.86990E+06  4.64235E-12
  3.87030E+06  4.61509E-12
  3.87070E+06  4.59283E-12
  3.87110E+06  4.58654E-12
  3.87150E+06  4.57116E-12
  3.87190E+06  4.56452E-12
  3.87230E+06  4.55027E-12
  3.87270E+06  4.54621E-12
  3.87310E+06  4.54541E-12
  3.87350E+06  4.54334E-12
  3.87390E+06  4.55458E-12
  3.87430E+06  4.55918E-12
  3.87470E+06  4.57885E-12
  3.87510E+06  4.61032E-12
  3.87550E+06  4.63641E-12
  3.87590E+06  4.68042E-12
  3.87630E+06  4.72515E-12
  3.87670E+06  4.77562E-12
  3.87710E+06  4.84278E-12
  3.87750E+06  4.90766E-12
  3.87790E+06  4.98815E-12
  3.87830E+06  5.06469E-12
  3.87870E+06  5.15063E-12
  3.87910E+06  5.24556E-12
  3.87950E+06  5.34032E-12
  3.87990E+06  5.44268E-12
  3.88030E+06  5.54326E-12
  3.88070E+06  5.65404E-12
  3.88110E+06  5.78175E-12
  3.88150E+06  5.89827E-12
  3.88190E+06  6.02625E-12
  3.88230E+06  6.15103E-12
  3.88270E+06  6.27709E-12
  3.88310E+06  6.40762E-12
  3.88350E+06  6.53345E-12
  3.88390E+06  6.66886E-12
  3.88430E+06  6.79644E-12
  3.88470E+06  6.92700E-12
  3.88510E+06  7.06012E-12
  3.88550E+06  7.18419E-12
  3.88590E+06  7.32217E-12
  3.88630E+06  7.45076E-12
  3.88670E+06  7.57685E-12
  3.88710E+06  7.71095E-12
  3.88750E+06  7.83120E-12
  3.88790E+06  7.95424E-12
  3.88830E+06  8.06801E-12
  3.88870E+06  8.18071E-12
  3.88910E+06  8.29910E-12
  3.88950E+06  8.40136E-12
  3.88990E+06  8.50417E-12
  3.89030E+06  8.59562E-12
  3.89070E+06  8.68408E-12
  3.89110E+06  8.77292E-12
  3.89150E+06  8.84693E-12
  3.89190E+06  8.92032E-12
  3.89230E+06  8.98436E-12
  3.89270E+06  9.04155E-12
  3.89310E+06  9.09198E-12
  3.89350E+06  9.13576E-12
  3.89390E+06  9.18263E-12
  3.89430E+06  9.21067E-12
  3.89470E+06  9.24004E-12
  3.89510E+06  9.26729E-12
  3.89550E+06  9.28142E-12
  3.89590E+06  9.29958E-12
  3.89630E+06  9.30712E-12
  3.89670E+06  9.31279E-12
  3.89710E+06  9.32018E-12
  3.89750E+06  9.31410E-12
  3.89790E+06  9.31509E-12
  3.89830E+06  9.30040E-12
  3.89870E+06  9.28345E-12
  3.89910E+06  9.26030E-12
  3.89950E+06  9.23064E-12
  3.89990E+06  9.19739E-12
  3.90030E+06  9.14355E-12
  3.90070E+06  9.09658E-12
  3.90110E+06  9.04549E-12
  3.90150E+06  8.97920E-12
  3.90190E+06  8.91817E-12
  3.90230E+06  8.84540E-12
  3.90270E+06  8.76631E-12
  3.90310E+06  8.68150E-12
  3.90350E+06  8.58918E-12
  3.90390E+06  8.49556E-12
  3.90430E+06  8.39256E-12
  3.90470E+06  8.29350E-12
  3.90510E+06  8.19914E-12
  3.90550E+06  8.09275E-12
  3.90590E+06  7.99482E-12
  3.90630E+06  7.88560E-12
  3.90670E+06  7.78693E-12
  3.90710E+06  7.68822E-12
  3.90750E+06  7.58234E-12
  3.90790E+06  7.49229E-12
  3.90830E+06  7.39468E-12
  3.90870E+06  7.30064E-12
  3.90910E+06  7.20997E-12
  3.90950E+06  7.11612E-12
  3.90990E+06  7.02159E-12
  3.91030E+06  6.91476E-12
  3.91070E+06  6.82047E-12
  3.91110E+06  6.72383E-12
  3.91150E+06  6.61976E-12
  3.91190E+06  6.52235E-12
  3.91230E+06  6.41689E-12
  3.91270E+06  6.31224E-12
  3.91310E+06  6.20860E-12
  3.91350E+06  6.09506E-12
  3.91390E+06  5.98905E-12
  3.91430E+06  5.87632E-12
  3.91470E+06  5.76618E-12
  3.91510E+06  5.65921E-12
  3.91550E+06  5.54236E-12
  3.91590E+06  5.43876E-12
  3.91630E+06  5.32547E-12
  3.91670E+06  5.22443E-12
  3.91710E+06  5.12526E-12
  3.91750E+06  5.02597E-12
  3.91790E+06  4.93890E-12
  3.91830E+06  4.84177E-12
  3.91870E+06  4.75865E-12
  3.91910E+06  4.67884E-12
  3.91950E+06  4.60007E-12
  3.91990E+06  4.52796E-12
  3.92030E+06  4.45374E-12
  3.92070E+06  4.39001E-12
  3.92110E+06  4.34044E-12
  3.92150E+06  4.28379E-12
  3.92190E+06  4.23724E-12
  3.92230E+06  4.19218E-12
  3.92270E+06  4.15114E-12
  3.92310E+06  4.11785E-12
  3.92350E+06  4.07869E-12
  3.92390E+06  4.06270E-12
  3.92430E+06  4.04113E-12
  3.92470E+06  4.02782E-12
  3.92510E+06  4.01931E-12
  3.92550E+06  4.01327E-12
  3.92590E+06  4.01852E-12
  3.92630E+06  4.02081E-12
  3.92670E+06  4.03524E-12
  3.92710E+06  4.05451E-12
  3.92750E+06  4.07122E-12
  3.92790E+06  4.11464E-12
  3.92830E+06  4.15316E-12
  3.92870E+06  4.19658E-12
  3.92910E+06  4.24481E-12
  3.92950E+06  4.29523E-12
  3.92990E+06  4.35309E-12
  3.93030E+06  4.41206E-12
  3.93070E+06  4.47806E-12
  3.93110E+06  4.55063E-12
  3.93150E+06  4.61804E-12
  3.93190E+06  4.69351E-12
  3.93230E+06  4.76995E-12
  3.93270E+06  4.84661E-12
  3.93310E+06  4.92264E-12
  3.93350E+06  4.99707E-12
  3.93390E+06  5.07531E-12
  3.93430E+06  5.13969E-12
  3.93470E+06  5.20666E-12
  3.93510E+06  5.26788E-12
  3.93550E+06  5.31989E-12
  3.93590E+06  5.36720E-12
  3.93630E+06  5.40570E-12
  3.93670E+06  5.43452E-12
  3.93710E+06  5.46391E-12
  3.93750E+06  5.46955E-12
  3.93790E+06  5.47371E-12
  3.93830E+06  5.46151E-12
  3.93870E+06  5.44174E-12
  3.93910E+06  5.41097E-12
  3.93950E+06  5.36961E-12
  3.93990E+06  5.32786E-12
  3.94030E+06  5.27004E-12
  3.94070E+06  5.20451E-12
  3.94110E+06  5.13976E-12
  3.94150E+06  5.06207E-12
  3.94190E+06  4.98722E-12
  3.94230E+06  4.90528E-12
  3.94270E+06  4.82666E-12
  3.94310E+06  4.74936E-12
  3.94350E+06  4.67259E-12
  3.94390E+06  4.60664E-12
  3.94430E+06  4.54151E-12
  3.94470E+06  4.48736E-12
  3.94510E+06  4.44542E-12
  3.94550E+06  4.40798E-12
  3.94590E+06  4.39060E-12
  3.94630E+06  4.37968E-12
  3.94670E+06  4.38045E-12
  3.94710E+06  4.40765E-12
  3.94750E+06  4.43107E-12
  3.94790E+06  4.47901E-12
  3.94830E+06  4.53355E-12
  3.94870E+06  4.59886E-12
  3.94910E+06  4.68500E-12
  3.94950E+06  4.77206E-12
  3.94990E+06  4.87057E-12
  3.95030E+06  4.96538E-12
  3.95070E+06  5.07665E-12
  3.95110E+06  5.19589E-12
  3.95150E+06  5.31331E-12
  3.95190E+06  5.44586E-12
  3.95230E+06  5.57021E-12
  3.95270E+06  5.69933E-12
  3.95310E+06  5.84004E-12
  3.95350E+06  5.96576E-12
  3.95390E+06  6.12053E-12
  3.95430E+06  6.26193E-12
  3.95470E+06  6.40498E-12
  3.95510E+06  6.57576E-12
  3.95550E+06  6.72840E-12
  3.95590E+06  6.93382E-12
  3.95630E+06  7.11301E-12
  3.95670E+06  7.30164E-12
  3.95710E+06  7.60379E-12
  3.95750E+06  7.83572E-12
  3.95790E+06  8.12650E-12
  3.95830E+06  8.42233E-12
  3.95870E+06  8.74606E-12
  3.95910E+06  9.10467E-12
  3.95950E+06  9.49524E-12
  3.95990E+06  9.92718E-12
  3.96030E+06  1.03955E-11
  3.96070E+06  1.09123E-11
  3.96110E+06  1.14766E-11
  3.96150E+06  1.20912E-11
  3.96190E+06  1.27644E-11
  3.96230E+06  1.34866E-11
  3.96270E+06  1.42630E-11
  3.96310E+06  1.50931E-11
  3.96350E+06  1.59700E-11
  3.96390E+06  1.69076E-11
  3.96430E+06  1.78837E-11
  3.96470E+06  1.88965E-11
  3.96510E+06  1.99524E-11
  3.96550E+06  2.10162E-11
  3.96590E+06  2.21004E-11
  3.96630E+06  2.31614E-11
  3.96670E+06  2.42137E-11
  3.96710E+06  2.52383E-11
  3.96750E+06  2.62043E-11
  3.96790E+06  2.71070E-11
  3.96830E+06  2.79271E-11
  3.96870E+06  2.86496E-11
  3.96910E+06  2.92607E-11
  3.96950E+06  2.97405E-11
  3.96990E+06  3.00955E-11
  3.97030E+06  3.03026E-11
  3.97070E+06  3.03694E-11
  3.97110E+06  3.02904E-11
  3.97150E+06  3.00576E-11
  3.97190E+06  2.96933E-11
  3.97230E+06  2.91845E-11
  3.97270E+06  2.85482E-11
  3.97310E+06  2.78036E-11
  3.97350E+06  2.69496E-11
  3.97390E+06  2.60127E-11
  3.97430E+06  2.50031E-11
  3.97470E+06  2.39439E-11
  3.97510E+06  2.28555E-11
  3.97550E+06  2.17367E-11
  3.97590E+06  2.06225E-11
  3.97630E+06  1.95040E-11
  3.97670E+06  1.84213E-11
  3.97710E+06  1.73744E-11
  3.97750E+06  1.63611E-11
  3.97790E+06  1.54086E-11
  3.97830E+06  1.44966E-11
  3.97870E+06  1.36523E-11
  3.97910E+06  1.28741E-11
  3.97950E+06  1.21476E-11
  3.97990E+06  1.14897E-11
  3.98030E+06  1.08821E-11
  3.98070E+06  1.03337E-11
  3.98110E+06  9.84163E-12
  3.98150E+06  9.38930E-12
  3.98190E+06  8.99913E-12
  3.98230E+06  8.63885E-12
  3.98270E+06  8.32908E-12
  3.98310E+06  8.05951E-12
  3.98350E+06  7.80628E-12
  3.98390E+06  7.60575E-12
  3.98430E+06  7.41110E-12
  3.98470E+06  7.26667E-12
  3.98510E+06  7.15218E-12
  3.98550E+06  7.01888E-12
  3.98590E+06  6.95089E-12
  3.98630E+06  6.81763E-12
  3.98670E+06  6.79654E-12
  3.98710E+06  6.79170E-12
  3.98750E+06  6.77022E-12
  3.98790E+06  6.78736E-12
  3.98830E+06  6.80292E-12
  3.98870E+06  6.82723E-12
  3.98910E+06  6.87406E-12
  3.98950E+06  6.90862E-12
  3.98990E+06  7.00429E-12
  3.99030E+06  7.06411E-12
  3.99070E+06  7.12977E-12
  3.99110E+06  7.38496E-12
  3.99150E+06  7.51228E-12
  3.99190E+06  8.11983E-12
  3.99230E+06  8.43413E-12
  3.99270E+06  8.81192E-12
  3.99310E+06  1.05136E-11
  3.99350E+06  1.14209E-11
  3.99390E+06  1.44112E-11
  3.99430E+06  1.63107E-11
  3.99470E+06  1.86445E-11
  3.99510E+06  2.27200E-11
  3.99550E+06  2.64816E-11
  3.99590E+06  3.11887E-11
  3.99630E+06  3.66349E-11
  3.99670E+06  4.30893E-11
  3.99710E+06  5.07300E-11
  3.99750E+06  5.95852E-11
  3.99790E+06  6.98442E-11
  3.99830E+06  8.16026E-11
  3.99870E+06  9.49858E-11
  3.99910E+06  1.10122E-10
  3.99950E+06  1.27038E-10
  3.99990E+06  1.45809E-10
  4.00030E+06  1.66452E-10
  4.00070E+06  1.88953E-10
  4.00110E+06  2.13271E-10
  4.00150E+06  2.39250E-10
  4.00190E+06  2.66772E-10
  4.00230E+06  2.95597E-10
  4.00270E+06  3.25479E-10
  4.00310E+06  3.56101E-10
  4.00350E+06  3.87087E-10
  4.00390E+06  4.18047E-10
  4.00430E+06  4.48519E-10
  4.00470E+06  4.78059E-10
  4.00510E+06  5.06192E-10
  4.00550E+06  5.32419E-10
  4.00590E+06  5.56296E-10
  4.00630E+06  5.77364E-10
  4.00670E+06  5.95236E-10
  4.00710E+06  6.09571E-10
  4.00750E+06  6.20060E-10
  4.00790E+06  6.26530E-10
  4.00830E+06  6.28808E-10
  4.00870E+06  6.26875E-10
  4.00910E+06  6.20774E-10
  4.00950E+06  6.10607E-10
  4.00990E+06  5.96628E-10
  4.01030E+06  5.79059E-10
  4.01070E+06  5.58272E-10
  4.01110E+06  5.34670E-10
  4.01150E+06  5.08676E-10
  4.01190E+06  4.80774E-10
  4.01230E+06  4.51431E-10
  4.01270E+06  4.21137E-10
  4.01310E+06  3.90368E-10
  4.01350E+06  3.59542E-10
  4.01390E+06  3.29085E-10
  4.01430E+06  2.99356E-10
  4.01470E+06  2.70687E-10
  4.01510E+06  2.43346E-10
  4.01550E+06  2.17534E-10
  4.01590E+06  1.93422E-10
  4.01630E+06  1.71111E-10
  4.01670E+06  1.50675E-10
  4.01710E+06  1.32134E-10
  4.01750E+06  1.15445E-10
  4.01790E+06  1.00570E-10
  4.01830E+06  8.74092E-11
  4.01870E+06  7.58909E-11
  4.01910E+06  6.58831E-11
  4.01950E+06  5.72102E-11
  4.01990E+06  4.98457E-11
  4.02030E+06  4.34448E-11
  4.02070E+06  3.81991E-11
  4.02110E+06  3.38013E-11
  4.02150E+06  2.97887E-11
  4.02190E+06  2.68326E-11
  4.02230E+06  2.34238E-11
  4.02270E+06  2.16219E-11
  4.02310E+06  2.01196E-11
  4.02350E+06  1.74218E-11
  4.02390E+06  1.67078E-11
  4.02430E+06  1.51053E-11
  4.02470E+06  1.47451E-11
  4.02510E+06  1.43875E-11
  4.02550E+06  1.38773E-11
  4.02590E+06  1.35318E-11
  4.02630E+06  1.31205E-11
  4.02670E+06  1.27522E-11
  4.02710E+06  1.23795E-11
  4.02750E+06  1.19818E-11
  4.02790E+06  1.15997E-11
  4.02830E+06  1.11939E-11
  4.02870E+06  1.08213E-11
  4.02910E+06  1.04646E-11
  4.02950E+06  1.01151E-11
  4.02990E+06  9.78549E-12
  4.03030E+06  9.45642E-12
  4.03070E+06  9.17079E-12
  4.03110E+06  8.91250E-12
  4.03150E+06  8.67200E-12
  4.03190E+06  8.46734E-12
  4.03230E+06  8.28147E-12
  4.03270E+06  8.12934E-12
  4.03310E+06  8.01403E-12
  4.03350E+06  7.90830E-12
  4.03390E+06  7.84208E-12
  4.03430E+06  7.78458E-12
  4.03470E+06  7.75758E-12
  4.03510E+06  7.74786E-12
  4.03550E+06  7.74803E-12
  4.03590E+06  7.77290E-12
  4.03630E+06  7.79400E-12
  4.03670E+06  7.83246E-12
  4.03710E+06  7.87476E-12
  4.03750E+06  7.90614E-12
  4.03790E+06  7.95173E-12
  4.03830E+06  7.98496E-12
  4.03870E+06  8.02284E-12
  4.03910E+06  8.06743E-12
  4.03950E+06  8.07022E-12
  4.03990E+06  8.10067E-12
  4.04030E+06  8.10739E-12
  4.04070E+06  8.11023E-12
  4.04110E+06  8.10205E-12
  4.04150E+06  8.08080E-12
  4.04190E+06  8.06218E-12
  4.04230E+06  8.01609E-12
  4.04270E+06  7.97608E-12
  4.04310E+06  7.92868E-12
  4.04350E+06  7.87517E-12
  4.04390E+06  7.82326E-12
  4.04430E+06  7.75763E-12
  4.04470E+06  7.69706E-12
  4.04510E+06  7.64647E-12
  4.04550E+06  7.58826E-12
  4.04590E+06  7.53201E-12
  4.04630E+06  7.47030E-12
  4.04670E+06  7.42289E-12
  4.04710E+06  7.38323E-12
  4.04750E+06  7.34570E-12
  4.04790E+06  7.32320E-12
  4.04830E+06  7.29678E-12
  4.04870E+06  7.28028E-12
  4.04910E+06  7.27005E-12
  4.04950E+06  7.25856E-12
  4.04990E+06  7.26516E-12
  4.05030E+06  7.27431E-12
  4.05070E+06  7.28783E-12
  4.05110E+06  7.30496E-12
  4.05150E+06  7.32228E-12
  4.05190E+06  7.34742E-12
  4.05230E+06  7.36771E-12
  4.05270E+06  7.39067E-12
  4.05310E+06  7.41503E-12
  4.05350E+06  7.42587E-12
  4.05390E+06  7.44767E-12
  4.05430E+06  7.45029E-12
  4.05470E+06  7.45649E-12
  4.05510E+06  7.51318E-12
  4.05550E+06  7.51460E-12
  4.05590E+06  7.63268E-12
  4.05630E+06  7.65907E-12
  4.05670E+06  7.69708E-12
  4.05710E+06  8.09110E-12
  4.05750E+06  8.24774E-12
  4.05790E+06  9.14947E-12
  4.05830E+06  9.60575E-12
  4.05870E+06  1.01853E-11
  4.05910E+06  1.15762E-11
  4.05950E+06  1.26572E-11
  4.05990E+06  1.41149E-11
  4.06030E+06  1.57656E-11
  4.06070E+06  1.77596E-11
  4.06110E+06  2.01750E-11
  4.06150E+06  2.30035E-11
  4.06190E+06  2.63405E-11
  4.06230E+06  3.02035E-11
  4.06270E+06  3.46706E-11
  4.06310E+06  3.97907E-11
  4.06350E+06  4.55730E-11
  4.06390E+06  5.20807E-11
  4.06430E+06  5.93115E-11
  4.06470E+06  6.72803E-11
  4.06510E+06  7.59983E-11
  4.06550E+06  8.54044E-11
  4.06590E+06  9.54966E-11
  4.06630E+06  1.06178E-10
  4.06670E+06  1.17376E-10
  4.06710E+06  1.28999E-10
  4.06750E+06  1.40901E-10
  4.06790E+06  1.52965E-10
  4.06830E+06  1.64992E-10
  4.06870E+06  1.76849E-10
  4.06910E+06  1.88348E-10
  4.06950E+06  1.99280E-10
  4.06990E+06  2.09498E-10
  4.07030E+06  2.18785E-10
  4.07070E+06  2.26984E-10
  4.07110E+06  2.33968E-10
  4.07150E+06  2.39552E-10
  4.07190E+06  2.43675E-10
  4.07230E+06  2.46234E-10
  4.07270E+06  2.47187E-10
  4.07310E+06  2.46533E-10
  4.07350E+06  2.44267E-10
  4.07390E+06  2.40465E-10
  4.07430E+06  2.35188E-10
  4.07470E+06  2.28571E-10
  4.07510E+06  2.20740E-10
  4.07550E+06  2.11845E-10
  4.07590E+06  2.02066E-10
  4.07630E+06  1.91568E-10
  4.07670E+06  1.80546E-10
  4.07710E+06  1.69182E-10
  4.07750E+06  1.57641E-10
  4.07790E+06  1.46110E-10
  4.07830E+06  1.34727E-10
  4.07870E+06  1.23630E-10
  4.07910E+06  1.12944E-10
  4.07950E+06  1.02750E-10
  4.07990E+06  9.31402E-11
  4.08030E+06  8.41570E-11
  4.08070E+06  7.58406E-11
  4.08110E+06  6.82124E-11
  4.08150E+06  6.12649E-11
  4.08190E+06  5.49936E-11
  4.08230E+06  4.93680E-11
  4.08270E+06  4.43607E-11
  4.08310E+06  3.99269E-11
  4.08350E+06  3.60161E-11
  4.08390E+06  3.26135E-11
  4.08430E+06  2.95799E-11
  4.08470E+06  2.69850E-11
  4.08510E+06  2.47311E-11
  4.08550E+06  2.26741E-11
  4.08590E+06  2.09779E-11
  4.08630E+06  1.92247E-11
  4.08670E+06  1.79818E-11
  4.08710E+06  1.68879E-11
  4.08750E+06  1.53687E-11
  4.08790E+06  1.46156E-11
  4.08830E+06  1.34057E-11
  4.08870E+06  1.28862E-11
  4.08910E+06  1.23947E-11
  4.08950E+06  1.18227E-11
  4.08990E+06  1.14013E-11
  4.09030E+06  1.09743E-11
  4.09070E+06  1.06036E-11
  4.09110E+06  1.02768E-11
  4.09150E+06  9.95475E-12
  4.09190E+06  9.68125E-12
  4.09230E+06  9.42212E-12
  4.09270E+06  9.20778E-12
  4.09310E+06  9.03441E-12
  4.09350E+06  8.87514E-12
  4.09390E+06  8.75384E-12
  4.09430E+06  8.64534E-12
  4.09470E+06  8.57931E-12
  4.09510E+06  8.55010E-12
  4.09550E+06  8.51817E-12
  4.09590E+06  8.52644E-12
  4.09630E+06  8.53727E-12
  4.09670E+06  8.57225E-12
  4.09710E+06  8.62196E-12
  4.09750E+06  8.66580E-12
  4.09790E+06  8.73859E-12
  4.09830E+06  8.80319E-12
  4.09870E+06  8.88194E-12
  4.09910E+06  8.96988E-12
  4.09950E+06  9.04106E-12
  4.09990E+06  9.13405E-12
  4.10030E+06  9.20141E-12
  4.10070E+06  9.29154E-12
  4.10110E+06  9.38941E-12
  4.10150E+06  9.46849E-12
  4.10190E+06  9.55665E-12
  4.10230E+06  9.63006E-12
  4.10270E+06  9.70973E-12
  4.10310E+06  9.79168E-12
  4.10350E+06  9.86049E-12
  4.10390E+06  9.93006E-12
  4.10430E+06  9.98836E-12
  4.10470E+06  1.00436E-11
  4.10510E+06  1.00952E-11
  4.10550E+06  1.01313E-11
  4.10590E+06  1.01717E-11
  4.10630E+06  1.01956E-11
  4.10670E+06  1.02138E-11
  4.10710E+06  1.02224E-11
  4.10750E+06  1.02186E-11
  4.10790E+06  1.02109E-11
  4.10830E+06  1.01849E-11
  4.10870E+06  1.01557E-11
  4.10910E+06  1.01269E-11
  4.10950E+06  1.00751E-11
  4.10990E+06  1.00233E-11
  4.11030E+06  9.95704E-12
  4.11070E+06  9.88554E-12
  4.11110E+06  9.80925E-12
  4.11150E+06  9.72231E-12
  4.11190E+06  9.63441E-12
  4.11230E+06  9.53501E-12
  4.11270E+06  9.42949E-12
  4.11310E+06  9.32563E-12
  4.11350E+06  9.19418E-12
  4.11390E+06  9.08945E-12
  4.11430E+06  8.96767E-12
  4.11470E+06  8.84970E-12
  4.11510E+06  8.73280E-12
  4.11550E+06  8.61170E-12
  4.11590E+06  8.49020E-12
  4.11630E+06  8.36087E-12
  4.11670E+06  8.24360E-12
  4.11710E+06  8.12845E-12
  4.11750E+06  8.01645E-12
  4.11790E+06  7.91494E-12
  4.11830E+06  7.80817E-12
  4.11870E+06  7.71440E-12
  4.11910E+06  7.63428E-12
  4.11950E+06  7.55331E-12
  4.11990E+06  7.48615E-12
  4.12030E+06  7.41020E-12
  4.12070E+06  7.35936E-12
  4.12110E+06  7.32246E-12
  4.12150E+06  7.28170E-12
  4.12190E+06  7.25637E-12
  4.12230E+06  7.22542E-12
  4.12270E+06  7.20934E-12
  4.12310E+06  7.19620E-12
  4.12350E+06  7.18494E-12
  4.12390E+06  7.17763E-12
  4.12430E+06  7.15635E-12
  4.12470E+06  7.14757E-12
  4.12510E+06  7.13564E-12
  4.12550E+06  7.11470E-12
  4.12590E+06  7.09815E-12
  4.12630E+06  7.07058E-12
  4.12670E+06  7.04023E-12
  4.12710E+06  7.03980E-12
  4.12750E+06  7.00158E-12
  4.12790E+06  7.06156E-12
  4.12830E+06  7.04436E-12
  4.12870E+06  7.03836E-12
  4.12910E+06  7.43530E-12
  4.12950E+06  7.55745E-12
  4.12990E+06  8.86342E-12
  4.13030E+06  9.41856E-12
  4.13070E+06  1.01351E-11
  4.13110E+06  1.48469E-11
  4.13150E+06  1.70849E-11
  4.13190E+06  2.73365E-11
  4.13230E+06  3.29953E-11
  4.13270E+06  3.99921E-11
  4.13310E+06  6.49841E-11
  4.13350E+06  8.02520E-11
  4.13390E+06  1.05539E-10
  4.13430E+06  1.30115E-10
  4.13470E+06  1.59772E-10
  4.13510E+06  1.96449E-10
  4.13550E+06  2.38970E-10
  4.13590E+06  2.89504E-10
  4.13630E+06  3.48297E-10
  4.13670E+06  4.16550E-10
  4.13710E+06  4.95265E-10
  4.13750E+06  5.85070E-10
  4.13790E+06  6.86866E-10
  4.13830E+06  8.01145E-10
  4.13870E+06  9.28420E-10
  4.13910E+06  1.06895E-09
  4.13950E+06  1.22265E-09
  4.13990E+06  1.38930E-09
  4.14030E+06  1.56817E-09
  4.14070E+06  1.75832E-09
  4.14110E+06  1.95846E-09
  4.14150E+06  2.16675E-09
  4.14190E+06  2.38125E-09
  4.14230E+06  2.59934E-09
  4.14270E+06  2.81835E-09
  4.14310E+06  3.03537E-09
  4.14350E+06  3.24697E-09
  4.14390E+06  3.45000E-09
  4.14430E+06  3.64091E-09
  4.14470E+06  3.81642E-09
  4.14510E+06  3.97353E-09
  4.14550E+06  4.10899E-09
  4.14590E+06  4.22048E-09
  4.14630E+06  4.30557E-09
  4.14670E+06  4.36269E-09
  4.14710E+06  4.39081E-09
  4.14750E+06  4.38919E-09
  4.14790E+06  4.35808E-09
  4.14830E+06  4.29800E-09
  4.14870E+06  4.21027E-09
  4.14910E+06  4.09682E-09
  4.14950E+06  3.95971E-09
  4.14990E+06  3.80182E-09
  4.15030E+06  3.62603E-09
  4.15070E+06  3.43565E-09
  4.15110E+06  3.23407E-09
  4.15150E+06  3.02464E-09
  4.15190E+06  2.81077E-09
  4.15230E+06  2.59558E-09
  4.15270E+06  2.38208E-09
  4.15310E+06  2.17298E-09
  4.15350E+06  1.97060E-09
  4.15390E+06  1.77698E-09
  4.15430E+06  1.59372E-09
  4.15470E+06  1.42207E-09
  4.15510E+06  1.26291E-09
  4.15550E+06  1.11672E-09
  4.15590E+06  9.83731E-10
  4.15630E+06  8.63769E-10
  4.15670E+06  7.56578E-10
  4.15710E+06  6.61590E-10
  4.15750E+06  5.78002E-10
  4.15790E+06  5.05202E-10
  4.15830E+06  4.41837E-10
  4.15870E+06  3.87675E-10
  4.15910E+06  3.41396E-10
  4.15950E+06  3.01167E-10
  4.15990E+06  2.68080E-10
  4.16030E+06  2.37208E-10
  4.16070E+06  2.14349E-10
  4.16110E+06  1.95055E-10
  4.16150E+06  1.72997E-10
  4.16190E+06  1.60484E-10
  4.16230E+06  1.37055E-10
  4.16270E+06  1.30583E-10
  4.16310E+06  1.24551E-10
  4.16350E+06  1.13778E-10
  4.16390E+06  1.09585E-10
  4.16430E+06  1.04437E-10
  4.16470E+06  1.00369E-10
  4.16510E+06  9.62751E-11
  4.16550E+06  9.18473E-11
  4.16590E+06  8.78070E-11
  4.16630E+06  8.37009E-11
  4.16670E+06  7.97710E-11
  4.16710E+06  7.59376E-11
  4.16750E+06  7.21657E-11
  4.16790E+06  6.86153E-11
  4.16830E+06  6.51741E-11
  4.16870E+06  6.19362E-11
  4.16910E+06  5.88895E-11
  4.16950E+06  5.59706E-11
  4.16990E+06  5.33175E-11
  4.17030E+06  5.07714E-11
  4.17070E+06  4.84744E-11
  4.17110E+06  4.63732E-11
  4.17150E+06  4.43377E-11
  4.17190E+06  4.25674E-11
  4.17230E+06  4.08356E-11
  4.17270E+06  3.93500E-11
  4.17310E+06  3.79948E-11
  4.17350E+06  3.66644E-11
  4.17390E+06  3.55397E-11
  4.17430E+06  3.43572E-11
  4.17470E+06  3.34142E-11
  4.17510E+06  3.25697E-11
  4.17550E+06  3.16596E-11
  4.17590E+06  3.09847E-11
  4.17630E+06  3.02416E-11
  4.17670E+06  2.96550E-11
  4.17710E+06  2.92472E-11
  4.17750E+06  2.87245E-11
  4.17790E+06  2.83957E-11
  4.17830E+06  2.79936E-11
  4.17870E+06  2.77689E-11
  4.17910E+06  2.76053E-11
  4.17950E+06  2.74531E-11
  4.17990E+06  2.74536E-11
  4.18030E+06  2.74818E-11
  4.18070E+06  2.76229E-11
  4.18110E+06  2.78768E-11
  4.18150E+06  2.81487E-11
  4.18190E+06  2.85555E-11
  4.18230E+06  2.90200E-11
  4.18270E+06  2.95877E-11
  4.18310E+06  3.02538E-11
  4.18350E+06  3.09747E-11
  4.18390E+06  3.17890E-11
  4.18430E+06  3.26423E-11
  4.18470E+06  3.35890E-11
  4.18510E+06  3.46057E-11
  4.18550E+06  3.56236E-11
  4.18590E+06  3.67212E-11
  4.18630E+06  3.78109E-11
  4.18670E+06  3.89153E-11
  4.18710E+06  4.00329E-11
  4.18750E+06  4.10717E-11
  4.18790E+06  4.21432E-11
  4.18830E+06  4.30933E-11
  4.18870E+06  4.39824E-11
  4.18910E+06  4.49746E-11
  4.18950E+06  4.56917E-11
  4.18990E+06  4.70942E-11
  4.19030E+06  4.78202E-11
  4.19070E+06  4.85032E-11
  4.19110E+06  5.20880E-11
  4.19150E+06  5.35378E-11
  4.19190E+06  6.49234E-11
  4.19230E+06  6.97880E-11
  4.19270E+06  7.57868E-11
  4.19310E+06  1.19832E-10
  4.19350E+06  1.39708E-10
  4.19390E+06  2.52026E-10
  4.19430E+06  3.08632E-10
  4.19470E+06  3.78765E-10
  4.19510E+06  6.85830E-10
  4.19550E+06  8.56229E-10
  4.19590E+06  1.36502E-09
  4.19630E+06  1.70953E-09
  4.19670E+06  2.13025E-09
  4.19710E+06  2.73504E-09
  4.19750E+06  3.37624E-09
  4.19790E+06  4.15383E-09
  4.19830E+06  5.06711E-09
  4.19870E+06  6.14277E-09
  4.19910E+06  7.40393E-09
  4.19950E+06  8.86223E-09
  4.19990E+06  1.05411E-08
  4.20030E+06  1.24545E-08
  4.20070E+06  1.46188E-08
  4.20110E+06  1.70480E-08
  4.20150E+06  1.97476E-08
  4.20190E+06  2.27240E-08
  4.20230E+06  2.59741E-08
  4.20270E+06  2.94911E-08
  4.20310E+06  3.32614E-08
  4.20350E+06  3.72614E-08
  4.20390E+06  4.14633E-08
  4.20430E+06  4.58279E-08
  4.20470E+06  5.03109E-08
  4.20510E+06  5.48616E-08
  4.20550E+06  5.94185E-08
  4.20590E+06  6.39208E-08
  4.20630E+06  6.82973E-08
  4.20670E+06  7.24794E-08
  4.20710E+06  7.64001E-08
  4.20750E+06  7.99835E-08
  4.20790E+06  8.31730E-08
  4.20830E+06  8.58980E-08
  4.20870E+06  8.81103E-08
  4.20910E+06  8.97754E-08
  4.20950E+06  9.08448E-08
  4.20990E+06  9.13070E-08
  4.21030E+06  9.11488E-08
  4.21070E+06  9.03763E-08
  4.21110E+06  8.90085E-08
  4.21150E+06  8.70708E-08
  4.21190E+06  8.46063E-08
  4.21230E+06  8.16626E-08
  4.21270E+06  7.82989E-08
  4.21310E+06  7.45804E-08
  4.21350E+06  7.05748E-08
  4.21390E+06  6.63539E-08
  4.21430E+06  6.19885E-08
  4.21470E+06  5.75483E-08
  4.21510E+06  5.30999E-08
  4.21550E+06  4.87034E-08
  4.21590E+06  4.44144E-08
  4.21630E+06  4.02799E-08
  4.21670E+06  3.63399E-08
  4.21710E+06  3.26267E-08
  4.21750E+06  2.91629E-08
  4.21790E+06  2.59653E-08
  4.21830E+06  2.30409E-08
  4.21870E+06  2.03923E-08
  4.21910E+06  1.80152E-08
  4.21950E+06  1.58991E-08
  4.21990E+06  1.40327E-08
  4.22030E+06  1.23957E-08
  4.22070E+06  1.09749E-08
  4.22110E+06  9.74780E-09
  4.22150E+06  8.68537E-09
  4.22190E+06  7.78452E-09
  4.22230E+06  6.98683E-09
  4.22270E+06  6.33672E-09
  4.22310E+06  5.78075E-09
  4.22350E+06  5.23590E-09
  4.22390E+06  4.83888E-09
  4.22430E+06  4.32125E-09
  4.22470E+06  4.05256E-09
  4.22510E+06  3.80640E-09
  4.22550E+06  3.34867E-09
  4.22590E+06  3.18939E-09
  4.22630E+06  2.95564E-09
  4.22670E+06  2.81122E-09
  4.22710E+06  2.66405E-09
  4.22750E+06  2.50583E-09
  4.22790E+06  2.35938E-09
  4.22830E+06  2.20929E-09
  4.22870E+06  2.06593E-09
  4.22910E+06  1.93066E-09
  4.22950E+06  1.79647E-09
  4.22990E+06  1.67300E-09
  4.23030E+06  1.55438E-09
  4.23070E+06  1.44603E-09
  4.23110E+06  1.34737E-09
  4.23150E+06  1.25729E-09
  4.23190E+06  1.17818E-09
  4.23230E+06  1.10811E-09
  4.23270E+06  1.04893E-09
  4.23310E+06  9.99787E-10
  4.23350E+06  9.59213E-10
  4.23390E+06  9.29293E-10
  4.23430E+06  9.06716E-10
  4.23470E+06  8.94192E-10
  4.23510E+06  8.89927E-10
  4.23550E+06  8.91397E-10
  4.23590E+06  9.01861E-10
  4.23630E+06  9.15356E-10
  4.23670E+06  9.38151E-10
  4.23710E+06  9.66105E-10
  4.23750E+06  9.93300E-10
  4.23790E+06  1.02985E-09
  4.23830E+06  1.06164E-09
  4.23870E+06  1.10359E-09
  4.23910E+06  1.14609E-09
  4.23950E+06  1.18605E-09
  4.23990E+06  1.22745E-09
  4.24030E+06  1.26516E-09
  4.24070E+06  1.30174E-09
  4.24110E+06  1.33467E-09
  4.24150E+06  1.36193E-09
  4.24190E+06  1.38556E-09
  4.24230E+06  1.40284E-09
  4.24270E+06  1.41450E-09
  4.24310E+06  1.41998E-09
  4.24350E+06  1.41821E-09
  4.24390E+06  1.41082E-09
  4.24430E+06  1.39584E-09
  4.24470E+06  1.37488E-09
  4.24510E+06  1.35081E-09
  4.24550E+06  1.31885E-09
  4.24590E+06  1.28747E-09
  4.24630E+06  1.24809E-09
  4.24670E+06  1.20618E-09
  4.24710E+06  1.17473E-09
  4.24750E+06  1.13293E-09
  4.24790E+06  1.09819E-09
  4.24830E+06  1.06102E-09
  4.24870E+06  1.02760E-09
  4.24910E+06  9.99884E-10
  4.24950E+06  9.76993E-10
  4.24990E+06  9.61735E-10
  4.25030E+06  9.53920E-10
  4.25070E+06  9.55734E-10
  4.25110E+06  9.67790E-10
  4.25150E+06  9.90219E-10
  4.25190E+06  1.02480E-09
  4.25230E+06  1.07109E-09
  4.25270E+06  1.13015E-09
  4.25310E+06  1.20194E-09
  4.25350E+06  1.28608E-09
  4.25390E+06  1.38284E-09
  4.25430E+06  1.49099E-09
  4.25470E+06  1.61037E-09
  4.25510E+06  1.73970E-09
  4.25550E+06  1.87701E-09
  4.25590E+06  2.02165E-09
  4.25630E+06  2.17012E-09
  4.25670E+06  2.32228E-09
  4.25710E+06  2.47496E-09
  4.25750E+06  2.62369E-09
  4.25790E+06  2.76983E-09
  4.25830E+06  2.90487E-09
  4.25870E+06  3.03358E-09
  4.25910E+06  3.15049E-09
  4.25950E+06  3.24983E-09
  4.25990E+06  3.33567E-09
  4.26030E+06  3.40103E-09
  4.26070E+06  3.44670E-09
  4.26110E+06  3.47303E-09
  4.26150E+06  3.47626E-09
  4.26190E+06  3.45864E-09
  4.26230E+06  3.41955E-09
  4.26270E+06  3.36063E-09
  4.26310E+06  3.28330E-09
  4.26350E+06  3.18852E-09
  4.26390E+06  3.07948E-09
  4.26430E+06  2.95739E-09
  4.26470E+06  2.82556E-09
  4.26510E+06  2.68677E-09
  4.26550E+06  2.54259E-09
  4.26590E+06  2.39754E-09
  4.26630E+06  2.25175E-09
  4.26670E+06  2.10897E-09
  4.26710E+06  1.97324E-09
  4.26750E+06  1.84215E-09
  4.26790E+06  1.72344E-09
  4.26830E+06  1.61119E-09
  4.26870E+06  1.50961E-09
  4.26910E+06  1.42191E-09
  4.26950E+06  1.34363E-09
  4.26990E+06  1.27773E-09
  4.27030E+06  1.22281E-09
  4.27070E+06  1.17920E-09
  4.27110E+06  1.14660E-09
  4.27150E+06  1.12354E-09
  4.27190E+06  1.11034E-09
  4.27230E+06  1.10494E-09
  4.27270E+06  1.10745E-09
  4.27310E+06  1.11689E-09
  4.27350E+06  1.13148E-09
  4.27390E+06  1.15205E-09
  4.27430E+06  1.17461E-09
  4.27470E+06  1.20363E-09
  4.27510E+06  1.23560E-09
  4.27550E+06  1.26588E-09
  4.27590E+06  1.30278E-09
  4.27630E+06  1.33097E-09
  4.27670E+06  1.37147E-09
  4.27710E+06  1.41149E-09
  4.27750E+06  1.44596E-09
  4.27790E+06  1.48450E-09
  4.27830E+06  1.51989E-09
  4.27870E+06  1.55352E-09
  4.27910E+06  1.58393E-09
  4.27950E+06  1.61009E-09
  4.27990E+06  1.63227E-09
  4.28030E+06  1.64916E-09
  4.28070E+06  1.66070E-09
  4.28110E+06  1.66649E-09
  4.28150E+06  1.66556E-09
  4.28190E+06  1.65849E-09
  4.28230E+06  1.64417E-09
  4.28270E+06  1.62302E-09
  4.28310E+06  1.59559E-09
  4.28350E+06  1.56094E-09
  4.28390E+06  1.52060E-09
  4.28430E+06  1.47394E-09
  4.28470E+06  1.42218E-09
  4.28510E+06  1.36607E-09
  4.28550E+06  1.30590E-09
  4.28590E+06  1.24332E-09
  4.28630E+06  1.17818E-09
  4.28670E+06  1.11216E-09
  4.28710E+06  1.04688E-09
  4.28750E+06  9.81067E-10
  4.28790E+06  9.18922E-10
  4.28830E+06  8.56935E-10
  4.28870E+06  7.98932E-10
  4.28910E+06  7.45679E-10
  4.28950E+06  6.94415E-10
  4.28990E+06  6.49385E-10
  4.29030E+06  6.07632E-10
  4.29070E+06  5.72622E-10
  4.29110E+06  5.42791E-10
  4.29150E+06  5.17768E-10
  4.29190E+06  4.98272E-10
  4.29230E+06  4.83505E-10
  4.29270E+06  4.73841E-10
  4.29310E+06  4.68845E-10
  4.29350E+06  4.67851E-10
  4.29390E+06  4.71201E-10
  4.29430E+06  4.77700E-10
  4.29470E+06  4.87882E-10
  4.29510E+06  5.00921E-10
  4.29550E+06  5.15462E-10
  4.29590E+06  5.33013E-10
  4.29630E+06  5.50084E-10
  4.29670E+06  5.70354E-10
  4.29710E+06  5.91371E-10
  4.29750E+06  6.09098E-10
  4.29790E+06  6.31221E-10
  4.29830E+06  6.49450E-10
  4.29870E+06  6.68962E-10
  4.29910E+06  6.90326E-10
  4.29950E+06  7.06591E-10
  4.29990E+06  7.32559E-10
  4.30030E+06  7.48081E-10
  4.30070E+06  7.62430E-10
  4.30110E+06  8.13767E-10
  4.30150E+06  8.36447E-10
  4.30190E+06  9.37703E-10
  4.30230E+06  9.88429E-10
  4.30270E+06  1.04935E-09
  4.30310E+06  1.30634E-09
  4.30350E+06  1.44945E-09
  4.30390E+06  1.71758E-09
  4.30430E+06  1.95968E-09
  4.30470E+06  2.25468E-09
  4.30510E+06  2.62789E-09
  4.30550E+06  3.06071E-09
  4.30590E+06  3.58262E-09
  4.30630E+06  4.19311E-09
  4.30670E+06  4.90812E-09
  4.30710E+06  5.74565E-09
  4.30750E+06  6.70293E-09
  4.30790E+06  7.80626E-09
  4.30830E+06  9.04450E-09
  4.30870E+06  1.04326E-08
  4.30910E+06  1.19990E-08
  4.30950E+06  1.37031E-08
  4.30990E+06  1.55726E-08
  4.31030E+06  1.75846E-08
  4.31070E+06  1.97387E-08
  4.31110E+06  2.20238E-08
  4.31150E+06  2.44186E-08
  4.31190E+06  2.69054E-08
  4.31230E+06  2.94558E-08
  4.31270E+06  3.20426E-08
  4.31310E+06  3.46343E-08
  4.31350E+06  3.71931E-08
  4.31390E+06  3.96853E-08
  4.31430E+06  4.20700E-08
  4.31470E+06  4.43109E-08
  4.31510E+06  4.63729E-08
  4.31550E+06  4.82176E-08
  4.31590E+06  4.98178E-08
  4.31630E+06  5.11410E-08
  4.31670E+06  5.21679E-08
  4.31710E+06  5.28824E-08
  4.31750E+06  5.32690E-08
  4.31790E+06  5.33291E-08
  4.31830E+06  5.30595E-08
  4.31870E+06  5.24717E-08
  4.31910E+06  5.15805E-08
  4.31950E+06  5.04025E-08
  4.31990E+06  4.89650E-08
  4.32030E+06  4.72945E-08
  4.32070E+06  4.54236E-08
  4.32110E+06  4.33865E-08
  4.32150E+06  4.12165E-08
  4.32190E+06  3.89498E-08
  4.32230E+06  3.66191E-08
  4.32270E+06  3.42576E-08
  4.32310E+06  3.18964E-08
  4.32350E+06  2.95612E-08
  4.32390E+06  2.72784E-08
  4.32430E+06  2.50668E-08
  4.32470E+06  2.29447E-08
  4.32510E+06  2.09270E-08
  4.32550E+06  1.90222E-08
  4.32590E+06  1.72388E-08
  4.32630E+06  1.55800E-08
  4.32670E+06  1.40480E-08
  4.32710E+06  1.26424E-08
  4.32750E+06  1.13587E-08
  4.32790E+06  1.01954E-08
  4.32830E+06  9.14226E-09
  4.32870E+06  8.19947E-09
  4.32910E+06  7.35679E-09
  4.32950E+06  6.59745E-09
  4.32990E+06  5.93368E-09
  4.33030E+06  5.31693E-09
  4.33070E+06  4.80600E-09
  4.33110E+06  4.35610E-09
  4.33150E+06  3.90214E-09
  4.33190E+06  3.56895E-09
  4.33230E+06  3.13451E-09
  4.33270E+06  2.90931E-09
  4.33310E+06  2.70766E-09
  4.33350E+06  2.45614E-09
  4.33390E+06  2.31120E-09
  4.33430E+06  2.16609E-09
  4.33470E+06  2.04811E-09
  4.33510E+06  1.94007E-09
  4.33550E+06  1.83546E-09
  4.33590E+06  1.74484E-09
  4.33630E+06  1.65480E-09
  4.33670E+06  1.57762E-09
  4.33710E+06  1.50552E-09
  4.33750E+06  1.42887E-09
  4.33790E+06  1.36689E-09
  4.33830E+06  1.28865E-09
  4.33870E+06  1.23623E-09
  4.33910E+06  1.18583E-09
  4.33950E+06  1.12856E-09
  4.33990E+06  1.08383E-09
  4.34030E+06  1.03728E-09
  4.34070E+06  9.94281E-10
  4.34110E+06  9.57135E-10
  4.34150E+06  9.17287E-10
  4.34190E+06  8.90307E-10
  4.34230E+06  8.57571E-10
  4.34270E+06  8.29337E-10
  4.34310E+06  8.35651E-10
  4.34350E+06  8.22811E-10
  4.34390E+06  8.78057E-10
  4.34430E+06  8.97070E-10
  4.34470E+06  9.31049E-10
  4.34510E+06  1.17581E-09
  4.34550E+06  1.29829E-09
  4.34590E+06  1.85589E-09
  4.34630E+06  2.17320E-09
  4.34670E+06  2.56925E-09
  4.34710E+06  4.05863E-09
  4.34750E+06  4.94496E-09
  4.34790E+06  6.66875E-09
  4.34830E+06  8.17096E-09
  4.34870E+06  9.98762E-09
  4.34910E+06  1.22685E-08
  4.34950E+06  1.48880E-08
  4.34990E+06  1.80048E-08
  4.35030E+06  2.16377E-08
  4.35070E+06  2.58636E-08
  4.35110E+06  3.07504E-08
  4.35150E+06  3.63353E-08
  4.35190E+06  4.26818E-08
  4.35230E+06  4.98267E-08
  4.35270E+06  5.78086E-08
  4.35310E+06  6.66514E-08
  4.35350E+06  7.63557E-08
  4.35390E+06  8.69184E-08
  4.35430E+06  9.83010E-08
  4.35470E+06  1.10455E-07
  4.35510E+06  1.23309E-07
  4.35550E+06  1.36752E-07
  4.35590E+06  1.50671E-07
  4.35630E+06  1.64906E-07
  4.35670E+06  1.79293E-07
  4.35710E+06  1.93648E-07
  4.35750E+06  2.07755E-07
  4.35790E+06  2.21412E-07
  4.35830E+06  2.34384E-07
  4.35870E+06  2.46456E-07
  4.35910E+06  2.57425E-07
  4.35950E+06  2.67068E-07
  4.35990E+06  2.75223E-07
  4.36030E+06  2.81712E-07
  4.36070E+06  2.86415E-07
  4.36110E+06  2.89248E-07
  4.36150E+06  2.90136E-07
  4.36190E+06  2.89082E-07
  4.36230E+06  2.86090E-07
  4.36270E+06  2.81230E-07
  4.36310E+06  2.74616E-07
  4.36350E+06  2.66360E-07
  4.36390E+06  2.56639E-07
  4.36430E+06  2.45634E-07
  4.36470E+06  2.33555E-07
  4.36510E+06  2.20624E-07
  4.36550E+06  2.07060E-07
  4.36590E+06  1.93091E-07
  4.36630E+06  1.78930E-07
  4.36670E+06  1.64784E-07
  4.36710E+06  1.50842E-07
  4.36750E+06  1.37270E-07
  4.36790E+06  1.24216E-07
  4.36830E+06  1.11798E-07
  4.36870E+06  1.00112E-07
  4.36910E+06  8.92307E-08
  4.36950E+06  7.91943E-08
  4.36990E+06  7.00319E-08
  4.37030E+06  6.17382E-08
  4.37070E+06  5.43071E-08
  4.37110E+06  4.77050E-08
  4.37150E+06  4.18797E-08
  4.37190E+06  3.67994E-08
  4.37230E+06  3.23678E-08
  4.37270E+06  2.85778E-08
  4.37310E+06  2.53426E-08
  4.37350E+06  2.25389E-08
  4.37390E+06  2.02350E-08
  4.37430E+06  1.81270E-08
  4.37470E+06  1.65130E-08
  4.37510E+06  1.52329E-08
  4.37550E+06  1.37992E-08
  4.37590E+06  1.31597E-08
  4.37630E+06  1.17155E-08
  4.37670E+06  1.13508E-08
  4.37710E+06  1.18563E-08
  4.37750E+06  1.13813E-08
  4.37790E+06  1.31864E-08
  4.37830E+06  1.39556E-08
  4.37870E+06  1.50901E-08
  4.37910E+06  2.00036E-08
  4.37950E+06  2.28369E-08
  4.37990E+06  2.76779E-08
  4.38030E+06  3.24338E-08
  4.38070E+06  3.82553E-08
  4.38110E+06  4.54709E-08
  4.38150E+06  5.39525E-08
  4.38190E+06  6.40746E-08
  4.38230E+06  7.59315E-08
  4.38270E+06  8.97556E-08
  4.38310E+06  1.05748E-07
  4.38350E+06  1.24038E-07
  4.38390E+06  1.44804E-07
  4.38430E+06  1.68151E-07
  4.38470E+06  1.94180E-07
  4.38510E+06  2.22937E-07
  4.38550E+06  2.54394E-07
  4.38590E+06  2.88506E-07
  4.38630E+06  3.25110E-07
  4.38670E+06  3.64015E-07
  4.38710E+06  4.04939E-07
  4.38750E+06  4.47498E-07
  4.38790E+06  4.91284E-07
  4.38830E+06  5.35755E-07
  4.38870E+06  5.80368E-07
  4.38910E+06  6.24496E-07
  4.38950E+06  6.67449E-07
  4.38990E+06  7.08575E-07
  4.39030E+06  7.47142E-07
  4.39070E+06  7.82494E-07
  4.39110E+06  8.13987E-07
  4.39150E+06  8.40986E-07
  4.39190E+06  8.63020E-07
  4.39230E+06  8.79589E-07
  4.39270E+06  8.90401E-07
  4.39310E+06  8.95248E-07
  4.39350E+06  8.93981E-07
  4.39390E+06  8.86708E-07
  4.39430E+06  8.73489E-07
  4.39470E+06  8.54636E-07
  4.39510E+06  8.30636E-07
  4.39550E+06  8.01790E-07
  4.39590E+06  7.68911E-07
  4.39630E+06  7.32342E-07
  4.39670E+06  6.92889E-07
  4.39710E+06  6.51349E-07
  4.39750E+06  6.08259E-07
  4.39790E+06  5.64401E-07
  4.39830E+06  5.20413E-07
  4.39870E+06  4.76924E-07
  4.39910E+06  4.34492E-07
  4.39950E+06  3.93598E-07
  4.39990E+06  3.54663E-07
  4.40030E+06  3.18016E-07
  4.40070E+06  2.83917E-07
  4.40110E+06  2.52548E-07
  4.40150E+06  2.24003E-07
  4.40190E+06  1.98333E-07
  4.40230E+06  1.75498E-07
  4.40270E+06  1.55440E-07
  4.40310E+06  1.38034E-07
  4.40350E+06  1.23105E-07
  4.40390E+06  1.10512E-07
  4.40430E+06  9.99638E-08
  4.40470E+06  9.13921E-08
  4.40510E+06  8.45002E-08
  4.40550E+06  7.88803E-08
  4.40590E+06  7.47309E-08
  4.40630E+06  7.09967E-08
  4.40670E+06  6.88557E-08
  4.40710E+06  6.73392E-08
  4.40750E+06  6.51120E-08
  4.40790E+06  6.46701E-08
  4.40830E+06  6.17078E-08
  4.40870E+06  6.20701E-08
  4.40910E+06  6.22453E-08
  4.40950E+06  6.12106E-08
  4.40990E+06  6.11371E-08
  4.41030E+06  6.05951E-08
  4.41070E+06  5.98856E-08
  4.41110E+06  5.88418E-08
  4.41150E+06  5.74379E-08
  4.41190E+06  5.57845E-08
  4.41230E+06  5.38383E-08
  4.41270E+06  5.16710E-08
  4.41310E+06  4.92972E-08
  4.41350E+06  4.67473E-08
  4.41390E+06  4.40747E-08
  4.41430E+06  4.13055E-08
  4.41470E+06  3.84921E-08
  4.41510E+06  3.56671E-08
  4.41550E+06  3.28575E-08
  4.41590E+06  3.01117E-08
  4.41630E+06  2.74389E-08
  4.41670E+06  2.48822E-08
  4.41710E+06  2.24577E-08
  4.41750E+06  2.01627E-08
  4.41790E+06  1.80379E-08
  4.41830E+06  1.60599E-08
  4.41870E+06  1.42566E-08
  4.41910E+06  1.26308E-08
  4.41950E+06  1.11484E-08
  4.41990E+06  9.84009E-09
  4.42030E+06  8.66351E-09
  4.42070E+06  7.64580E-09
  4.42110E+06  6.76227E-09
  4.42150E+06  5.98291E-09
  4.42190E+06  5.33996E-09
  4.42230E+06  4.77734E-09
  4.42270E+06  4.33504E-09
  4.42310E+06  3.97745E-09
  4.42350E+06  3.65561E-09
  4.42390E+06  3.45022E-09
  4.42430E+06  3.22257E-09
  4.42470E+06  3.14643E-09
  4.42510E+06  3.11309E-09
  4.42550E+06  2.99071E-09
  4.42590E+06  3.05941E-09
  4.42630E+06  3.07508E-09
  4.42670E+06  3.20381E-09
  4.42710E+06  3.34581E-09
  4.42750E+06  3.48903E-09
  4.42790E+06  3.65217E-09
  4.42830E+06  3.81722E-09
  4.42870E+06  3.98729E-09
  4.42910E+06  4.15653E-09
  4.42950E+06  4.31857E-09
  4.42990E+06  4.47566E-09
  4.43030E+06  4.61720E-09
  4.43070E+06  4.74902E-09
  4.43110E+06  4.86390E-09
  4.43150E+06  4.95548E-09
  4.43190E+06  5.02891E-09
  4.43230E+06  5.07582E-09
  4.43270E+06  5.09932E-09
  4.43310E+06  5.09727E-09
  4.43350E+06  5.06568E-09
  4.43390E+06  5.01093E-09
  4.43430E+06  4.92683E-09
  4.43470E+06  4.82256E-09
  4.43510E+06  4.69593E-09
  4.43550E+06  4.54759E-09
  4.43590E+06  4.38284E-09
  4.43630E+06  4.20219E-09
  4.43670E+06  4.00999E-09
  4.43710E+06  3.80888E-09
  4.43750E+06  3.60112E-09
  4.43790E+06  3.39093E-09
  4.43830E+06  3.17984E-09
  4.43870E+06  2.97168E-09
  4.43910E+06  2.76852E-09
  4.43950E+06  2.57150E-09
  4.43990E+06  2.38380E-09
  4.44030E+06  2.20527E-09
  4.44070E+06  2.03836E-09
  4.44110E+06  1.88341E-09
  4.44150E+06  1.73968E-09
  4.44190E+06  1.60925E-09
  4.44230E+06  1.48933E-09
  4.44270E+06  1.38273E-09
  4.44310E+06  1.28741E-09
  4.44350E+06  1.20125E-09
  4.44390E+06  1.12620E-09
  4.44430E+06  1.05847E-09
  4.44470E+06  1.00002E-09
  4.44510E+06  9.48605E-10
  4.44550E+06  9.01012E-10
  4.44590E+06  8.61225E-10
  4.44630E+06  8.20992E-10
  4.44670E+06  7.89867E-10
  4.44710E+06  7.61672E-10
  4.44750E+06  7.30361E-10
  4.44790E+06  7.07428E-10
  4.44830E+06  6.74951E-10
  4.44870E+06  6.56497E-10
  4.44910E+06  6.38526E-10
  4.44950E+06  6.15382E-10
  4.44990E+06  5.99121E-10
  4.45030E+06  5.81424E-10
  4.45070E+06  5.65384E-10
  4.45110E+06  5.49784E-10
  4.45150E+06  5.33435E-10
  4.45190E+06  5.18858E-10
  4.45230E+06  5.03389E-10
  4.45270E+06  4.89684E-10
  4.45310E+06  4.77467E-10
  4.45350E+06  4.64529E-10
  4.45390E+06  4.54590E-10
  4.45430E+06  4.44065E-10
  4.45470E+06  4.34896E-10
  4.45510E+06  4.29755E-10
  4.45550E+06  4.23129E-10
  4.45590E+06  4.19773E-10
  4.45630E+06  4.16266E-10
  4.45670E+06  4.14598E-10
  4.45710E+06  4.15024E-10
  4.45750E+06  4.16509E-10
  4.45790E+06  4.20547E-10
  4.45830E+06  4.25794E-10
  4.45870E+06  4.33781E-10
  4.45910E+06  4.44305E-10
  4.45950E+06  4.56483E-10
  4.45990E+06  4.71851E-10
  4.46030E+06  4.89146E-10
  4.46070E+06  5.09583E-10
  4.46110E+06  5.32788E-10
  4.46150E+06  5.57890E-10
  4.46190E+06  5.86373E-10
  4.46230E+06  6.16416E-10
  4.46270E+06  6.49521E-10
  4.46310E+06  6.84780E-10
  4.46350E+06  7.21135E-10
  4.46390E+06  7.59376E-10
  4.46430E+06  7.98008E-10
  4.46470E+06  8.37266E-10
  4.46510E+06  8.76523E-10
  4.46550E+06  9.14539E-10
  4.46590E+06  9.51582E-10
  4.46630E+06  9.86215E-10
  4.46670E+06  1.01838E-09
  4.46710E+06  1.04754E-09
  4.46750E+06  1.07247E-09
  4.46790E+06  1.09353E-09
  4.46830E+06  1.10938E-09
  4.46870E+06  1.12043E-09
  4.46910E+06  1.12645E-09
  4.46950E+06  1.12652E-09
  4.46990E+06  1.12167E-09
  4.47030E+06  1.11099E-09
  4.47070E+06  1.09540E-09
  4.47110E+06  1.07534E-09
  4.47150E+06  1.05028E-09
  4.47190E+06  1.02202E-09
  4.47230E+06  9.89785E-10
  4.47270E+06  9.54938E-10
  4.47310E+06  9.18392E-10
  4.47350E+06  8.79810E-10
  4.47390E+06  8.40955E-10
  4.47430E+06  8.01397E-10
  4.47470E+06  7.62425E-10
  4.47510E+06  7.24856E-10
  4.47550E+06  6.88130E-10
  4.47590E+06  6.53730E-10
  4.47630E+06  6.21171E-10
  4.47670E+06  5.91327E-10
  4.47710E+06  5.64427E-10
  4.47750E+06  5.40002E-10
  4.47790E+06  5.18997E-10
  4.47830E+06  5.00461E-10
  4.47870E+06  4.85054E-10
  4.47910E+06  4.73438E-10
  4.47950E+06  4.63553E-10
  4.47990E+06  4.58972E-10
  4.48030E+06  4.54673E-10
  4.48070E+06  4.52977E-10
  4.48110E+06  4.62174E-10
  4.48150E+06  4.66772E-10
  4.48190E+06  4.94693E-10
  4.48230E+06  5.09901E-10
  4.48270E+06  5.29914E-10
  4.48310E+06  6.04681E-10
  4.48350E+06  6.47471E-10
  4.48390E+06  7.64292E-10
  4.48430E+06  8.44439E-10
  4.48470E+06  9.44304E-10
  4.48510E+06  1.08028E-09
  4.48550E+06  1.22562E-09
  4.48590E+06  1.40155E-09
  4.48630E+06  1.60634E-09
  4.48670E+06  1.84634E-09
  4.48710E+06  2.12604E-09
  4.48750E+06  2.44764E-09
  4.48790E+06  2.81675E-09
  4.48830E+06  3.23571E-09
  4.48870E+06  3.70857E-09
  4.48910E+06  4.23794E-09
  4.48950E+06  4.82473E-09
  4.48990E+06  5.47065E-09
  4.49030E+06  6.17428E-09
  4.49070E+06  6.93434E-09
  4.49110E+06  7.74783E-09
  4.49150E+06  8.60880E-09
  4.49190E+06  9.51173E-09
  4.49230E+06  1.04472E-08
  4.49270E+06  1.14060E-08
  4.49310E+06  1.23770E-08
  4.49350E+06  1.33462E-08
  4.49390E+06  1.43009E-08
  4.49430E+06  1.52253E-08
  4.49470E+06  1.61051E-08
  4.49510E+06  1.69254E-08
  4.49550E+06  1.76704E-08
  4.49590E+06  1.83274E-08
  4.49630E+06  1.88824E-08
  4.49670E+06  1.93254E-08
  4.49710E+06  1.96478E-08
  4.49750E+06  1.98417E-08
  4.49790E+06  1.99044E-08
  4.49830E+06  1.98334E-08
  4.49870E+06  1.96310E-08
  4.49910E+06  1.93015E-08
  4.49950E+06  1.88505E-08
  4.49990E+06  1.82885E-08
  4.50030E+06  1.76250E-08
  4.50070E+06  1.68740E-08
  4.50110E+06  1.60496E-08
  4.50150E+06  1.51654E-08
  4.50190E+06  1.42384E-08
  4.50230E+06  1.32822E-08
  4.50270E+06  1.23129E-08
  4.50310E+06  1.13443E-08
  4.50350E+06  1.03883E-08
  4.50390E+06  9.45767E-09
  4.50430E+06  8.56109E-09
  4.50470E+06  7.70794E-09
  4.50510E+06  6.90470E-09
  4.50550E+06  6.15531E-09
  4.50590E+06  5.46412E-09
  4.50630E+06  4.83168E-09
  4.50670E+06  4.25903E-09
  4.50710E+06  3.74541E-09
  4.50750E+06  3.28796E-09
  4.50790E+06  2.88509E-09
  4.50830E+06  2.53177E-09
  4.50870E+06  2.22617E-09
  4.50910E+06  1.96367E-09
  4.50950E+06  1.73722E-09
  4.50990E+06  1.54776E-09
  4.51030E+06  1.38129E-09
  4.51070E+06  1.24927E-09
  4.51110E+06  1.13962E-09
  4.51150E+06  1.03299E-09
  4.51190E+06  9.61968E-10
  4.51230E+06  8.64453E-10
  4.51270E+06  8.25193E-10
  4.51310E+06  7.92656E-10
  4.51350E+06  7.16395E-10
  4.51390E+06  7.04998E-10
  4.51430E+06  6.81309E-10
  4.51470E+06  6.74044E-10
  4.51510E+06  6.66783E-10
  4.51550E+06  6.57567E-10
  4.51590E+06  6.50410E-10
  4.51630E+06  6.42098E-10
  4.51670E+06  6.34527E-10
  4.51710E+06  6.27359E-10
  4.51750E+06  6.19414E-10
  4.51790E+06  6.12303E-10
  4.51830E+06  6.04571E-10
  4.51870E+06  5.97272E-10
  4.51910E+06  5.90525E-10
  4.51950E+06  5.83253E-10
  4.51990E+06  5.76834E-10
  4.52030E+06  5.69898E-10
  4.52070E+06  5.63609E-10
  4.52110E+06  5.57983E-10
  4.52150E+06  5.51831E-10
  4.52190E+06  5.46938E-10
  4.52230E+06  5.41359E-10
  4.52270E+06  5.36637E-10
  4.52310E+06  5.32578E-10
  4.52350E+06  5.28267E-10
  4.52390E+06  5.24909E-10
  4.52430E+06  5.21293E-10
  4.52470E+06  5.18693E-10
  4.52510E+06  5.16733E-10
  4.52550E+06  5.14642E-10
  4.52590E+06  5.13846E-10
  4.52630E+06  5.12790E-10
  4.52670E+06  5.12935E-10
  4.52710E+06  5.13828E-10
  4.52750E+06  5.14669E-10
  4.52790E+06  5.16551E-10
  4.52830E+06  5.18261E-10
  4.52870E+06  5.20831E-10
  4.52910E+06  5.23960E-10
  4.52950E+06  5.26617E-10
  4.52990E+06  5.30190E-10
  4.53030E+06  5.33230E-10
  4.53070E+06  5.36590E-10
  4.53110E+06  5.40242E-10
  4.53150E+06  5.42941E-10
  4.53190E+06  5.46674E-10
  4.53230E+06  5.48764E-10
  4.53270E+06  5.50765E-10
  4.53310E+06  5.56071E-10
  4.53350E+06  5.57726E-10
  4.53390E+06  5.70476E-10
  4.53430E+06  5.74693E-10
  4.53470E+06  5.79905E-10
  4.53510E+06  6.24932E-10
  4.53550E+06  6.43357E-10
  4.53590E+06  7.47124E-10
  4.53630E+06  7.99791E-10
  4.53670E+06  8.65745E-10
  4.53710E+06  1.15218E-09
  4.53750E+06  1.31235E-09
  4.53790E+06  1.64988E-09
  4.53830E+06  1.93243E-09
  4.53870E+06  2.27696E-09
  4.53910E+06  2.71292E-09
  4.53950E+06  3.21678E-09
  4.53990E+06  3.81887E-09
  4.54030E+06  4.52606E-09
  4.54070E+06  5.35334E-09
  4.54110E+06  6.31396E-09
  4.54150E+06  7.41755E-09
  4.54190E+06  8.67699E-09
  4.54230E+06  1.01004E-08
  4.54270E+06  1.16965E-08
  4.54310E+06  1.34706E-08
  4.54350E+06  1.54237E-08
  4.54390E+06  1.75558E-08
  4.54430E+06  1.98595E-08
  4.54470E+06  2.23256E-08
  4.54510E+06  2.49400E-08
  4.54550E+06  2.76803E-08
  4.54590E+06  3.05237E-08
  4.54630E+06  3.34378E-08
  4.54670E+06  3.63893E-08
  4.54710E+06  3.93400E-08
  4.54750E+06  4.22457E-08
  4.54790E+06  4.50640E-08
  4.54830E+06  4.77470E-08
  4.54870E+06  5.02502E-08
  4.54910E+06  5.25292E-08
  4.54950E+06  5.45398E-08
  4.54990E+06  5.62458E-08
  4.55030E+06  5.76112E-08
  4.55070E+06  5.86104E-08
  4.55110E+06  5.92234E-08
  4.55150E+06  5.94356E-08
  4.55190E+06  5.92450E-08
  4.55230E+06  5.86538E-08
  4.55270E+06  5.76751E-08
  4.55310E+06  5.63295E-08
  4.55350E+06  5.46425E-08
  4.55390E+06  5.26490E-08
  4.55430E+06  5.03862E-08
  4.55470E+06  4.78972E-08
  4.55510E+06  4.52273E-08
  4.55550E+06  4.24219E-08
  4.55590E+06  3.95281E-08
  4.55630E+06  3.65901E-08
  4.55670E+06  3.36508E-08
  4.55710E+06  3.07497E-08
  4.55750E+06  2.79208E-08
  4.55790E+06  2.51959E-08
  4.55830E+06  2.25985E-08
  4.55870E+06  2.01500E-08
  4.55910E+06  1.78663E-08
  4.55950E+06  1.57547E-08
  4.55990E+06  1.38238E-08
  4.56030E+06  1.20712E-08
  4.56070E+06  1.04965E-08
  4.56110E+06  9.09464E-09
  4.56150E+06  7.85491E-09
  4.56190E+06  6.77083E-09
  4.56230E+06  5.82545E-09
  4.56270E+06  5.01396E-09
  4.56310E+06  4.32140E-09
  4.56350E+06  3.72416E-09
  4.56390E+06  3.23105E-09
  4.56430E+06  2.78830E-09
  4.56470E+06  2.45259E-09
  4.56510E+06  2.17571E-09
  4.56550E+06  1.88720E-09
  4.56590E+06  1.71744E-09
  4.56630E+06  1.42274E-09
  4.56670E+06  1.34972E-09
  4.56710E+06  1.29103E-09
  4.56750E+06  1.13729E-09
  4.56790E+06  1.12667E-09
  4.56830E+06  1.10339E-09
  4.56870E+06  1.10160E-09
  4.56910E+06  1.10142E-09
  4.56950E+06  1.10044E-09
  4.56990E+06  1.10356E-09
  4.57030E+06  1.10661E-09
  4.57070E+06  1.11150E-09
  4.57110E+06  1.11712E-09
  4.57150E+06  1.12217E-09
  4.57190E+06  1.12823E-09
  4.57230E+06  1.13251E-09
  4.57270E+06  1.13635E-09
  4.57310E+06  1.14163E-09
  4.57350E+06  1.14230E-09
  4.57390E+06  1.15095E-09
  4.57430E+06  1.15009E-09
  4.57470E+06  1.14845E-09
  4.57510E+06  1.17754E-09
  4.57550E+06  1.18137E-09
  4.57590E+06  1.26287E-09
  4.57630E+06  1.29221E-09
  4.57670E+06  1.33118E-09
  4.57710E+06  1.57075E-09
  4.57750E+06  1.68991E-09
  4.57790E+06  2.09893E-09
  4.57830E+06  2.36376E-09
  4.57870E+06  2.69374E-09
  4.57910E+06  3.16994E-09
  4.57950E+06  3.68391E-09
  4.57990E+06  4.30968E-09
  4.58030E+06  5.05478E-09
  4.58070E+06  5.93963E-09
  4.58110E+06  6.97981E-09
  4.58150E+06  8.19086E-09
  4.58190E+06  9.58952E-09
  4.58230E+06  1.11889E-08
  4.58270E+06  1.30031E-08
  4.58310E+06  1.50415E-08
  4.58350E+06  1.73102E-08
  4.58390E+06  1.98132E-08
  4.58430E+06  2.25476E-08
  4.58470E+06  2.55068E-08
  4.58510E+06  2.86774E-08
  4.58550E+06  3.20395E-08
  4.58590E+06  3.55676E-08
  4.58630E+06  3.92281E-08
  4.58670E+06  4.29829E-08
  4.58710E+06  4.67864E-08
  4.58750E+06  5.05874E-08
  4.58790E+06  5.43326E-08
  4.58830E+06  5.79622E-08
  4.58870E+06  6.14190E-08
  4.58910E+06  6.46419E-08
  4.58950E+06  6.75713E-08
  4.58990E+06  7.01551E-08
  4.59030E+06  7.23406E-08
  4.59070E+06  7.40861E-08
  4.59110E+06  7.53551E-08
  4.59150E+06  7.61203E-08
  4.59190E+06  7.63671E-08
  4.59230E+06  7.60875E-08
  4.59270E+06  7.52894E-08
  4.59310E+06  7.39874E-08
  4.59350E+06  7.22067E-08
  4.59390E+06  6.99840E-08
  4.59430E+06  6.73617E-08
  4.59470E+06  6.43906E-08
  4.59510E+06  6.11258E-08
  4.59550E+06  5.76256E-08
  4.59590E+06  5.39509E-08
  4.59630E+06  5.01614E-08
  4.59670E+06  4.63161E-08
  4.59710E+06  4.24703E-08
  4.59750E+06  3.86749E-08
  4.59790E+06  3.49760E-08
  4.59830E+06  3.14128E-08
  4.59870E+06  2.80188E-08
  4.59910E+06  2.48201E-08
  4.59950E+06  2.18360E-08
  4.59990E+06  1.90801E-08
  4.60030E+06  1.65587E-08
  4.60070E+06  1.42741E-08
  4.60110E+06  1.22228E-08
  4.60150E+06  1.03966E-08
  4.60190E+06  8.78661E-09
  4.60230E+06  7.37640E-09
  4.60270E+06  6.15624E-09
  4.60310E+06  5.10731E-09
  4.60350E+06  4.20599E-09
  4.60390E+06  3.45153E-09
  4.60430E+06  2.79369E-09
  4.60470E+06  2.27307E-09
  4.60510E+06  1.84320E-09
  4.60550E+06  1.43297E-09
  4.60590E+06  1.16076E-09
  4.60630E+06  7.95479E-10
  4.60670E+06  6.53865E-10
  4.60710E+06  5.40714E-10
  4.60750E+06  2.53813E-10
  4.60790E+06  2.30816E-10
  4.60830E+06  1.58396E-10
  4.60870E+06  1.56795E-10
  4.60910E+06  1.55537E-10
  4.60950E+06  1.51652E-10
  4.60990E+06  1.51285E-10
  4.61030E+06  1.50695E-10
  4.61070E+06  1.50219E-10
  4.61110E+06  1.49795E-10
  4.61150E+06  1.49180E-10
  4.61190E+06  1.48713E-10
  4.61230E+06  1.48046E-10
  4.61270E+06  1.47487E-10
  4.61310E+06  1.46993E-10
  4.61350E+06  1.46324E-10
  4.61390E+06  1.45830E-10
  4.61430E+06  1.45186E-10
  4.61470E+06  1.44640E-10
  4.61510E+06  1.44156E-10
  4.61550E+06  1.43556E-10
  4.61590E+06  1.43083E-10
  4.61630E+06  1.42500E-10
  4.61670E+06  1.41984E-10
  4.61710E+06  1.41526E-10
  4.61750E+06  1.40925E-10
  4.61790E+06  1.40477E-10
  4.61830E+06  1.39871E-10
  4.61870E+06  1.39345E-10
  4.61910E+06  1.38875E-10
  4.61950E+06  1.38204E-10
  4.61990E+06  1.37666E-10
  4.62030E+06  1.36925E-10
  4.62070E+06  1.36271E-10
  4.62110E+06  1.35659E-10
  4.62150E+06  1.34841E-10
  4.62190E+06  1.34099E-10
  4.62230E+06  1.33170E-10
  4.62270E+06  1.32269E-10
  4.62310E+06  1.31379E-10
  4.62350E+06  1.30263E-10
  4.62390E+06  1.29261E-10
  4.62430E+06  1.28087E-10
  4.62470E+06  1.26953E-10
  4.62510E+06  1.25832E-10
  4.62550E+06  1.24536E-10
  4.62590E+06  1.23366E-10
  4.62630E+06  1.22045E-10
  4.62670E+06  1.20812E-10
  4.62710E+06  1.19652E-10
  4.62750E+06  1.18360E-10
  4.62790E+06  1.17205E-10
  4.62830E+06  1.15942E-10
  4.62870E+06  1.14800E-10
  4.62910E+06  1.13742E-10
  4.62950E+06  1.12585E-10
  4.62990E+06  1.11613E-10
  4.63030E+06  1.10530E-10
  4.63070E+06  1.09595E-10
  4.63110E+06  1.08774E-10
  4.63150E+06  1.07840E-10
  4.63190E+06  1.07078E-10
  4.63230E+06  1.06236E-10
  4.63270E+06  1.05490E-10
  4.63310E+06  1.04877E-10
  4.63350E+06  1.04124E-10
  4.63390E+06  1.03548E-10
  4.63430E+06  1.02833E-10
  4.63470E+06  1.02238E-10
  4.63510E+06  1.01740E-10
  4.63550E+06  1.01121E-10
  4.63590E+06  1.00679E-10
  4.63630E+06  1.00092E-10
  4.63670E+06  9.96487E-11
  4.63710E+06  9.93109E-11
  4.63750E+06  9.88785E-11
  4.63790E+06  9.86271E-11
  4.63830E+06  9.82609E-11
  4.63870E+06  9.80773E-11
  4.63910E+06  9.80243E-11
  4.63950E+06  9.79253E-11
  4.63990E+06  9.80135E-11
  4.64030E+06  9.80438E-11
  4.64070E+06  9.82402E-11
  4.64110E+06  9.85745E-11
  4.64150E+06  9.88603E-11
  4.64190E+06  9.93358E-11
  4.64230E+06  9.97767E-11
  4.64270E+06  1.00357E-10
  4.64310E+06  1.01067E-10
  4.64350E+06  1.01694E-10
  4.64390E+06  1.02474E-10
  4.64430E+06  1.03171E-10
  4.64470E+06  1.03941E-10
  4.64510E+06  1.04735E-10
  4.64550E+06  1.05424E-10
  4.64590E+06  1.06190E-10
  4.64630E+06  1.06798E-10
  4.64670E+06  1.07401E-10
  4.64710E+06  1.07986E-10
  4.64750E+06  1.08368E-10
  4.64790E+06  1.08774E-10
  4.64830E+06  1.08946E-10
  4.64870E+06  1.09082E-10
  4.64910E+06  1.09128E-10
  4.64950E+06  1.08969E-10
  4.64990E+06  1.08794E-10
  4.65030E+06  1.08358E-10
  4.65070E+06  1.07896E-10
  4.65110E+06  1.07375E-10
  4.65150E+06  1.06643E-10
  4.65190E+06  1.05923E-10
  4.65230E+06  1.05000E-10
  4.65270E+06  1.04070E-10
  4.65310E+06  1.03123E-10
  4.65350E+06  1.02036E-10
  4.65390E+06  1.00997E-10
  4.65430E+06  9.98400E-11
  4.65470E+06  9.87216E-11
  4.65510E+06  9.76685E-11
  4.65550E+06  9.65207E-11
  4.65590E+06  9.54837E-11
  4.65630E+06  9.43657E-11
  4.65670E+06  9.33627E-11
  4.65710E+06  9.24562E-11
  4.65750E+06  9.15059E-11
  4.65790E+06  9.07066E-11
  4.65830E+06  8.98661E-11
  4.65870E+06  8.91414E-11
  4.65910E+06  8.85297E-11
  4.65950E+06  8.78771E-11
  4.65990E+06  8.73921E-11
  4.66030E+06  8.68455E-11
  4.66070E+06  8.64297E-11
  4.66110E+06  8.61049E-11
  4.66150E+06  8.57374E-11
  4.66190E+06  8.55297E-11
  4.66230E+06  8.52038E-11
  4.66270E+06  8.50196E-11
  4.66310E+06  8.49146E-11
  4.66350E+06  8.47144E-11
  4.66390E+06  8.46510E-11
  4.66430E+06  8.44906E-11
  4.66470E+06  8.44220E-11
  4.66510E+06  8.44171E-11
  4.66550E+06  8.42967E-11
  4.66590E+06  8.43071E-11
  4.66630E+06  8.42055E-11
  4.66670E+06  8.41775E-11
  4.66710E+06  8.42043E-11
  4.66750E+06  8.41209E-11
  4.66790E+06  8.41156E-11
  4.66830E+06  8.40207E-11
  4.66870E+06  8.39916E-11
  4.66910E+06  8.40175E-11
  4.66950E+06  8.39272E-11
  4.66990E+06  8.39280E-11
  4.67030E+06  8.38330E-11
  4.67070E+06  8.37906E-11
  4.67110E+06  8.37635E-11
  4.67150E+06  8.36646E-11
  4.67190E+06  8.36251E-11
  4.67230E+06  8.34686E-11
  4.67270E+06  8.33694E-11
  4.67310E+06  8.32887E-11
  4.67350E+06  8.31004E-11
  4.67390E+06  8.29735E-11
  4.67430E+06  8.27485E-11
  4.67470E+06  8.25237E-11
  4.67510E+06  8.23259E-11
  4.67550E+06  8.19865E-11
  4.67590E+06  8.16935E-11
  4.67630E+06  8.12762E-11
  4.67670E+06  8.08778E-11
  4.67710E+06  8.04688E-11
  4.67750E+06  7.99313E-11
  4.67790E+06  7.94618E-11
  4.67830E+06  7.88737E-11
  4.67870E+06  7.82808E-11
  4.67910E+06  7.76756E-11
  4.67950E+06  7.69624E-11
  4.67990E+06  7.63359E-11
  4.68030E+06  7.55878E-11
  4.68070E+06  7.48813E-11
  4.68110E+06  7.41822E-11
  4.68150E+06  7.34060E-11
  4.68190E+06  7.27119E-11
  4.68230E+06  7.19502E-11
  4.68270E+06  7.12496E-11
  4.68310E+06  7.06077E-11
  4.68350E+06  6.99045E-11
  4.68390E+06  6.93202E-11
  4.68430E+06  6.86575E-11
  4.68470E+06  6.80930E-11
  4.68510E+06  6.76105E-11
  4.68550E+06  6.70736E-11
  4.68590E+06  6.66102E-11
  4.68630E+06  6.61240E-11
  4.68670E+06  6.57205E-11
  4.68710E+06  6.53355E-11
  4.68750E+06  6.49245E-11
  4.68790E+06  6.45775E-11
  4.68830E+06  6.41881E-11
  4.68870E+06  6.38588E-11
  4.68910E+06  6.35230E-11
  4.68950E+06  6.31313E-11
  4.68990E+06  6.27776E-11
  4.69030E+06  6.23592E-11
  4.69070E+06  6.19590E-11
  4.69110E+06  6.15201E-11
  4.69150E+06  6.09805E-11
  4.69190E+06  6.04610E-11
  4.69230E+06  5.98347E-11
  4.69270E+06  5.92034E-11
  4.69310E+06  5.84997E-11
  4.69350E+06  5.76845E-11
  4.69390E+06  5.68300E-11
  4.69430E+06  5.58368E-11
  4.69470E+06  5.48144E-11
  4.69510E+06  5.36944E-11
  4.69550E+06  5.24334E-11
  4.69590E+06  5.11240E-11
  4.69630E+06  4.96616E-11
  4.69670E+06  4.81616E-11
  4.69710E+06  4.65619E-11
  4.69750E+06  4.48505E-11
  4.69790E+06  4.30726E-11
  4.69830E+06  4.11609E-11
  4.69870E+06  3.92449E-11
  4.69910E+06  3.72668E-11
  4.69950E+06  3.52101E-11
  4.69990E+06  3.31550E-11
  4.70030E+06  3.10526E-11
  4.70070E+06  2.89750E-11
  4.70110E+06  2.69051E-11
  4.70150E+06  2.48266E-11
  4.70190E+06  2.28258E-11
  4.70230E+06  2.08391E-11
  4.70270E+06  1.89615E-11
  4.70310E+06  1.71575E-11
  4.70350E+06  1.54059E-11
  4.70390E+06  1.37868E-11
  4.70430E+06  1.22123E-11
  4.70470E+06  1.08071E-11
  4.70510E+06  9.50550E-12
  4.70550E+06  8.28478E-12
  4.70590E+06  7.20010E-12
  4.70630E+06  6.18712E-12
  4.70670E+06  5.31240E-12
  4.70710E+06  4.53196E-12
  4.70750E+06  3.79940E-12
  4.70790E+06  3.20279E-12
  4.70830E+06  2.65942E-12
  4.70870E+06  2.21366E-12
  4.70910E+06  1.83018E-12
  4.70950E+06  1.45869E-12
  4.70990E+06  1.19226E-12
  4.71030E+06  9.48041E-13
  4.71070E+06  7.65045E-13
  4.71110E+06  6.13037E-13
  4.71150E+06  4.65686E-13
  4.71190E+06  3.68645E-13
  4.71230E+06  2.50377E-13
  4.71270E+06  1.96180E-13
  4.71310E+06  1.52607E-13
  4.71350E+06  7.61238E-14
  4.71390E+06  5.87425E-14
  4.71430E+06  1.00000E-35
  4.71470E+06  1.00000E-35
  4.71510E+06  1.00000E-35
  4.71550E+06  1.00000E-35
  4.71590E+06  1.00000E-35
  4.71630E+06  1.00000E-35
  4.71670E+06  1.00000E-35
  4.71710E+06  1.00000E-35
  4.71750E+06  1.00000E-35
  4.71790E+06  1.00000E-35
  4.71830E+06  1.00000E-35
  4.71870E+06  1.00000E-35
  4.71910E+06  1.00000E-35
  4.71950E+06  1.00000E-35
  4.71990E+06  1.00000E-35
  4.72030E+06  1.00000E-35
  4.72070E+06  1.00000E-35
  4.72110E+06  1.00000E-35
  4.72150E+06  1.00000E-35
  4.72190E+06  1.00000E-35
  4.72230E+06  1.00000E-35
  4.72270E+06  1.00000E-35
  4.72310E+06  1.00000E-35
  4.72350E+06  1.00000E-35
  4.72390E+06  1.00000E-35
  4.72430E+06  1.00000E-35
  4.72470E+06  1.00000E-35
  4.72510E+06  1.00000E-35
  4.72550E+06  1.00000E-35
  4.72590E+06  1.00000E-35
  4.72630E+06  1.00000E-35
  4.72670E+06  1.00000E-35
  4.72710E+06  1.00000E-35
  4.72750E+06  1.00000E-35
  4.72790E+06  1.00000E-35
  4.72830E+06  1.00000E-35
  4.72870E+06  1.00000E-35
  4.72910E+06  1.00000E-35
  4.72950E+06  1.00000E-35
  4.72990E+06  1.00000E-35
  4.73030E+06  1.00000E-35
  4.73070E+06  1.00000E-35
  4.73110E+06  1.00000E-35
  4.73150E+06  1.00000E-35
  4.73190E+06  1.00000E-35
  4.73230E+06  1.00000E-35
  4.73270E+06  1.00000E-35
  4.73310E+06  1.00000E-35
  4.73350E+06  1.00000E-35
  4.73390E+06  1.00000E-35
  4.73430E+06  1.00000E-35
  4.73470E+06  1.00000E-35
  4.73510E+06  1.00000E-35
  4.73550E+06  1.00000E-35
  4.73590E+06  1.00000E-35
  4.73630E+06  1.00000E-35
  4.73670E+06  1.00000E-35
  4.73710E+06  1.00000E-35
  4.73750E+06  1.00000E-35
  4.73790E+06  1.00000E-35
  4.73830E+06  1.00000E-35
  4.73870E+06  1.00000E-35
  4.73910E+06  1.00000E-35
  4.73950E+06  1.00000E-35
  4.73990E+06  1.00000E-35
  4.74030E+06  1.00000E-35
  4.74070E+06  1.00000E-35
  4.74110E+06  1.00000E-35
  4.74150E+06  1.00000E-35
  4.74190E+06  1.00000E-35
  4.74230E+06  1.00000E-35
  4.74270E+06  1.00000E-35
  4.74310E+06  1.00000E-35
  4.74350E+06  1.00000E-35
